1 -0.18000000715255737 0.0 0.0 -0.14000000059604645 0.0 0.0 -0.09000000357627869 -0.2199999988079071 0.0 0.0 0.0 0.0 0.0 0.0 -0.6600000262260437 0.0 -0.18000000715255737 0.0 0.0 -0.18000000715255737 0.0 0.0 0.0 0.0 0.0 -0.699999988079071 0.0 0.0 -0.800000011920929 0.0 0.0 -0.800000011920929 0.0 0.0 -0.18000000715255737 0.0 0.0 -0.18000000715255737 0.0 0.0 0.0 0.0 -0.699999988079071 0.0 -0.18000000715255737 0.0 0.0 -0.18000000715255737 0.0 0.0 0.0 0.0 0.0 -0.699999988079071 0.0 0.0 -0.800000011920929 0.0 0.0 -0.800000011920929 0.0 0.0 -0.09000000357627869 0.0 -0.27000001072883606 0.0 0.0 0.0 -0.18000000715255737 0.0 0.0 -0.27000001072883606 0.0 0.0 0.0 0.0 -0.2800000011920929 0.0 0.0 0.0 -0.7599999904632568 -0.7599999904632568 -0.11999999731779099 0.0 0.0 -0.5400000214576721 0.0 0.0 0.0 0.0 -0.11999999731779099 0.0 -0.11999999731779099 0.0 -0.11999999731779099 0.0 -0.11999999731779099 -0.11999999731779099 0.0 -0.6600000262260437 0.0 0.0 -0.6600000262260437 0.0 -0.27000001072883606 0.0 0.0 0.0 -0.10999999940395355 0.0 0.0 -0.23000000417232513 0.0 -0.18000000715255737 0.0 0.0 -0.18000000715255737 0.0 0.0 -0.18000000715255737 0.0 0.0 0.0 0.0 0.0 -0.30000001192092896 0.0 0.0 0.0 0.0 0.0 -0.5099999904632568 0.0 0.0 0.0 -0.2800000011920929 0.0 0.0 0.0 -0.7599999904632568 -0.7599999904632568 -0.2199999988079071 0.0 0.0 0.0 0.0 0.0 0.0 -0.6600000262260437 -0.18000000715255737 0.0 0.0 -0.09000000357627869 0.0 -0.27000001072883606 0.0 0.0 0.0 -0.27000001072883606 0.0 0.0 0.0 -0.18000000715255737 0.0 0.0 -0.09000000357627869 0.0 -0.27000001072883606 0.0 0.0 0.0 -0.27000001072883606 0.0 0.0 0.0 0.0 -0.18000000715255737 0.0 0.0 -0.18000000715255737 0.0 0.0 0.0 -0.550000011920929 -0.6200000047683716 0.0 0.0 -0.2800000011920929 0.0 0.0 0.0 -0.7599999904632568 -0.7599999904632568 -0.09000000357627869 0.0 -0.18000000715255737 0.0 0.0 0.0 0.0 -0.18000000715255737 0.0 0.0 -0.18000000715255737 0.0 0.0 0.0 -0.550000011920929 -0.6200000047683716 0.0 0.0 -0.18000000715255737 0.0 -0.18000000715255737 0.0 0.0 0.0 -0.550000011920929 -0.6200000047683716 0.0 0.0
10 -0.18000000715255737 0.0 0.0 -0.14000000059604645 -0.09000000357627869 -0.2199999988079071 0.0 0.0 0.0 -0.18000000715255737 0.0 0.0 -0.18000000715255737 0.0 0.0 0.0 -0.09000000357627869 0.0 -0.27000001072883606 0.0 0.0 0.0 -0.18000000715255737 0.0 0.0 -0.27000001072883606 0.0 0.0 0.0 0.0 0.0 0.0 -0.6600000262260437 0.0 -0.10999999940395355 0.0 0.0 -0.23000000417232513 0.0 -0.18000000715255737 0.0 0.0 -0.18000000715255737 0.0 0.0 -0.18000000715255737 0.0 0.0 0.0 0.0 0.0 -0.30000001192092896 0.0 0.0 0.0 -0.2800000011920929 0.0 0.0 0.0 -0.7599999904632568 -0.7599999904632568 -0.18000000715255737 0.0 0.0 -0.09000000357627869 0.0 -0.27000001072883606 0.0 0.0 0.0 -0.27000001072883606 0.0 0.0 0.0 0.0 -0.05000000074505806 0.0 0.0 -0.27000001072883606 0.0 0.0 0.0 -0.550000011920929 -0.15000000596046448 0.0 -0.5099999904632568 0.0 -0.09000000357627869 0.0 -0.27000001072883606 0.0 0.0 0.0 -0.27000001072883606 0.0 0.0 0.0 -0.18000000715255737 0.0 0.0 -0.18000000715255737 0.0 0.0 -0.18000000715255737 0.0 0.0 0.0 0.0 0.0 -0.30000001192092896 0.0 0.0 0.0 -0.18000000715255737 0.0 0.0 0.0 -0.11999999731779099 0.0 -0.11999999731779099 0.0 0.0 -0.5400000214576721 0.0 -0.11999999731779099 0.0 -0.11999999731779099 0.0 -0.18000000715255737 0.0 0.0 0.0 -0.11999999731779099 0.0 -0.11999999731779099 0.0 0.0 -0.5400000214576721 0.0 -0.11999999731779099 0.0 -0.11999999731779099 0.0 0.0 -0.18000000715255737 0.0 0.0 -0.27000001072883606 0.0 0.0 -0.18000000715255737 0.0 0.0 -0.2800000011920929 0.0 0.0 0.0 -0.7599999904632568 -0.7599999904632568 -0.18000000715255737 0.0 0.0 -0.27000001072883606 0.0 0.0 -0.27000001072883606 0.0 0.0 -0.27000001072883606 0.0 0.0 0.0
100 -0.10999999940395355 0.0 0.0 -0.23000000417232513 0.0 0.0 -0.18000000715255737 0.0 0.0 -0.09000000357627869 0.0 -0.27000001072883606 0.0 0.0 0.0 -0.27000001072883606 0.0 0.0 0.0 -0.18000000715255737 0.0 -0.11999999731779099 0.0 -0.11999999731779099 0.0 -0.20000000298023224 0.0 -0.14000000059604645 0.0 0.0 0.0 0.0 0.0 -0.09000000357627869 0.0 -0.27000001072883606 0.0 0.0 0.0 -0.27000001072883606 0.0 0.0 -0.18000000715255737 0.0 0.0 -0.18000000715255737 0.0 0.0 -0.18000000715255737 0.0 0.0 0.0 0.0 0.0 -0.699999988079071 0.0 0.0 -0.800000011920929 0.0 0.0 -0.800000011920929 0.0 0.0 -0.27000001072883606 0.0 0.0 0.0 0.0 0.0 0.0 -0.6600000262260437 0.0 -0.10999999940395355 0.0 0.0 0.0 -0.18000000715255737 0.0 -0.18000000715255737 0.0 0.0 0.0 0.0 0.0 -0.18000000715255737 0.0 0.0 -0.18000000715255737 0.0 0.0 -0.18000000715255737 0.0 0.0 -0.18000000715255737 0.0 0.0 0.0 -0.550000011920929 -0.6200000047683716 0.0 0.0 -0.27000001072883606 0.0 0.0 0.0 -0.18000000715255737 0.0 0.0 0.0 -0.11999999731779099 0.0 -0.11999999731779099 0.0 -0.11999999731779099 0.0 -0.11999999731779099 0.0 -0.11999999731779099 0.0 -0.18000000715255737 0.0 -0.18000000715255737 0.0 -0.18000000715255737 0.0 0.0 0.0 0.0 0.0 -0.18000000715255737 0.0 0.0 0.0 -0.11999999731779099 0.0 -0.11999999731779099 0.0 -0.27000001072883606 0.0 0.0 0.0 -0.27000001072883606 0.0 0.0 0.0 -0.18000000715255737 0.0 0.0 -0.2800000011920929 0.0 0.0 0.0 -0.7599999904632568 -0.18000000715255737 0.0 0.0 0.0 -0.550000011920929 -0.6200000047683716 0.0 0.0 -0.18000000715255737 0.0 0.0 -0.09000000357627869 0.0 -0.27000001072883606 0.0 0.0 0.0 -0.27000001072883606 0.0 0.0 0.0 -0.18000000715255737 0.0 0.0 -0.18000000715255737 0.0 0.0 0.0 -0.550000011920929 -0.6200000047683716 0.0 0.0 -0.18000000715255737 0.0 0.0 -0.2800000011920929 0.0 0.0 0.0 -0.7599999904632568 -0.7599999904632568 -0.18000000715255737 0.0 0.0 -0.14000000059604645 0.0 0.0 -0.09000000357627869 -0.2199999988079071 0.0 0.0 0.0 -0.18000000715255737 0.0 0.0 0.0 -0.550000011920929 -0.6200000047683716 0.0 0.0 -0.09000000357627869 0.0 -0.27000001072883606 0.0 0.0 0.0 -0.27000001072883606 0.0 0.0 0.0 -0.18000000715255737 0.0 0.0 -0.029999999329447746 -0.15000000596046448 0.0 -0.5099999904632568 0.0 0.0 0.0 -0.25 0.0 -0.20000000298023224 0.0 -0.27000001072883606 0.0 -0.14000000059604645 0.0 -0.18000000715255737 0.0 0.0 -0.09000000357627869 0.0 -0.27000001072883606 0.0 0.0 0.0 -0.27000001072883606 0.0 0.0 0.0 -0.18000000715255737 0.0 0.0 0.0 -0.550000011920929 -0.6200000047683716 0.0 0.0 -0.18000000715255737 0.0 0.0 -0.18000000715255737 0.0 0.0 -0.18000000715255737 0.0 -0.18000000715255737 0.0 0.0 -0.09000000357627869 0.0 -0.27000001072883606 0.0 0.0 0.0 -0.27000001072883606 0.0 0.0 0.0 0.0
101 -0.10999999940395355 0.0 0.0 -0.23000000417232513 0.0 -0.09000000357627869 0.0 -0.27000001072883606 0.0 0.0 -0.27000001072883606 0.0 0.0 0.0 -0.27000001072883606 0.0 0.0 0.0 -0.09000000357627869 0.0 -0.27000001072883606 0.0 0.0 0.0 0.0 -0.18000000715255737 0.0 0.0 -0.18000000715255737 0.0 0.0 0.0 0.0 0.0 -0.699999988079071 0.0 0.0 -0.800000011920929 0.0 0.0 -0.800000011920929 0.0 0.0 -0.18000000715255737 0.0 0.0 0.0 -0.550000011920929 -0.6200000047683716 0.0 0.0 -0.18000000715255737 0.0 0.0 0.0 -0.11999999731779099 0.0 -0.11999999731779099 0.0 -0.11999999731779099 0.0 -0.11999999731779099 0.0 -0.11999999731779099 0.0 0.0 -0.27000001072883606 0.0 0.0 0.0 -0.18000000715255737 0.0 -0.18000000715255737 0.0 0.0 0.0 -0.550000011920929 -0.6200000047683716 0.0 0.0 -0.18000000715255737 0.0 0.0 -0.09000000357627869 0.0 -0.27000001072883606 0.0 0.0 0.0 -0.27000001072883606 0.0 0.0 0.0 -0.18000000715255737 0.0 0.0 -0.18000000715255737 0.0 0.0 0.0 -0.550000011920929 -0.6200000047683716 0.0 0.0 -0.18000000715255737 0.0 0.0 -0.2800000011920929 0.0 0.0 0.0 -0.7599999904632568 -0.7599999904632568 -0.18000000715255737 0.0 0.0 -0.14000000059604645 0.0 0.0 -0.09000000357627869 -0.2199999988079071 0.0 0.0 0.0 -0.18000000715255737 0.0 0.0 0.0 -0.550000011920929 -0.6200000047683716 0.0 0.0 -0.09000000357627869 0.0 -0.27000001072883606 0.0 0.0 0.0 -0.27000001072883606 0.0 0.0 0.0 -0.18000000715255737 0.0 0.0 -0.029999999329447746 -0.15000000596046448 0.0 -0.5099999904632568 0.0 0.0 0.0 -0.25 0.0 -0.20000000298023224 -0.27000001072883606 -0.18000000715255737 0.0 0.0 -0.09000000357627869 0.0 -0.27000001072883606 0.0 0.0 0.0 -0.27000001072883606 0.0 0.0 0.0 -0.18000000715255737 0.0 0.0 0.0 -0.550000011920929 -0.6200000047683716 0.0 0.0 -0.18000000715255737 0.0 0.0 -0.18000000715255737 0.0 0.0 -0.18000000715255737 0.0 0.0 0.0 0.0 0.0 -0.30000001192092896 0.0 -0.18000000715255737 0.0 0.0 -0.09000000357627869 0.0 -0.27000001072883606 0.0 0.0 0.0 -0.27000001072883606 0.0 0.0 0.0 -0.18000000715255737 0.0 0.0 -0.11999999731779099 0.0 -0.11999999731779099 0.0 -0.11999999731779099 0.0
102 -0.2800000011920929 0.0 0.0 -0.10999999940395355 0.0 0.0 -0.23000000417232513 0.0 -0.18000000715255737 0.0 0.0 -0.18000000715255737 0.0 0.0 0.0 -0.09000000357627869 0.0 -0.27000001072883606 0.0 0.0 0.0 -0.27000001072883606 0.0 0.0 0.0 0.0 0.0 0.0 -0.18000000715255737 0.0 0.0 -0.09000000357627869 0.0 -0.27000001072883606 0.0 0.0 -0.27000001072883606 0.0 0.0 0.0 -0.27000001072883606 0.0 0.0 -0.09000000357627869 0.0 -0.27000001072883606 0.0 0.0 0.0 -0.27000001072883606 0.0 -0.18000000715255737 0.0 0.0 0.0 -0.699999988079071 0.0 0.0 -0.800000011920929 0.0 -0.800000011920929 0.0 0.0 -0.18000000715255737 0.0 0.0 0.0 -0.550000011920929 -0.18000000715255737 0.0 0.0 0.0 -0.11999999731779099 0.0 -0.11999999731779099 0.0 -0.11999999731779099 0.0 -0.11999999731779099 0.0 -0.11999999731779099 0.0 -0.27000001072883606 0.0 0.0 0.0 0.0 0.0 -0.18000000715255737 0.0 0.0 0.0 -0.550000011920929 -0.6200000047683716 0.0 0.0 -0.18000000715255737 0.0 0.0 -0.09000000357627869 0.0 -0.27000001072883606 0.0 0.0 0.0 -0.27000001072883606 0.0 0.0 0.0 -0.18000000715255737 0.0 0.0 -0.18000000715255737 0.0 0.0 0.0 -0.550000011920929 -0.6200000047683716 0.0 0.0 -0.18000000715255737 0.0 0.0 -0.2800000011920929 0.0 0.0 0.0 -0.7599999904632568 -0.7599999904632568 -0.18000000715255737 0.0 0.0 -0.14000000059604645 0.0 0.0 -0.09000000357627869 -0.2199999988079071 0.0 0.0 0.0 -0.18000000715255737 0.0 0.0 0.0 -0.550000011920929 -0.6200000047683716 0.0 0.0 -0.09000000357627869 0.0 -0.27000001072883606 0.0 0.0 0.0 -0.27000001072883606 0.0 0.0 0.0 -0.18000000715255737 0.0 0.0 -0.029999999329447746 -0.15000000596046448 0.0 -0.5099999904632568 0.0 0.0 0.0 -0.25 0.0 -0.20000000298023224 0.0 -0.27000001072883606 0.0 -0.14000000059604645 0.0 -0.18000000715255737 0.0 0.0 -0.09000000357627869 0.0 -0.27000001072883606 0.0 0.0 0.0 -0.27000001072883606 0.0 0.0 0.0 -0.18000000715255737 0.0 0.0 0.0 -0.550000011920929 -0.6200000047683716 0.0 0.0 -0.18000000715255737 0.0 0.0 -0.18000000715255737 0.0 0.0 -0.18000000715255737 0.0 0.0 0.0 0.0 0.0 -0.30000001192092896 0.0 0.0 0.0 -0.18000000715255737 0.0 0.0 -0.09000000357627869 0.0 -0.27000001072883606 0.0 0.0 0.0 -0.27000001072883606 0.0 0.0 0.0 0.0 -0.18000000715255737 0.0 0.0 0.0 -0.11999999731779099 -0.11999999731779099 -0.11999999731779099 0.0 -0.11999999731779099 0.0 -0.11999999731779099 0.0 -0.27000001072883606 0.0 0.0
103 -0.23000000417232513 0.0 0.0 -0.27000001072883606 0.0 0.0 0.0 0.0 -0.27000001072883606 0.0 0.0 0.0 -0.2800000011920929 0.0 0.0 0.0 -0.7599999904632568 -0.7599999904632568 -0.10999999940395355 0.0 0.0 -0.23000000417232513 0.0 -0.18000000715255737 0.0 0.0 -0.18000000715255737 0.0 0.0 0.0 -0.550000011920929 -0.6200000047683716 0.0 0.0 0.0 -0.18000000715255737 0.0 0.0 -0.029999999329447746 -0.15000000596046448 0.0 -0.5099999904632568 0.0 0.0 0.0 -0.25 0.0 -0.20000000298023224 0.0 -0.27000001072883606 -0.18000000715255737 0.0 0.0 -0.09000000357627869 0.0 -0.27000001072883606 0.0 0.0 0.0 -0.27000001072883606 0.0 0.0 0.0 0.0 -0.11999999731779099 0.0 -0.11999999731779099 0.0 0.0 0.0 0.0 0.0 0.0 0.0 0.0 -0.18000000715255737 0.0 0.0 -0.18000000715255737 0.0 0.0 -0.029999999329447746 -0.15000000596046448 0.0 -0.5099999904632568 0.0 0.0 0.0 -0.25 0.0 -0.20000000298023224 0.0 -0.27000001072883606 0.0 -0.14000000059604645 0.0 -0.09000000357627869 0.0 -0.27000001072883606 0.0 0.0 0.0 -0.27000001072883606 0.0 0.0 0.0 -0.09000000357627869 0.0 -0.27000001072883606 0.0 0.0 0.0 -0.27000001072883606 0.0 0.0 0.0 -0.18000000715255737 0.0 0.0 -0.09000000357627869 0.0 -0.27000001072883606 0.0 0.0 0.0 -0.27000001072883606 0.0 0.0 0.0 -0.18000000715255737 0.0 0.0 0.0 0.0 0.0 -0.18000000715255737 0.0 0.0 -0.09000000357627869 0.0 -0.27000001072883606 0.0 0.0 0.0 -0.27000001072883606 0.0 0.0 0.0 -0.18000000715255737 0.0 0.0 0.0 -0.11999999731779099 0.0 -0.11999999731779099 0.0 -0.18000000715255737 0.0 0.0 -0.029999999329447746 0.0 -0.25 0.0 -0.20000000298023224 0.0 -0.18000000715255737 0.0 0.0 0.0 0.0 -0.11999999731779099 0.0 -0.11999999731779099 0.0 -0.18000000715255737 0.0 0.0 -0.6200000047683716 0.0 0.0 -0.27000001072883606 0.0 0.0 0.0 -0.18000000715255737 0.0 0.0 -0.09000000357627869 0.0 -0.27000001072883606 0.0 0.0 0.0 -0.27000001072883606 0.0 0.0 0.0 -0.09000000357627869 0.0 -0.27000001072883606 0.0 0.0 0.0 -0.27000001072883606 0.0 0.0 0.0 -0.18000000715255737 0.0 0.0 0.0 -0.699999988079071 0.0 0.0 -0.800000011920929 0.0 0.0 -0.18000000715255737 0.0 0.0 0.0 -0.550000011920929 -0.6200000047683716 0.0 -0.27000001072883606 -0.18000000715255737 0.0 0.0 0.0 -0.11999999731779099 0.0 -0.11999999731779099 0.0 -0.11999999731779099 0.0 -0.11999999731779099 0.0 -0.11999999731779099 0.0 -0.09000000357627869 0.0 -0.27000001072883606 0.0 0.0 -0.18000000715255737 0.0 0.0 -0.27000001072883606 0.0 0.0 0.0 -0.18000000715255737 0.0 0.0 0.0 -0.11999999731779099 0.0 -0.11999999731779099 0.0 -0.11999999731779099 0.0 -0.11999999731779099 0.0 -0.11999999731779099 0.0 -0.27000001072883606 0.0 0.0 0.0 -0.27000001072883606 0.0 0.0 0.0 -0.18000000715255737 0.0 0.0 -0.2800000011920929 0.0 0.0 0.0 -0.7599999904632568 -0.7599999904632568 -0.18000000715255737 0.0 0.0 0.0 -0.550000011920929 -0.6200000047683716 0.0 0.0 -0.18000000715255737 0.0 -0.09000000357627869 0.0 -0.27000001072883606 0.0 0.0 -0.18000000715255737 0.0 0.0 -0.18000000715255737 0.0 0.0 0.0 -0.550000011920929 -0.18000000715255737 0.0 0.0 -0.2800000011920929 0.0 0.0 0.0 -0.7599999904632568 -0.7599999904632568 -0.18000000715255737 0.0 0.0 -0.14000000059604645 0.0 0.0 -0.09000000357627869 -0.2199999988079071 0.0 0.0 0.0 -0.18000000715255737 0.0 0.0 0.0 -0.550000011920929 -0.6200000047683716 0.0 0.0 -0.09000000357627869 0.0 -0.27000001072883606 0.0 0.0 0.0 -0.27000001072883606 0.0 0.0 0.0 -0.18000000715255737 0.0 0.0 -0.029999999329447746 -0.15000000596046448 0.0 -0.5099999904632568 0.0 0.0 0.0 -0.25 0.0 -0.20000000298023224 0.0 -0.27000001072883606 0.0 -0.14000000059604645 0.0 -0.18000000715255737 0.0 0.0 -0.09000000357627869 0.0 -0.27000001072883606 0.0 0.0 0.0 -0.27000001072883606 0.0 0.0 0.0 -0.18000000715255737 0.0 0.0 0.0 -0.550000011920929 -0.6200000047683716 0.0 0.0 -0.18000000715255737 0.0 0.0 -0.18000000715255737 0.0 0.0 -0.18000000715255737 0.0 0.0 0.0 0.0 0.0 -0.30000001192092896 0.0 0.0 0.0 -0.18000000715255737 0.0 0.0 -0.09000000357627869 0.0 -0.27000001072883606 0.0 0.0 0.0 -0.27000001072883606 0.0 0.0 0.0 0.0 -0.18000000715255737 0.0 0.0 0.0 -0.11999999731779099 -0.11999999731779099 -0.11999999731779099 0.0 -0.11999999731779099 0.0 -0.27000001072883606 0.0 0.0 0.0 -0.09000000357627869 0.0 -0.27000001072883606 0.0 0.0 0.0
104 -0.10999999940395355 0.0 0.0 -0.23000000417232513 0.0 -0.18000000715255737 0.0 -0.09000000357627869 0.0 -0.27000001072883606 0.0 0.0 0.0 -0.27000001072883606 0.0 0.0 0.0 0.0 0.0 -0.18000000715255737 0.0 0.0 -0.09000000357627869 0.0 -0.27000001072883606 0.0 0.0 -0.27000001072883606 0.0 0.0 0.0 0.0 -0.27000001072883606 0.0 0.0 -0.27000001072883606 0.0 0.0 0.0 0.0 -0.09000000357627869 -0.27000001072883606 0.0 0.0 0.0 -0.27000001072883606 0.0 0.0 0.0 0.0 0.0 -0.6600000262260437 -0.09000000357627869 0.0 -0.27000001072883606 0.0 0.0 0.0 -0.27000001072883606 0.0 0.0 0.0 -0.18000000715255737 0.0 0.0 -0.2800000011920929 0.0 0.0 0.0 -0.7599999904632568 -0.7599999904632568 -0.18000000715255737 0.0 0.0 -0.18000000715255737 0.0 0.0 0.0 0.0 0.0 -0.699999988079071 0.0 0.0 -0.800000011920929 0.0 0.0 -0.800000011920929 0.0 0.0 -0.27000001072883606 0.0 0.0 0.0 0.0 0.0 -0.6600000262260437 -0.7599999904632568 0.0 0.0 -0.18000000715255737 0.0 0.0 0.0 -0.550000011920929 -0.6200000047683716 -0.27000001072883606 0.0 0.0 0.0 -0.18000000715255737 0.0 0.0 0.0 -0.11999999731779099 0.0 -0.11999999731779099 0.0 -0.11999999731779099 0.0 -0.11999999731779099 0.0 -0.11999999731779099 0.0 -0.18000000715255737 0.0 0.0 -0.18000000715255737 0.0 0.0 -0.18000000715255737 0.0 0.0 0.0 0.0 0.0 -0.30000001192092896 0.0 0.0 -0.09000000357627869 0.0 -0.27000001072883606 0.0 0.0 0.0 -0.18000000715255737 0.0 0.0 -0.27000001072883606 0.0 0.0 0.0 0.0 -0.550000011920929 -0.6200000047683716 0.0 0.0 0.0 -0.11999999731779099 0.0 -0.18000000715255737 0.0 0.0 0.0 -0.11999999731779099 -0.11999999731779099 0.0 -0.11999999731779099 0.0 -0.27000001072883606 0.0 0.0 -0.27000001072883606 0.0 0.0 0.0 -0.550000011920929 -0.18000000715255737 0.0 0.0 -0.09000000357627869 0.0 -0.27000001072883606 0.0 0.0 0.0 -0.27000001072883606 0.0 0.0 0.0 -0.18000000715255737 0.0 0.0 0.0 -0.550000011920929 -0.18000000715255737 0.0 0.0 -0.2800000011920929 0.0 0.0 0.0 -0.7599999904632568 -0.18000000715255737 0.0 0.0 -0.14000000059604645 0.0 0.0 -0.09000000357627869 -0.2199999988079071 0.0 0.0 0.0 -0.18000000715255737 0.0 0.0 0.0 -0.550000011920929 -0.6200000047683716 0.0 0.0 -0.09000000357627869 0.0 -0.27000001072883606 0.0 0.0 0.0 -0.27000001072883606 0.0 0.0 0.0 -0.18000000715255737 0.0 0.0 -0.029999999329447746 -0.15000000596046448 0.0 -0.5099999904632568 0.0 0.0 0.0 -0.25 0.0 -0.20000000298023224 0.0 -0.27000001072883606 0.0 -0.14000000059604645 0.0 -0.18000000715255737 0.0 0.0 -0.09000000357627869 0.0 -0.27000001072883606 0.0 0.0 0.0 -0.27000001072883606 0.0 0.0 0.0 -0.18000000715255737 0.0 0.0 0.0 -0.550000011920929 -0.6200000047683716 0.0 0.0 -0.18000000715255737 0.0 0.0 -0.18000000715255737 0.0 0.0 -0.18000000715255737 0.0 0.0 0.0 0.0 0.0 -0.30000001192092896 0.0 -0.18000000715255737 0.0 0.0 -0.09000000357627869 0.0 -0.27000001072883606 0.0 0.0 0.0 -0.27000001072883606 0.0 0.0 0.0 0.0 -0.18000000715255737 0.0 0.0 0.0 -0.11999999731779099 0.0 -0.11999999731779099 0.0 -0.11999999731779099 0.0 -0.11999999731779099 0.0 -0.11999999731779099 0.0 -0.27000001072883606 0.0 0.0 0.0 -0.09000000357627869 0.0 -0.27000001072883606 0.0 0.0 0.0 -0.27000001072883606 0.0 0.0 0.0 0.0 -0.6600000262260437 0.0 -0.27000001072883606 0.0 0.0 0.0
105 -0.2800000011920929 0.0 0.0 0.0 -0.10999999940395355 0.0 0.0 -0.23000000417232513 0.0 0.0 0.0 -0.18000000715255737 0.0 0.0 -0.09000000357627869 0.0 -0.27000001072883606 0.0 0.0 0.0 -0.27000001072883606 0.0 0.0 0.0 0.0 0.0 -0.27000001072883606 0.0 0.0 0.0 -0.09000000357627869 0.0 -0.27000001072883606 0.0 0.0 0.0 -0.27000001072883606 0.0 0.0 0.0 -0.18000000715255737 0.0 0.0 0.0 0.0 0.0 -0.699999988079071 0.0 0.0 -0.800000011920929 0.0 0.0 -0.800000011920929 0.0 0.0 -0.18000000715255737 0.0 0.0 0.0 -0.11999999731779099 0.0 -0.11999999731779099 0.0 -0.11999999731779099 0.0 -0.11999999731779099 0.0 -0.11999999731779099 0.0 0.0 0.0 -0.27000001072883606 0.0 0.0 0.0 0.0 0.0 0.0 -0.18000000715255737 0.0 0.0 -0.18000000715255737 0.0 -0.550000011920929 -0.6200000047683716 0.0 -0.18000000715255737 0.0 0.0 -0.18000000715255737 0.0 0.0 -0.14000000059604645 0.0 0.0 -0.09000000357627869 -0.2199999988079071 0.0 0.0 0.0 -0.18000000715255737 0.0 0.0 0.0 -0.550000011920929 -0.6200000047683716 0.0 0.0 -0.09000000357627869 0.0 -0.27000001072883606 0.0 0.0 0.0 -0.27000001072883606 0.0 0.0 0.0 -0.18000000715255737 0.0 0.0 -0.029999999329447746 -0.15000000596046448 0.0 -0.5099999904632568 0.0 0.0 0.0 -0.25 0.0 -0.20000000298023224 0.0 -0.27000001072883606 -0.14000000059604645 -0.18000000715255737 0.0 0.0 -0.09000000357627869 0.0 -0.27000001072883606 0.0 0.0 0.0 -0.27000001072883606 0.0 0.0 0.0 -0.18000000715255737 0.0 0.0 0.0 -0.550000011920929 -0.6200000047683716 0.0 0.0 -0.18000000715255737 0.0 0.0 -0.18000000715255737 0.0 0.0 -0.18000000715255737 0.0 0.0 0.0 0.0 0.0 -0.30000001192092896 0.0 0.0 0.0 -0.18000000715255737 0.0 0.0 -0.09000000357627869 0.0 -0.27000001072883606 0.0 0.0 0.0 -0.27000001072883606 0.0 0.0 0.0 0.0 -0.18000000715255737 0.0 0.0 0.0 -0.11999999731779099 0.0 -0.11999999731779099 0.0 -0.11999999731779099 0.0 -0.11999999731779099 0.0 -0.11999999731779099 0.0 -0.27000001072883606 0.0 0.0 0.0 -0.09000000357627869 0.0 -0.27000001072883606 0.0 0.0 0.0 -0.27000001072883606 0.0 0.0 0.0 0.0 0.0 -0.6600000262260437 0.0 -0.27000001072883606 0.0 0.0 0.0 -0.05000000074505806 0.0 0.0 0.0 0.0 0.0
106 -0.05000000074505806 0.0 0.0 0.0 0.0 -0.5099999904632568 0.0 -0.5099999904632568 0.0 0.0 -0.27000001072883606 0.0 0.0 0.0 -0.2800000011920929 0.0 0.0 0.0 -0.7599999904632568 -0.7599999904632568 -0.10999999940395355 0.0 0.0 -0.23000000417232513 0.0 -0.18000000715255737 0.0 0.0 -0.18000000715255737 0.0 0.0 0.0 -0.09000000357627869 0.0 -0.27000001072883606 0.0 0.0 0.0 -0.27000001072883606 0.0 0.0 -0.09000000357627869 0.0 -0.27000001072883606 0.0 0.0 0.0 -0.27000001072883606 0.0 0.0 -0.18000000715255737 0.0 0.0 -0.09000000357627869 0.0 -0.27000001072883606 0.0 0.0 0.0 -0.27000001072883606 0.0 0.0 0.0 -0.18000000715255737 0.0 0.0 0.0 0.0 0.0 0.0 -0.6600000262260437 0.0 -0.18000000715255737 0.0 0.0 -0.09000000357627869 0.0 -0.27000001072883606 0.0 0.0 0.0 -0.27000001072883606 0.0 0.0 0.0 -0.18000000715255737 0.0 0.0 -0.09000000357627869 0.0 -0.27000001072883606 0.0 0.0 0.0 -0.27000001072883606 0.0 0.0 0.0 -0.09000000357627869 0.0 -0.27000001072883606 0.0 0.0 0.0 -0.27000001072883606 0.0 0.0 0.0 0.0 0.0 0.0 0.0 -0.11999999731779099 0.0 -0.11999999731779099 0.0 -0.11999999731779099 0.0 -0.11999999731779099 0.0 -0.11999999731779099 0.0 0.0 0.0 -0.18000000715255737 0.0 -0.27000001072883606 0.0 0.0 0.0 0.0 -0.18000000715255737 0.0 -0.2800000011920929 0.0 -0.18000000715255737 0.0 -0.14000000059604645 0.0 0.0 0.0 -0.18000000715255737 0.0 0.0 0.0 -0.550000011920929 -0.6200000047683716 0.0 -0.09000000357627869 0.0 -0.27000001072883606 0.0 0.0 0.0 -0.27000001072883606 0.0 0.0 0.0 -0.18000000715255737 0.0 0.0 -0.029999999329447746 -0.15000000596046448 0.0 -0.5099999904632568 0.0 0.0 0.0 -0.25 0.0 -0.20000000298023224 0.0 -0.27000001072883606 0.0 -0.14000000059604645 0.0 -0.18000000715255737 0.0 0.0 -0.09000000357627869 0.0 -0.27000001072883606 0.0 0.0 0.0 -0.27000001072883606 0.0 0.0 0.0 -0.18000000715255737 0.0 0.0 0.0 -0.550000011920929 -0.6200000047683716 0.0 0.0 -0.18000000715255737 0.0 0.0 -0.18000000715255737 0.0 0.0 -0.18000000715255737 0.0 0.0 0.0 0.0 0.0 -0.30000001192092896 0.0 0.0 0.0 -0.18000000715255737 0.0 0.0 -0.09000000357627869 0.0 -0.27000001072883606 0.0 0.0 0.0 -0.27000001072883606 0.0 0.0 0.0 0.0 -0.18000000715255737 0.0 0.0 0.0 -0.11999999731779099 0.0 -0.11999999731779099 0.0 -0.11999999731779099 0.0 -0.11999999731779099 0.0 -0.11999999731779099 0.0 -0.27000001072883606 0.0 0.0 0.0 -0.09000000357627869 0.0 -0.27000001072883606 0.0 0.0 0.0 -0.27000001072883606 0.0 0.0 0.0 0.0 0.0 -0.6600000262260437 0.0 -0.27000001072883606 0.0 0.0 0.0 -0.05000000074505806 0.0 0.0 0.0 0.0 0.0 -0.5099999904632568 0.0
107 0.0 -0.2800000011920929 0.0 0.0 0.0 -0.7599999904632568 -0.7599999904632568 -0.10999999940395355 0.0 0.0 -0.23000000417232513 0.0 0.0 0.0 -0.18000000715255737 0.0 0.0 -0.09000000357627869 0.0 -0.27000001072883606 0.0 0.0 0.0 -0.27000001072883606 0.0 0.0 0.0 0.0 0.0 0.0 -0.09000000357627869 0.0 -0.27000001072883606 0.0 0.0 0.0 -0.27000001072883606 0.0 0.0 0.0 -0.09000000357627869 0.0 -0.27000001072883606 0.0 0.0 -0.18000000715255737 0.0 0.0 -0.09000000357627869 0.0 -0.27000001072883606 0.0 0.0 0.0 -0.27000001072883606 0.0 0.0 0.0 -0.18000000715255737 0.0 0.0 0.0 0.0 0.0 0.0 -0.6600000262260437 0.0 0.0 0.0 0.0 -0.6600000262260437 -0.18000000715255737 0.0 0.0 -0.09000000357627869 0.0 -0.27000001072883606 0.0 0.0 0.0 -0.27000001072883606 0.0 0.0 0.0 -0.18000000715255737 0.0 0.0 -0.11999999731779099 0.0 -0.11999999731779099 0.0 -0.18000000715255737 0.0 0.0 -0.25 0.0 -0.20000000298023224 0.0 -0.14000000059604645 -0.09000000357627869 0.0 -0.27000001072883606 0.0 0.0 0.0 -0.27000001072883606 0.0 0.0 0.0 -0.550000011920929 -0.18000000715255737 0.0 0.0 -0.09000000357627869 0.0 -0.27000001072883606 0.0 0.0 0.0 -0.27000001072883606 0.0 0.0 0.0 -0.18000000715255737 0.0 0.0 0.0 -0.11999999731779099 0.0 -0.11999999731779099 0.0 -0.11999999731779099 -0.11999999731779099 0.0 -0.11999999731779099 0.0 0.0 0.0 -0.6600000262260437 -0.27000001072883606 0.0 0.0 -0.09000000357627869 0.0 -0.27000001072883606 0.0 0.0 0.0 -0.27000001072883606 0.0 0.0 0.0 -0.18000000715255737 0.0 0.0 -0.2800000011920929 0.0 0.0 -0.18000000715255737 -0.18000000715255737 0.0 0.0 0.0 0.0 -0.18000000715255737 0.0 0.0 0.0 -0.11999999731779099 0.0 -0.11999999731779099 0.0 -0.11999999731779099 0.0 -0.11999999731779099 0.0 -0.11999999731779099 0.0 -0.18000000715255737 0.0 0.0 -0.18000000715255737 0.0 0.0 -0.09000000357627869 0.0 -0.27000001072883606 0.0 0.0 0.0 -0.18000000715255737 0.0 0.0 -0.27000001072883606 0.0 0.0 0.0 -0.6200000047683716 -0.18000000715255737 0.0 0.0 0.0 -0.11999999731779099 0.0 -0.11999999731779099 0.0 -0.18000000715255737 0.0 0.0 0.0 -0.11999999731779099 0.0 -0.11999999731779099 0.0 -0.11999999731779099 0.0 -0.11999999731779099 0.0 -0.11999999731779099 0.0 -0.27000001072883606 0.0 0.0 0.0 -0.18000000715255737 0.0 -0.18000000715255737 0.0 0.0 -0.14000000059604645 0.0 0.0 -0.09000000357627869 -0.2199999988079071 0.0 0.0 -0.18000000715255737 0.0 0.0 -0.550000011920929 -0.09000000357627869 0.0 -0.27000001072883606 0.0 0.0 0.0 -0.27000001072883606 0.0 0.0 0.0 -0.18000000715255737 0.0 0.0 -0.029999999329447746 -0.15000000596046448 0.0 -0.5099999904632568 0.0 0.0 0.0 -0.25 0.0 -0.20000000298023224 0.0 -0.27000001072883606 0.0 -0.14000000059604645 0.0 -0.18000000715255737 0.0 0.0 -0.09000000357627869 0.0 -0.27000001072883606 0.0 0.0 0.0 -0.27000001072883606 0.0 0.0 0.0 -0.18000000715255737 0.0 0.0 0.0 -0.550000011920929 -0.6200000047683716 0.0 0.0 -0.18000000715255737 0.0 0.0 -0.18000000715255737 0.0 0.0 -0.18000000715255737 0.0 0.0 0.0 0.0 0.0 -0.30000001192092896 0.0 0.0 0.0 -0.18000000715255737 0.0 0.0 -0.09000000357627869 0.0 -0.27000001072883606 0.0 0.0 0.0 -0.27000001072883606 0.0 0.0 0.0 0.0 -0.18000000715255737 0.0 0.0 0.0 -0.11999999731779099 0.0 -0.11999999731779099 0.0 -0.11999999731779099 0.0 -0.11999999731779099 0.0 -0.11999999731779099 0.0 -0.27000001072883606 0.0 0.0 0.0 -0.09000000357627869 0.0 -0.27000001072883606 0.0 0.0 0.0 -0.27000001072883606 0.0 0.0 0.0 0.0 0.0 -0.6600000262260437 0.0 -0.27000001072883606 0.0 0.0 0.0 -0.05000000074505806 0.0 0.0 0.0 0.0 0.0
108 0.0 0.0 -0.10999999940395355 0.0 0.0 -0.23000000417232513 0.0 -0.18000000715255737 0.0 0.0 -0.09000000357627869 0.0 -0.27000001072883606 0.0 0.0 0.0 -0.27000001072883606 0.0 0.0 0.0 0.0 0.0 0.0 -0.6600000262260437 0.0 0.0 -0.27000001072883606 0.0 0.0 -0.27000001072883606 0.0 0.0 -0.18000000715255737 0.0 0.0 -0.09000000357627869 0.0 -0.27000001072883606 0.0 0.0 0.0 -0.27000001072883606 0.0 0.0 0.0 -0.18000000715255737 0.0 0.0 0.0 0.0 0.0 -0.6600000262260437 0.0 -0.27000001072883606 0.0 0.0 0.0 -0.09000000357627869 0.0 -0.27000001072883606 0.0 0.0 0.0 -0.27000001072883606 0.0 0.0 0.0 -0.18000000715255737 0.0 -0.2800000011920929 0.0 0.0 0.0 -0.18000000715255737 0.0 0.0 0.0 -0.11999999731779099 -0.11999999731779099 0.0 -0.11999999731779099 0.0 -0.11999999731779099 0.0 -0.11999999731779099 0.0 -0.09000000357627869 -0.27000001072883606 0.0 0.0 0.0 -0.18000000715255737 0.0 0.0 -0.27000001072883606 0.0 0.0 0.0 0.0 -0.18000000715255737 0.0 -0.09000000357627869 0.0 -0.27000001072883606 0.0 0.0 -0.18000000715255737 0.0 0.0 -0.029999999329447746 -0.15000000596046448 0.0 0.0 0.0 -0.25 0.0 -0.20000000298023224 0.0 -0.18000000715255737 0.0 0.0 -0.09000000357627869 0.0 -0.27000001072883606 0.0 0.0 0.0 -0.27000001072883606 0.0 0.0 0.0 -0.18000000715255737 0.0 0.0 0.0 -0.550000011920929 -0.6200000047683716 0.0 0.0 -0.18000000715255737 0.0 0.0 -0.18000000715255737 0.0 0.0 -0.18000000715255737 0.0 0.0 0.0 0.0 0.0 -0.30000001192092896 0.0 0.0 -0.18000000715255737 0.0 0.0 -0.09000000357627869 0.0 -0.27000001072883606 0.0 0.0 0.0 -0.27000001072883606 0.0 0.0 0.0 0.0 -0.18000000715255737 0.0 0.0 0.0 -0.11999999731779099 0.0 -0.11999999731779099 0.0 -0.11999999731779099 0.0 -0.11999999731779099 0.0 -0.11999999731779099 0.0 -0.27000001072883606 0.0 0.0 0.0 -0.09000000357627869 0.0 -0.27000001072883606 0.0 0.0 0.0 -0.27000001072883606 0.0 0.0 0.0 0.0 0.0 -0.6600000262260437 0.0 -0.27000001072883606 0.0 0.0 0.0 -0.05000000074505806 0.0 0.0 0.0 0.0 0.0 -0.5099999904632568 0.0 -0.5099999904632568 0.0 0.0 0.0
109 -0.2800000011920929 0.0 0.0 0.0 -0.7599999904632568 -0.7599999904632568 -0.10999999940395355 0.0 0.0 -0.23000000417232513 0.0 -0.18000000715255737 0.0 0.0 -0.09000000357627869 0.0 -0.27000001072883606 0.0 0.0 0.0 -0.27000001072883606 0.0 0.0 0.0 0.0 0.0 0.0 0.0 -0.6600000262260437 0.0 0.0 0.0 -0.18000000715255737 0.0 0.0 -0.09000000357627869 0.0 -0.27000001072883606 0.0 0.0 0.0 -0.27000001072883606 0.0 0.0 -0.6600000262260437 0.0 -0.09000000357627869 0.0 -0.27000001072883606 0.0 0.0 0.0 -0.27000001072883606 0.0 0.0 0.0 0.0 -0.18000000715255737 0.0 -0.09000000357627869 0.0 -0.27000001072883606 0.0 0.0 0.0 -0.27000001072883606 0.0 0.0 0.0 -0.18000000715255737 0.0 0.0 -0.25 0.0 0.0 -0.18000000715255737 0.0 0.0 -0.09000000357627869 0.0 0.0 -0.27000001072883606 0.0 0.0 0.0 -0.18000000715255737 0.0 0.0 0.0 -0.550000011920929 -0.6200000047683716 0.0 0.0 -0.18000000715255737 0.0 0.0 -0.18000000715255737 0.0 0.0 -0.18000000715255737 0.0 0.0 0.0 0.0 0.0 -0.30000001192092896 0.0 0.0 0.0 -0.18000000715255737 0.0 0.0 -0.09000000357627869 0.0 -0.27000001072883606 0.0 0.0 0.0 -0.27000001072883606 0.0 0.0 0.0 0.0 -0.18000000715255737 0.0 0.0 0.0 -0.11999999731779099 0.0 -0.11999999731779099 0.0 -0.11999999731779099 0.0 -0.11999999731779099 0.0 -0.11999999731779099 0.0 -0.27000001072883606 0.0 0.0 0.0 -0.09000000357627869 0.0 -0.27000001072883606 0.0 0.0 0.0 -0.27000001072883606 0.0 0.0 0.0 0.0 0.0 -0.6600000262260437 0.0 -0.27000001072883606 0.0 0.0 0.0 -0.05000000074505806 0.0 0.0 0.0 0.0 0.0 -0.5099999904632568 0.0 -0.5099999904632568 0.0 0.0 0.0 -0.18000000715255737 0.0 0.0 -0.18000000715255737 0.0 0.0 -0.18000000715255737 0.0 0.0 -0.2800000011920929 0.0 0.0 0.0 -0.7599999904632568 -0.7599999904632568
11 -0.18000000715255737 0.0 0.0 -0.18000000715255737 0.0 0.0 0.0 0.0 0.0 -0.699999988079071 0.0 -0.800000011920929 0.0 0.0 -0.18000000715255737 0.0 -0.18000000715255737 0.0 0.0 -0.18000000715255737 0.0 0.0 -0.09000000357627869 0.0 -0.27000001072883606 0.0 0.0 0.0 -0.18000000715255737 0.0 0.0 -0.27000001072883606 0.0 0.0 0.0 0.0 0.0 0.0 -0.6600000262260437 0.0 -0.10999999940395355 0.0 0.0 -0.23000000417232513 0.0 -0.18000000715255737 0.0 0.0 -0.18000000715255737 0.0 0.0 -0.18000000715255737 0.0 0.0 0.0 0.0 0.0 -0.30000001192092896 0.0 -0.2800000011920929 0.0 0.0 0.0 -0.7599999904632568 -0.7599999904632568 -0.18000000715255737 0.0 0.0 -0.09000000357627869 0.0 -0.27000001072883606 0.0 0.0 0.0 -0.27000001072883606 0.0 0.0 0.0 0.0 -0.05000000074505806 0.0 0.0 0.0 0.0 0.0 -0.5099999904632568 -0.5099999904632568 0.0 0.0 -0.27000001072883606 0.0 0.0 0.0 -0.2800000011920929 0.0 0.0 -0.7599999904632568 -0.7599999904632568 -0.10999999940395355 0.0 -0.18000000715255737 0.0 0.0 -0.18000000715255737 0.0 0.0 0.0 -0.550000011920929 -0.6200000047683716 0.0 0.0 -0.18000000715255737 0.0 0.0 -0.029999999329447746 -0.15000000596046448 0.0 -0.5099999904632568 0.0 0.0 0.0 -0.25 -0.27000001072883606 0.0 -0.14000000059604645 -0.09000000357627869 0.0 -0.27000001072883606 0.0 0.0 0.0 -0.27000001072883606 0.0 -0.09000000357627869 0.0 -0.27000001072883606 0.0 0.0 0.0 -0.27000001072883606 0.0 0.0 0.0 -0.18000000715255737 0.0 0.0 -0.09000000357627869 0.0 -0.27000001072883606 0.0 0.0 0.0 -0.27000001072883606 -0.18000000715255737 0.0 0.0 -0.18000000715255737 0.0 0.0 -0.18000000715255737 0.0 0.0 0.0 0.0 0.0 -0.30000001192092896 0.0 0.0 0.0 0.0 0.0 0.0 0.0 -0.6600000262260437 0.0 -0.18000000715255737 0.0 0.0 -0.09000000357627869 0.0 -0.27000001072883606 0.0 0.0 0.0 -0.18000000715255737 0.0 0.0 0.0 -0.11999999731779099 0.0 -0.11999999731779099 0.0 0.0 -0.5400000214576721 0.0 -0.11999999731779099 0.0 -0.11999999731779099 0.0 -0.18000000715255737 0.0 0.0 -0.029999999329447746 -0.15000000596046448 0.0 -0.25 0.0 -0.20000000298023224 0.0 -0.18000000715255737 0.0 0.0 0.0 -0.11999999731779099 0.0 -0.11999999731779099 0.0 0.0 -0.5400000214576721 0.0 -0.11999999731779099 0.0 -0.11999999731779099 0.0 -0.18000000715255737 0.0 -0.18000000715255737 0.0 0.0 -0.27000001072883606 0.0 0.0 0.0 -0.18000000715255737 0.0 0.0 -0.18000000715255737 0.0 0.0 -0.27000001072883606 0.0 0.0 0.0 0.0 -0.18000000715255737 0.0 0.0 0.0 -0.11999999731779099 0.0 -0.11999999731779099 -0.11999999731779099 -0.11999999731779099 0.0 -0.11999999731779099 0.0 -0.20000000298023224 0.0 0.0 -0.14000000059604645 0.0 -0.09000000357627869 0.0 -0.27000001072883606 0.0 0.0 0.0 -0.27000001072883606 0.0 0.0 0.0
110 0.0 -0.2800000011920929 0.0 0.0 0.0 -0.7599999904632568 -0.7599999904632568 -0.10999999940395355 0.0 0.0 -0.23000000417232513 0.0 0.0 0.0 -0.18000000715255737 0.0 0.0 -0.09000000357627869 0.0 -0.27000001072883606 0.0 0.0 0.0 -0.27000001072883606 0.0 0.0 0.0 -0.18000000715255737 0.0 0.0 -0.18000000715255737 0.0 0.0 0.0 0.0 0.0 0.0 -0.6600000262260437 0.0 0.0 0.0 0.0 -0.6600000262260437 0.0 -0.18000000715255737 0.0 0.0 -0.09000000357627869 0.0 -0.27000001072883606 0.0 0.0 0.0 -0.27000001072883606 0.0 0.0 0.0 0.0 -0.11999999731779099 0.0 -0.11999999731779099 0.0 -0.09000000357627869 -0.27000001072883606 0.0 0.0 0.0 -0.27000001072883606 0.0 -0.18000000715255737 0.0 0.0 0.0 -0.550000011920929 -0.6200000047683716 0.0 0.0 -0.18000000715255737 0.0 0.0 -0.09000000357627869 0.0 -0.27000001072883606 0.0 0.0 0.0 -0.27000001072883606 0.0 0.0 0.0 0.0 0.0 0.0 -0.6600000262260437 0.0 -0.2800000011920929 0.0 0.0 -0.7599999904632568 -0.18000000715255737 0.0 0.0 0.0 -0.11999999731779099 -0.11999999731779099 0.0 -0.11999999731779099 0.0 0.0 -0.09000000357627869 0.0 -0.27000001072883606 0.0 0.0 0.0 -0.27000001072883606 0.0 0.0 0.0 0.0 0.0 -0.11999999731779099 0.0 -0.09000000357627869 0.0 -0.27000001072883606 0.0 0.0 0.0 -0.18000000715255737 0.0 0.0 -0.27000001072883606 0.0 0.0 0.0 0.0 -0.18000000715255737 0.0 -0.029999999329447746 0.0 -0.25 0.0 -0.20000000298023224 0.0 -0.14000000059604645 0.0 -0.18000000715255737 0.0 0.0 0.0 -0.18000000715255737 0.0 0.0 0.0 -0.550000011920929 -0.18000000715255737 0.0 0.0 -0.18000000715255737 0.0 0.0 -0.18000000715255737 0.0 0.0 0.0 0.0 0.0 -0.30000001192092896 0.0 0.0 0.0 -0.18000000715255737 0.0 0.0 -0.09000000357627869 0.0 -0.27000001072883606 0.0 0.0 0.0 -0.27000001072883606 0.0 0.0 0.0 0.0 -0.18000000715255737 0.0 0.0 0.0 -0.11999999731779099 0.0 -0.11999999731779099 0.0 -0.11999999731779099 0.0 -0.11999999731779099 0.0 -0.11999999731779099 0.0 -0.27000001072883606 0.0 0.0 0.0 -0.09000000357627869 0.0 -0.27000001072883606 0.0 0.0 0.0 -0.27000001072883606 0.0 0.0 0.0 0.0 0.0 -0.6600000262260437 0.0 -0.27000001072883606 0.0 0.0 0.0 -0.05000000074505806 0.0 0.0 0.0 0.0 0.0 -0.5099999904632568 0.0 -0.5099999904632568 0.0 0.0 0.0 -0.18000000715255737 0.0 0.0 -0.18000000715255737 0.0 0.0 0.0 -0.550000011920929 -0.6200000047683716 0.0 -0.18000000715255737 0.0 0.0 -0.2800000011920929 0.0 0.0 0.0 -0.7599999904632568 -0.7599999904632568 0.0 -0.09000000357627869
111 -0.2800000011920929 0.0 0.0 -0.7599999904632568 -0.18000000715255737 0.0 0.0 -0.09000000357627869 0.0 -0.27000001072883606 0.0 0.0 0.0 -0.27000001072883606 0.0 0.0 0.0 0.0 0.0 0.0 0.0 -0.6600000262260437 0.0 0.0 -0.6600000262260437 -0.18000000715255737 0.0 0.0 -0.09000000357627869 0.0 -0.27000001072883606 0.0 0.0 0.0 -0.27000001072883606 0.0 0.0 0.0 -0.09000000357627869 0.0 -0.27000001072883606 0.0 0.0 0.0 -0.27000001072883606 0.0 0.0 0.0 -0.18000000715255737 0.0 0.0 0.0 -0.550000011920929 -0.6200000047683716 0.0 0.0 -0.18000000715255737 0.0 0.0 -0.09000000357627869 0.0 -0.27000001072883606 0.0 0.0 0.0 -0.27000001072883606 0.0 0.0 0.0 0.0 0.0 0.0 -0.6600000262260437 0.0 -0.2800000011920929 0.0 0.0 0.0 -0.7599999904632568 -0.7599999904632568 -0.18000000715255737 0.0 0.0 0.0 -0.11999999731779099 0.0 -0.11999999731779099 0.0 -0.11999999731779099 0.0 -0.11999999731779099 0.0 -0.11999999731779099 0.0 0.0 0.0 -0.6600000262260437 0.0 -0.27000001072883606 0.0 0.0 0.0 -0.09000000357627869 0.0 -0.27000001072883606 0.0 0.0 0.0 -0.27000001072883606 0.0 0.0 0.0 -0.18000000715255737 0.0 -0.2800000011920929 0.0 0.0 0.0 -0.7599999904632568 0.0 -0.11999999731779099 0.0 -0.11999999731779099 0.0 0.0 -0.09000000357627869 0.0 -0.27000001072883606 0.0 0.0 0.0 -0.18000000715255737 0.0 0.0 -0.27000001072883606 0.0 0.0 0.0 -0.18000000715255737 0.0 0.0 0.0 -0.6200000047683716 0.0 0.0 -0.05000000074505806 0.0 0.0 0.0 0.0 0.0 -0.5099999904632568 0.0 0.0 0.0 0.0 -0.18000000715255737 0.0 0.0 0.0 -0.11999999731779099 0.0 0.0 0.0 0.0 -0.25 0.0 -0.20000000298023224 0.0 -0.18000000715255737 0.0 -0.09000000357627869 -0.27000001072883606 0.0 0.0 0.0 -0.18000000715255737 0.0 0.0 -0.18000000715255737 0.0 0.0 -0.18000000715255737 0.0 0.0 -0.18000000715255737 0.0 0.0 -0.18000000715255737 0.0 0.0 -0.09000000357627869 0.0 -0.27000001072883606 0.0 0.0 0.0 -0.27000001072883606 0.0 0.0 0.0 0.0 -0.18000000715255737 0.0 0.0 0.0 -0.11999999731779099 0.0 -0.11999999731779099 0.0 -0.11999999731779099 0.0 -0.11999999731779099 0.0 -0.11999999731779099 0.0 -0.27000001072883606 0.0 0.0 0.0 -0.09000000357627869 0.0 -0.27000001072883606 0.0 0.0 0.0 -0.27000001072883606 0.0 0.0 0.0 0.0 0.0 -0.6600000262260437 0.0 -0.27000001072883606 0.0 0.0 0.0 -0.05000000074505806 0.0 0.0 0.0 0.0 0.0 -0.5099999904632568 -0.5099999904632568 0.0 0.0 -0.18000000715255737 0.0 0.0 -0.18000000715255737 0.0 0.0 0.0 -0.550000011920929 -0.6200000047683716 0.0 0.0 -0.2800000011920929 0.0 0.0 -0.09000000357627869
112 -0.09000000357627869 0.0 -0.27000001072883606 0.0 0.0 0.0 -0.27000001072883606 0.0 0.0 0.0 0.0 0.0 0.0 -0.6600000262260437 0.0 -0.550000011920929 -0.18000000715255737 0.0 0.0 -0.09000000357627869 0.0 -0.27000001072883606 0.0 0.0 0.0 -0.27000001072883606 0.0 0.0 0.0 0.0 0.0 0.0 -0.6600000262260437 0.0 -0.2800000011920929 0.0 0.0 -0.7599999904632568 -0.18000000715255737 0.0 0.0 0.0 0.0 0.0 0.0 -0.6600000262260437 -0.27000001072883606 0.0 0.0 0.0 -0.09000000357627869 0.0 -0.27000001072883606 0.0 0.0 0.0 -0.27000001072883606 0.0 0.0 0.0 0.0 0.0 -0.18000000715255737 0.0 -0.18000000715255737 0.0 0.0 0.0 -0.18000000715255737 0.0 0.0 -0.09000000357627869 0.0 -0.27000001072883606 0.0 -0.27000001072883606 0.0 0.0 0.0 0.0 -0.18000000715255737 0.0 0.0 0.0 -0.11999999731779099 0.0 -0.11999999731779099 0.0 -0.11999999731779099 0.0 -0.11999999731779099 0.0 -0.11999999731779099 0.0 -0.27000001072883606 0.0 0.0 0.0 -0.09000000357627869 0.0 -0.27000001072883606 0.0 0.0 0.0 -0.27000001072883606 0.0 0.0 0.0 0.0 0.0 -0.6600000262260437 0.0 -0.27000001072883606 0.0 0.0 0.0 -0.05000000074505806 0.0 0.0 0.0 0.0 0.0 -0.5099999904632568 0.0 -0.5099999904632568 0.0 0.0 0.0 -0.18000000715255737 0.0 0.0 -0.18000000715255737 0.0 0.0 0.0 -0.550000011920929 -0.6200000047683716 0.0 0.0 -0.18000000715255737 0.0 0.0 -0.2800000011920929 0.0 0.0 0.0 0.0 -0.6600000262260437 0.0 0.0
113 -0.2800000011920929 0.0 0.0 0.0 -0.7599999904632568 -0.7599999904632568 -0.09000000357627869 0.0 -0.27000001072883606 0.0 0.0 0.0 -0.27000001072883606 0.0 0.0 0.0 0.0 0.0 0.0 0.0 -0.6600000262260437 0.0 -0.6600000262260437 0.0 -0.550000011920929 -0.6200000047683716 0.0 -0.18000000715255737 0.0 0.0 -0.09000000357627869 0.0 -0.27000001072883606 0.0 0.0 0.0 -0.27000001072883606 0.0 0.0 0.0 0.0 -0.6600000262260437 0.0 0.0 0.0 -0.27000001072883606 0.0 0.0 -0.18000000715255737 0.0 -0.18000000715255737 0.0 0.0 -0.30000001192092896 0.0 0.0 -0.18000000715255737 0.0 0.0 -0.27000001072883606 0.0 0.0 0.0 -0.18000000715255737 0.0 0.0 0.0 -0.11999999731779099 0.0 -0.11999999731779099 0.0 -0.11999999731779099 0.0 -0.11999999731779099 0.0 -0.11999999731779099 0.0 -0.27000001072883606 0.0 0.0 0.0 -0.09000000357627869 0.0 -0.27000001072883606 0.0 0.0 0.0 -0.27000001072883606 0.0 0.0 0.0 0.0 0.0 -0.6600000262260437 0.0 -0.27000001072883606 0.0 0.0 0.0 -0.05000000074505806 0.0 0.0 0.0 0.0 0.0 -0.5099999904632568 0.0 -0.5099999904632568 0.0 0.0 0.0 -0.18000000715255737 0.0 0.0 -0.18000000715255737 0.0 0.0 0.0 -0.550000011920929 -0.6200000047683716 0.0 0.0 -0.18000000715255737 0.0 0.0 -0.2800000011920929 0.0 0.0 0.0 -0.7599999904632568 -0.7599999904632568 0.0 0.0 0.0 -0.6600000262260437 0.0 -0.09000000357627869 0.0 -0.27000001072883606 0.0 -0.18000000715255737 0.0 0.0 -0.27000001072883606 0.0 0.0 0.0 -0.6600000262260437 0.0 -0.27000001072883606 0.0 0.0 0.0 0.0 0.0 0.0 -0.27000001072883606 0.0 0.0 0.0 0.0 0.0 -0.09000000357627869
114 0.0 0.0 0.0 0.0 0.0 0.0 0.0 -0.6600000262260437 0.0 -0.6600000262260437 0.0 -0.550000011920929 -0.6200000047683716 0.0 0.0 -0.18000000715255737 0.0 0.0 0.0 0.0 0.0 0.0 -0.6600000262260437 0.0 -0.2800000011920929 0.0 -0.7599999904632568 -0.7599999904632568 -0.18000000715255737 0.0 0.0 0.0 -0.11999999731779099 0.0 -0.27000001072883606 0.0 0.0 0.0 -0.09000000357627869 0.0 -0.27000001072883606 0.0 0.0 0.0 -0.27000001072883606 0.0 0.0 0.0 0.0 0.0 -0.6600000262260437 0.0 -0.27000001072883606 0.0 0.0 0.0 -0.05000000074505806 0.0 0.0 0.0 0.0 0.0 -0.5099999904632568 0.0 -0.5099999904632568 0.0 0.0 0.0 -0.18000000715255737 0.0 0.0 -0.18000000715255737 0.0 0.0 0.0 -0.550000011920929 -0.6200000047683716 0.0 0.0 -0.18000000715255737 0.0 0.0 -0.2800000011920929 0.0 0.0 0.0 -0.7599999904632568 -0.7599999904632568 0.0 0.0 0.0 -0.6600000262260437 0.0 -0.09000000357627869 0.0 -0.27000001072883606 0.0 0.0 0.0 -0.18000000715255737 0.0 0.0 -0.27000001072883606 0.0 0.0 0.0 0.0 0.0 0.0 -0.18000000715255737 0.0 0.0 -0.18000000715255737 0.0 0.0 0.0 0.0 0.0 -0.699999988079071 0.0 0.0 -0.800000011920929 0.0 0.0 -0.800000011920929 0.0 0.0 -0.18000000715255737 0.0 0.0 -0.18000000715255737 0.0 0.0 -0.18000000715255737 0.0 0.0 0.0 -0.18000000715255737 0.0 0.0 -0.18000000715255737 0.0 -0.18000000715255737 0.0 0.0 -0.2800000011920929 0.0 0.0 0.0 -0.7599999904632568 -0.7599999904632568 -0.18000000715255737 0.0 0.0 -0.029999999329447746 -0.15000000596046448 0.0 0.0 0.0 -0.18000000715255737 0.0 0.0 -0.09000000357627869 0.0 -0.27000001072883606 0.0 0.0 0.0 -0.27000001072883606 0.0 0.0 0.0 -0.18000000715255737 0.0 0.0 -0.14000000059604645 0.0 0.0 -0.09000000357627869 -0.2199999988079071 0.0 0.0 0.0 -0.18000000715255737 0.0 0.0 -0.6200000047683716 0.0 0.0 -0.27000001072883606 0.0
115 -0.05000000074505806 0.0 0.0 0.0 -0.2800000011920929 0.0 0.0 0.0 -0.7599999904632568 -0.7599999904632568 -0.09000000357627869 0.0 -0.27000001072883606 0.0 0.0 0.0 -0.18000000715255737 0.0 0.0 -0.18000000715255737 0.0 0.0 -0.18000000715255737 0.0 0.0 0.0 0.0 0.0 -0.30000001192092896 0.0 0.0 0.0 0.0 0.0 0.0 0.0 -0.6600000262260437 0.0 0.0 0.0 -0.6600000262260437 0.0 -0.550000011920929 -0.6200000047683716 0.0 0.0 0.0 0.0 0.0 -0.6600000262260437 0.0 -0.18000000715255737 0.0 0.0 0.0 -0.11999999731779099 0.0 -0.27000001072883606 0.0 0.0 0.0 0.0 0.0 -0.6600000262260437 0.0 -0.05000000074505806 0.0 0.0 0.0 0.0 0.0 -0.5099999904632568 0.0 -0.5099999904632568 0.0 0.0 0.0 -0.18000000715255737 0.0 0.0 -0.18000000715255737 0.0 0.0 0.0 -0.550000011920929 -0.6200000047683716 0.0 0.0 -0.18000000715255737 0.0 0.0 -0.2800000011920929 0.0 0.0 0.0 -0.7599999904632568 -0.7599999904632568 0.0 0.0 0.0 -0.6600000262260437 0.0 -0.09000000357627869 0.0 -0.27000001072883606 0.0 0.0 0.0 -0.18000000715255737 0.0 0.0 -0.27000001072883606 0.0 0.0 0.0 0.0 0.0 -0.6600000262260437 0.0 -0.27000001072883606 0.0 0.0 0.0 -0.18000000715255737 0.0 0.0 -0.18000000715255737 0.0 -0.18000000715255737 0.0 0.0 0.0 0.0 0.0 -0.18000000715255737 0.0 0.0 -0.2800000011920929 0.0 0.0 0.0 -0.7599999904632568 -0.7599999904632568 -0.09000000357627869 0.0 -0.27000001072883606 0.0 0.0 0.0 -0.27000001072883606 0.0 0.0 0.0 -0.18000000715255737 0.0 0.0 -0.14000000059604645 0.0 -0.09000000357627869 0.0 -0.6600000262260437 0.0 -0.27000001072883606 0.0 0.0 0.0
116 0.0 -0.6600000262260437 0.0 0.0 0.0 0.0 0.0 -0.6600000262260437 -0.05000000074505806 0.0 0.0 0.0 0.0 0.0 -0.5099999904632568 0.0 -0.5099999904632568 0.0 0.0 0.0 -0.18000000715255737 0.0 0.0 -0.18000000715255737 0.0 0.0 0.0 -0.550000011920929 -0.6200000047683716 0.0 0.0 -0.18000000715255737 0.0 0.0 -0.2800000011920929 0.0 0.0 0.0 -0.7599999904632568 -0.7599999904632568 0.0 0.0 0.0 -0.6600000262260437 0.0 -0.09000000357627869 0.0 -0.27000001072883606 0.0 0.0 0.0 -0.18000000715255737 0.0 0.0 -0.27000001072883606 0.0 0.0 0.0 0.0 0.0 -0.6600000262260437 0.0 -0.27000001072883606 0.0 0.0 0.0 -0.18000000715255737 0.0 0.0 -0.18000000715255737 0.0 0.0 -0.18000000715255737 0.0 0.0 0.0 0.0 0.0 -0.30000001192092896 0.0 0.0 0.0 -0.2800000011920929 0.0 0.0 0.0 -0.7599999904632568 -0.7599999904632568 0.0 -0.699999988079071 0.0 0.0 -0.800000011920929 0.0 0.0 0.0 -0.18000000715255737 0.0 -0.2800000011920929 0.0 0.0 0.0 -0.7599999904632568 -0.09000000357627869 0.0 -0.27000001072883606 0.0 0.0 0.0 -0.27000001072883606 0.0 0.0 0.0
117 0.0 0.0 0.0 -0.6600000262260437 0.0 -0.05000000074505806 0.0 0.0 0.0 0.0 -0.5099999904632568 0.0 -0.5099999904632568 0.0 0.0 0.0 -0.18000000715255737 0.0 0.0 -0.18000000715255737 0.0 0.0 0.0 -0.550000011920929 -0.6200000047683716 0.0 0.0 -0.18000000715255737 0.0 0.0 -0.2800000011920929 0.0 0.0 0.0 -0.7599999904632568 -0.7599999904632568 0.0 0.0 0.0 -0.6600000262260437 0.0 -0.09000000357627869 0.0 -0.27000001072883606 0.0 0.0 0.0 -0.18000000715255737 0.0 0.0 -0.27000001072883606 0.0 0.0 0.0 0.0 0.0 -0.6600000262260437 0.0 -0.27000001072883606 0.0 0.0 0.0 -0.18000000715255737 0.0 0.0 -0.18000000715255737 0.0 0.0 -0.18000000715255737 0.0 0.0 0.0 0.0 0.0 -0.30000001192092896 0.0 0.0 0.0 -0.2800000011920929 0.0 0.0 0.0 -0.7599999904632568 -0.7599999904632568 -0.18000000715255737 0.0 0.0 -0.2800000011920929 0.0 0.0 0.0 0.0 -0.18000000715255737 0.0 0.0 -0.18000000715255737 0.0 0.0 0.0 -0.18000000715255737 0.0 -0.2800000011920929 0.0 0.0 -0.18000000715255737 0.0 -0.18000000715255737 0.0 -0.18000000715255737 0.0 0.0 -0.09000000357627869 0.0 -0.27000001072883606 0.0 0.0 0.0 -0.27000001072883606 0.0 0.0 0.0 -0.18000000715255737 0.0 0.0 0.0 -0.6600000262260437 0.0 -0.27000001072883606 0.0 0.0 0.0
118 0.0 0.0 -0.5099999904632568 0.0 -0.5099999904632568 0.0 0.0 0.0 0.0 -0.18000000715255737 0.0 0.0 -0.2800000011920929 0.0 0.0 0.0 -0.7599999904632568 -0.7599999904632568 0.0 0.0 0.0 -0.6600000262260437 0.0 -0.09000000357627869 0.0 -0.27000001072883606 0.0 0.0 0.0 -0.18000000715255737 0.0 0.0 -0.27000001072883606 0.0 0.0 0.0 0.0 0.0 -0.6600000262260437 0.0 -0.27000001072883606 0.0 0.0 0.0 -0.18000000715255737 0.0 0.0 -0.18000000715255737 0.0 0.0 -0.18000000715255737 0.0 0.0 0.0 0.0 0.0 -0.30000001192092896 0.0 0.0 0.0 -0.2800000011920929 0.0 0.0 0.0 -0.7599999904632568 -0.7599999904632568 -0.18000000715255737 0.0 0.0 -0.2800000011920929 0.0 0.0 0.0 -0.7599999904632568 -0.7599999904632568 -0.18000000715255737 0.0 0.0 -0.2800000011920929 0.0 0.0 -0.7599999904632568 -0.7599999904632568 -0.10999999940395355 0.0 -0.23000000417232513 0.0 -0.27000001072883606 0.0 0.0 -0.27000001072883606 0.0 0.0
119 0.0 -0.18000000715255737 0.0 0.0 0.0 0.0 -0.6600000262260437 0.0 -0.09000000357627869 0.0 -0.27000001072883606 0.0 0.0 0.0 -0.18000000715255737 0.0 0.0 -0.27000001072883606 0.0 0.0 0.0 0.0 0.0 -0.6600000262260437 0.0 -0.27000001072883606 0.0 0.0 0.0 -0.18000000715255737 0.0 0.0 -0.18000000715255737 0.0 0.0 -0.18000000715255737 0.0 0.0 0.0 0.0 0.0 -0.30000001192092896 0.0 0.0 0.0 -0.2800000011920929 0.0 0.0 0.0 -0.7599999904632568 -0.7599999904632568 -0.18000000715255737 0.0 0.0 -0.2800000011920929 0.0 0.0 0.0 -0.7599999904632568 -0.7599999904632568 -0.18000000715255737 0.0 0.0 -0.2800000011920929 0.0 0.0 0.0 -0.7599999904632568 -0.10999999940395355 0.0 0.0 -0.23000000417232513 0.0 0.0 -0.18000000715255737 0.0 0.0 0.0 -0.699999988079071 0.0 0.0 -0.800000011920929 0.0 0.0 -0.800000011920929 0.0 0.0 0.0 0.0 0.0 0.0 0.0 -0.699999988079071 0.0 -0.800000011920929 0.0 0.0 -0.800000011920929 0.0 0.0 -0.27000001072883606 0.0 0.0
12 -0.09000000357627869 0.0 -0.27000001072883606 0.0 0.0 0.0 -0.18000000715255737 0.0 0.0 -0.27000001072883606 0.0 0.0 0.0 0.0 0.0 0.0 -0.6600000262260437 0.0 -0.10999999940395355 0.0 0.0 -0.23000000417232513 0.0 -0.18000000715255737 0.0 0.0 -0.18000000715255737 0.0 0.0 -0.18000000715255737 0.0 0.0 0.0 0.0 0.0 -0.2800000011920929 0.0 0.0 0.0 -0.7599999904632568 -0.7599999904632568 -0.18000000715255737 0.0 0.0 -0.09000000357627869 0.0 -0.27000001072883606 0.0 0.0 0.0 -0.27000001072883606 0.0 0.0 0.0 0.0 -0.05000000074505806 0.0 0.0 0.0 0.0 0.0 -0.5099999904632568 0.0 -0.5099999904632568 0.0 0.0 0.0 -0.27000001072883606 0.0 0.0 0.0 -0.2800000011920929 0.0 0.0 -0.7599999904632568 -0.7599999904632568 -0.18000000715255737 0.0 0.0 -0.18000000715255737 0.0 0.0 0.0 -0.550000011920929 -0.6200000047683716 0.0 0.0 -0.15000000596046448 0.0 -0.5099999904632568 0.0 0.0 -0.27000001072883606 0.0 -0.09000000357627869 0.0 -0.27000001072883606 0.0 0.0 0.0 -0.27000001072883606 0.0 0.0 0.0 0.0 -0.18000000715255737 0.0 0.0 -0.18000000715255737 0.0 0.0 -0.18000000715255737 0.0 0.0 0.0 0.0 0.0 -0.30000001192092896 0.0 0.0 0.0 0.0 0.0 -0.11999999731779099 -0.11999999731779099 0.0 -0.5400000214576721 0.0 -0.11999999731779099 0.0 -0.11999999731779099 0.0 -0.11999999731779099 0.0 0.0 -0.5400000214576721 0.0 -0.11999999731779099 -0.11999999731779099 0.0
120 0.0 0.0 0.0 -0.6600000262260437 0.0 -0.09000000357627869 0.0 -0.27000001072883606 0.0 0.0 0.0 -0.18000000715255737 0.0 0.0 -0.27000001072883606 0.0 0.0 0.0 0.0 -0.6600000262260437 0.0 -0.27000001072883606 0.0 0.0 0.0 -0.18000000715255737 0.0 0.0 -0.18000000715255737 0.0 0.0 -0.18000000715255737 0.0 0.0 0.0 0.0 0.0 -0.30000001192092896 0.0 0.0 0.0 -0.2800000011920929 0.0 0.0 0.0 -0.7599999904632568 -0.7599999904632568 -0.18000000715255737 0.0 0.0 -0.2800000011920929 0.0 0.0 0.0 -0.7599999904632568 -0.7599999904632568 -0.18000000715255737 0.0 0.0 -0.2800000011920929 0.0 0.0 0.0 -0.7599999904632568 -0.7599999904632568 -0.10999999940395355 0.0 0.0 -0.23000000417232513 0.0
121 -0.09000000357627869 0.0 -0.27000001072883606 0.0 0.0 0.0 0.0 0.0 -0.6600000262260437 0.0 -0.27000001072883606 0.0 0.0 0.0 -0.18000000715255737 0.0 0.0 -0.18000000715255737 0.0 0.0 -0.18000000715255737 0.0 0.0 0.0 0.0 -0.2800000011920929 0.0 0.0 0.0 -0.7599999904632568 -0.7599999904632568 -0.18000000715255737 0.0 0.0 -0.2800000011920929 0.0 0.0 0.0 -0.7599999904632568 -0.7599999904632568 -0.18000000715255737 0.0 0.0 -0.2800000011920929 0.0 0.0 0.0 -0.7599999904632568 -0.7599999904632568 -0.10999999940395355 0.0 0.0 -0.23000000417232513 0.0 -0.18000000715255737 0.0 0.0 0.0 -0.11999999731779099 0.0
122 -0.27000001072883606 0.0 0.0 0.0 0.0 -0.6600000262260437 0.0 -0.18000000715255737 0.0 0.0 -0.18000000715255737 0.0 0.0 -0.18000000715255737 0.0 0.0 0.0 0.0 -0.2800000011920929 0.0 0.0 0.0 -0.7599999904632568 -0.7599999904632568 -0.18000000715255737 0.0 0.0 -0.2800000011920929 0.0 0.0 0.0 -0.7599999904632568 -0.7599999904632568 -0.18000000715255737 0.0 0.0 -0.2800000011920929 0.0 0.0 0.0 -0.7599999904632568 -0.7599999904632568 -0.10999999940395355 0.0 0.0 -0.23000000417232513 0.0 -0.18000000715255737 0.0 0.0 0.0 -0.11999999731779099 0.0 -0.11999999731779099 0.0 0.0 -0.11999999731779099 0.0 -0.11999999731779099 0.0 0.0 0.0 0.0 -0.6600000262260437 0.0
123 0.0 -0.18000000715255737 0.0 0.0 -0.18000000715255737 0.0 0.0 -0.18000000715255737 0.0 0.0 0.0 0.0 0.0 -0.30000001192092896 0.0 0.0 0.0 -0.2800000011920929 0.0 0.0 0.0 -0.7599999904632568 -0.7599999904632568 -0.18000000715255737 0.0 0.0 -0.2800000011920929 0.0 0.0 0.0 -0.7599999904632568 -0.7599999904632568 -0.18000000715255737 0.0 0.0 -0.2800000011920929 0.0 0.0 0.0 -0.7599999904632568 -0.7599999904632568 -0.10999999940395355 0.0 0.0 -0.23000000417232513 0.0 -0.18000000715255737 0.0 0.0 0.0 -0.11999999731779099 0.0 -0.11999999731779099 0.0 0.0 -0.5400000214576721 0.0 -0.11999999731779099 0.0 -0.11999999731779099 0.0 0.0 0.0 0.0 -0.6600000262260437 0.0 -0.18000000715255737 0.0 0.0 -0.2800000011920929 0.0 0.0 0.0 -0.6600000262260437 0.0 0.0
124 -0.18000000715255737 0.0 0.0 -0.2800000011920929 0.0 -0.18000000715255737 0.0 0.0 -0.2800000011920929 0.0 0.0 0.0 -0.7599999904632568 -0.7599999904632568 -0.10999999940395355 0.0 0.0 -0.23000000417232513 0.0 -0.18000000715255737 0.0 0.0 0.0 -0.11999999731779099 0.0 -0.11999999731779099 0.0 0.0 -0.5400000214576721 0.0 -0.11999999731779099 0.0 -0.11999999731779099 0.0 0.0 0.0 0.0 -0.6600000262260437 0.0 -0.18000000715255737 0.0 0.0 -0.2800000011920929 0.0 0.0 0.0 -0.7599999904632568 -0.7599999904632568 0.0 0.0 0.0 -0.6600000262260437 0.0 -0.18000000715255737 0.0 0.0 -0.2800000011920929 0.0 0.0 0.0 -0.7599999904632568 -0.18000000715255737 0.0 0.0 -0.550000011920929
125 -0.18000000715255737 0.0 0.0 -0.2800000011920929 0.0 -0.10999999940395355 0.0 0.0 -0.23000000417232513 0.0 -0.18000000715255737 0.0 0.0 0.0 -0.11999999731779099 0.0 -0.11999999731779099 0.0 0.0 -0.5400000214576721 0.0 -0.11999999731779099 0.0 -0.11999999731779099 0.0 0.0 0.0 0.0 -0.6600000262260437 0.0 -0.18000000715255737 0.0 0.0 -0.2800000011920929 0.0 0.0 0.0 -0.7599999904632568 -0.7599999904632568 0.0 0.0 0.0 -0.6600000262260437 0.0 -0.18000000715255737 0.0 0.0 -0.2800000011920929 0.0 0.0 0.0 -0.7599999904632568 -0.7599999904632568 0.0
126 0.0 -0.10999999940395355 0.0 0.0 -0.23000000417232513 0.0 -0.18000000715255737 0.0 0.0 0.0 -0.11999999731779099 0.0 -0.11999999731779099 0.0 0.0 -0.5400000214576721 0.0 -0.11999999731779099 0.0 -0.11999999731779099 0.0 0.0 0.0 0.0 -0.6600000262260437 0.0 -0.18000000715255737 0.0 0.0 -0.2800000011920929 0.0 0.0 0.0 -0.7599999904632568 -0.7599999904632568 0.0 0.0 0.0 -0.6600000262260437 0.0 -0.18000000715255737 0.0 0.0 -0.2800000011920929 0.0 0.0 0.0 -0.7599999904632568 -0.7599999904632568 -0.18000000715255737 0.0 0.0 -0.550000011920929
127 0.0 -0.18000000715255737 0.0 0.0 0.0 -0.11999999731779099 0.0 -0.11999999731779099 0.0 0.0 -0.5400000214576721 0.0 -0.11999999731779099 0.0 -0.11999999731779099 0.0 0.0 0.0 0.0 -0.6600000262260437 0.0 -0.18000000715255737 0.0 0.0 -0.2800000011920929 0.0 0.0 0.0 -0.7599999904632568 -0.7599999904632568 0.0 0.0 0.0 -0.6600000262260437 0.0 -0.18000000715255737 0.0 0.0 -0.2800000011920929 0.0 0.0 0.0 -0.7599999904632568 -0.7599999904632568 -0.18000000715255737 0.0 0.0 -0.18000000715255737 0.0 0.0 0.0 -0.550000011920929 -0.6200000047683716 0.0 0.0 -0.18000000715255737 0.0 0.0 -0.2800000011920929 0.0 -0.7599999904632568
128 0.0 -0.11999999731779099 0.0 -0.11999999731779099 0.0 0.0 -0.5400000214576721 0.0 -0.11999999731779099 -0.11999999731779099 0.0 0.0 0.0 0.0 -0.6600000262260437 0.0 -0.18000000715255737 0.0 0.0 -0.2800000011920929 0.0 0.0 0.0 -0.7599999904632568 -0.7599999904632568 0.0 0.0 0.0 -0.6600000262260437 0.0 -0.18000000715255737 0.0 0.0 -0.2800000011920929 0.0 0.0 0.0 -0.7599999904632568 -0.7599999904632568 -0.18000000715255737 0.0 0.0 -0.18000000715255737 0.0 0.0 0.0 -0.550000011920929 -0.6200000047683716 0.0 0.0 -0.18000000715255737 0.0 0.0 -0.2800000011920929 0.0 0.0 0.0 -0.7599999904632568 -0.7599999904632568 -0.2800000011920929 0.0 0.0 0.0 -0.7599999904632568 0.0
129 -0.11999999731779099 0.0 0.0 -0.5400000214576721 0.0 -0.18000000715255737 0.0 0.0 -0.2800000011920929 0.0 0.0 0.0 -0.7599999904632568 -0.7599999904632568 0.0 0.0 0.0 -0.6600000262260437 0.0 -0.18000000715255737 0.0 0.0 -0.2800000011920929 0.0 0.0 0.0 -0.7599999904632568 -0.7599999904632568 -0.18000000715255737 0.0 0.0 -0.18000000715255737 0.0 0.0 0.0 -0.550000011920929 -0.6200000047683716 0.0 0.0 -0.18000000715255737 0.0 0.0 -0.2800000011920929 0.0 0.0 0.0 -0.7599999904632568 -0.7599999904632568 -0.2800000011920929 0.0 0.0 0.0 -0.7599999904632568 -0.7599999904632568 0.0 0.0 0.0 -0.18000000715255737 0.0 0.0 -0.18000000715255737 0.0 0.0 0.0 0.0
13 0.0 -0.27000001072883606 0.0 0.0 -0.23000000417232513 -0.18000000715255737 0.0 0.0 -0.2800000011920929 0.0 0.0 -0.18000000715255737 0.0 0.0 -0.09000000357627869 0.0 -0.27000001072883606 0.0 0.0 0.0 -0.27000001072883606 0.0 0.0 0.0 0.0 -0.05000000074505806 0.0 0.0 0.0 0.0 0.0 -0.5099999904632568 0.0 -0.5099999904632568 0.0 0.0 0.0 -0.27000001072883606 0.0 0.0 0.0 -0.2800000011920929 0.0 0.0 0.0 -0.7599999904632568 -0.7599999904632568 -0.10999999940395355 0.0 0.0 -0.18000000715255737 0.0 0.0 -0.18000000715255737 0.0 0.0 0.0 -0.550000011920929 -0.6200000047683716 0.0 0.0 0.0 0.0 -0.09000000357627869 0.0 -0.27000001072883606 0.0 0.0 0.0 -0.27000001072883606 0.0 0.0 0.0 -0.18000000715255737 0.0 0.0 -0.09000000357627869 0.0 -0.27000001072883606 0.0 -0.27000001072883606 0.0 -0.18000000715255737 0.0 0.0 -0.18000000715255737 0.0 0.0 -0.18000000715255737 0.0 0.0 0.0 0.0 0.0 -0.30000001192092896 0.0 0.0 0.0 0.0 0.0 0.0 0.0 0.0 0.0 -0.11999999731779099 0.0 -0.11999999731779099 0.0 0.0 -0.18000000715255737 0.0 0.0 0.0 0.0 0.0 -0.30000001192092896 0.0 0.0 0.0 0.0 -0.7599999904632568 -0.7599999904632568
130 0.0 0.0 0.0 0.0 -0.6600000262260437 0.0 -0.18000000715255737 0.0 0.0 -0.2800000011920929 0.0 0.0 0.0 -0.7599999904632568 -0.7599999904632568 -0.18000000715255737 0.0 0.0 -0.18000000715255737 0.0 0.0 0.0 -0.550000011920929 -0.6200000047683716 0.0 0.0 -0.18000000715255737 0.0 0.0 -0.2800000011920929 0.0 0.0 0.0 -0.7599999904632568 -0.7599999904632568 -0.2800000011920929 0.0 0.0 0.0 -0.7599999904632568 -0.7599999904632568 0.0 0.0 0.0 -0.18000000715255737 0.0 0.0 -0.18000000715255737 0.0 0.0 -0.18000000715255737 0.0 0.0 -0.2800000011920929 0.0 0.0 0.0 0.0
131 -0.18000000715255737 0.0 0.0 -0.2800000011920929 0.0 0.0 0.0 -0.7599999904632568 -0.7599999904632568 -0.18000000715255737 0.0 0.0 -0.18000000715255737 0.0 0.0 0.0 -0.550000011920929 -0.6200000047683716 0.0 0.0 -0.18000000715255737 0.0 0.0 -0.2800000011920929 0.0 0.0 0.0 -0.7599999904632568 -0.7599999904632568 -0.2800000011920929 0.0 0.0 0.0 -0.7599999904632568 -0.7599999904632568 0.0 0.0 0.0 -0.18000000715255737 0.0 0.0 -0.18000000715255737 0.0 0.0 -0.18000000715255737 0.0 0.0 -0.2800000011920929 0.0 0.0 0.0 -0.7599999904632568 -0.7599999904632568 -0.09000000357627869 0.0 -0.27000001072883606 0.0 0.0 -0.27000001072883606 0.0 0.0 0.0
132 -0.18000000715255737 0.0 0.0 -0.18000000715255737 0.0 0.0 0.0 -0.550000011920929 -0.6200000047683716 0.0 0.0 -0.18000000715255737 0.0 0.0 -0.2800000011920929 0.0 0.0 0.0 -0.7599999904632568 -0.7599999904632568 -0.2800000011920929 0.0 0.0 0.0 -0.7599999904632568 -0.7599999904632568 0.0 0.0 0.0 -0.18000000715255737 0.0 0.0 -0.18000000715255737 0.0 0.0 -0.18000000715255737 0.0 0.0 -0.2800000011920929 0.0 0.0 0.0 -0.7599999904632568 -0.7599999904632568 -0.09000000357627869 0.0 -0.27000001072883606 0.0 0.0 0.0 -0.27000001072883606 0.0 0.0 0.0 -0.27000001072883606 0.0 0.0 0.0
133 -0.18000000715255737 0.0 0.0 -0.18000000715255737 0.0 0.0 -0.2800000011920929 0.0 0.0 0.0 -0.7599999904632568 -0.7599999904632568 -0.2800000011920929 0.0 0.0 0.0 -0.7599999904632568 -0.7599999904632568 0.0 0.0 0.0 -0.18000000715255737 0.0 0.0 -0.18000000715255737 0.0 0.0 -0.18000000715255737 0.0 0.0 -0.2800000011920929 0.0 0.0 0.0 -0.7599999904632568 -0.7599999904632568 -0.09000000357627869 0.0 -0.27000001072883606 0.0 0.0 0.0 -0.27000001072883606 0.0 0.0 0.0 -0.27000001072883606 0.0 0.0 0.0 -0.09000000357627869 0.0 -0.27000001072883606 0.0 0.0 0.0
134 0.0 -0.2800000011920929 0.0 0.0 0.0 -0.7599999904632568 -0.7599999904632568 0.0 0.0 0.0 -0.18000000715255737 0.0 0.0 -0.18000000715255737 0.0 0.0 -0.18000000715255737 0.0 0.0 -0.2800000011920929 0.0 0.0 0.0 -0.7599999904632568 -0.7599999904632568 -0.09000000357627869 0.0 -0.27000001072883606 0.0 0.0 0.0 -0.27000001072883606 0.0 0.0 0.0 -0.27000001072883606 0.0 0.0 0.0 -0.09000000357627869 0.0 -0.27000001072883606 0.0 0.0 0.0 -0.27000001072883606 0.0 0.0 0.0 -0.18000000715255737 0.0 0.0
135 -0.2800000011920929 0.0 0.0 -0.7599999904632568 -0.7599999904632568 0.0 0.0 -0.18000000715255737 0.0 0.0 -0.18000000715255737 0.0 0.0 -0.18000000715255737 0.0 0.0 -0.2800000011920929 0.0 0.0 0.0 -0.7599999904632568 -0.7599999904632568 -0.09000000357627869 0.0 -0.27000001072883606 0.0 0.0 0.0 -0.27000001072883606 0.0 0.0 0.0 -0.27000001072883606 0.0 0.0 0.0 -0.09000000357627869 0.0 -0.27000001072883606 0.0 0.0 0.0 -0.27000001072883606 0.0 0.0 0.0 -0.18000000715255737 0.0 0.0 -0.2800000011920929 0.0 0.0 0.0 -0.7599999904632568 -0.7599999904632568 0.0
136 -0.18000000715255737 0.0 0.0 -0.2800000011920929 0.0 0.0 -0.7599999904632568 -0.09000000357627869 0.0 -0.27000001072883606 0.0 0.0 0.0 -0.27000001072883606 0.0 0.0 0.0 -0.27000001072883606 0.0 0.0 0.0 -0.09000000357627869 0.0 -0.27000001072883606 0.0 0.0 0.0 -0.27000001072883606 0.0 0.0 0.0 -0.18000000715255737 0.0 0.0 -0.2800000011920929 0.0 0.0 0.0 -0.7599999904632568 -0.7599999904632568 -0.27000001072883606 0.0 0.0 0.0 0.0 0.0 0.0 -0.18000000715255737 0.0 -0.18000000715255737 0.0
137 -0.09000000357627869 0.0 -0.27000001072883606 0.0 0.0 0.0 -0.27000001072883606 0.0 0.0 0.0 -0.09000000357627869 0.0 -0.27000001072883606 0.0 0.0 0.0 -0.27000001072883606 0.0 0.0 0.0 -0.18000000715255737 0.0 0.0 -0.2800000011920929 0.0 0.0 0.0 -0.7599999904632568 -0.7599999904632568 -0.27000001072883606 0.0 0.0 0.0 0.0 0.0 0.0 -0.18000000715255737 0.0 0.0 -0.18000000715255737 0.0 0.0 0.0 0.0 0.0 0.0
138 0.0 -0.09000000357627869 0.0 -0.27000001072883606 0.0 0.0 0.0 -0.27000001072883606 0.0 0.0 0.0 -0.18000000715255737 0.0 0.0 -0.2800000011920929 0.0 0.0 0.0 -0.7599999904632568 -0.7599999904632568 -0.27000001072883606 0.0 0.0 0.0 0.0 0.0 0.0 -0.18000000715255737 0.0 0.0 -0.18000000715255737 0.0 0.0 0.0 0.0 0.0 -0.18000000715255737 0.0 0.0 -0.18000000715255737 0.0 0.0 0.0 0.0 0.0 -0.18000000715255737 0.0 -0.18000000715255737 0.0 0.0
139 -0.09000000357627869 -0.27000001072883606 0.0 0.0 -0.18000000715255737 0.0 0.0 -0.2800000011920929 0.0 0.0 0.0 -0.7599999904632568 -0.7599999904632568 -0.27000001072883606 0.0 0.0 0.0 0.0 0.0 0.0 -0.18000000715255737 0.0 0.0 -0.18000000715255737 0.0 0.0 0.0 0.0 0.0 -0.18000000715255737 0.0 0.0 -0.18000000715255737 0.0 0.0 0.0 0.0 0.0 -0.18000000715255737 0.0 0.0 -0.18000000715255737 0.0 0.0 0.0 0.0 0.0 -0.18000000715255737 0.0 -0.18000000715255737 0.0
14 -0.27000001072883606 0.0 0.0 -0.18000000715255737 0.0 -0.27000001072883606 0.0 0.0 -0.10999999940395355 0.0 0.0 -0.23000000417232513 0.0 -0.18000000715255737 0.0 -0.18000000715255737 0.0 0.0 -0.09000000357627869 0.0 -0.27000001072883606 0.0 0.0 0.0 -0.27000001072883606 0.0 0.0 0.0 0.0 -0.05000000074505806 0.0 0.0 0.0 0.0 0.0 -0.5099999904632568 0.0 -0.5099999904632568 0.0 0.0 0.0 -0.27000001072883606 0.0 0.0 0.0 -0.2800000011920929 0.0 0.0 0.0 -0.7599999904632568 -0.7599999904632568 -0.10999999940395355 0.0 0.0 -0.23000000417232513 0.0 -0.18000000715255737 0.0 0.0 -0.18000000715255737 0.0 0.0 0.0 -0.550000011920929 -0.6200000047683716 0.0 0.0 0.0 -0.029999999329447746 -0.15000000596046448 0.0 -0.5099999904632568 0.0 0.0 0.0 -0.25 -0.20000000298023224 0.0 -0.27000001072883606 0.0 -0.14000000059604645 0.0 -0.09000000357627869 0.0 -0.27000001072883606 0.0 0.0 0.0 -0.09000000357627869 0.0 -0.27000001072883606 0.0 0.0 0.0 -0.27000001072883606 0.0 0.0 0.0 -0.18000000715255737 0.0 0.0 -0.09000000357627869 0.0 -0.27000001072883606 0.0 0.0 0.0 -0.27000001072883606 0.0 0.0 0.0 -0.18000000715255737 0.0 0.0 -0.18000000715255737 0.0 0.0 -0.18000000715255737 0.0 0.0 0.0 0.0 0.0 -0.30000001192092896 0.0 0.0 0.0 0.0 0.0 0.0 0.0 -0.6600000262260437 0.0 -0.18000000715255737 0.0 -0.09000000357627869 0.0 -0.27000001072883606 0.0 0.0 0.0 -0.18000000715255737 0.0 0.0 0.0 -0.11999999731779099 0.0 -0.11999999731779099 0.0 -0.5400000214576721 0.0 -0.11999999731779099 0.0 -0.11999999731779099 0.0 0.0 -0.11999999731779099 0.0 -0.5400000214576721 0.0 -0.11999999731779099 0.0 -0.11999999731779099 0.0 0.0 0.0 0.0 0.0 0.0 -0.5099999904632568 0.0 0.0 0.0 -0.25 0.0 -0.20000000298023224 0.0 -0.27000001072883606 0.0 -0.14000000059604645 0.0 -0.18000000715255737 0.0 0.0 -0.18000000715255737 0.0 0.0 -0.18000000715255737 0.0 0.0 0.0 0.0 0.0 -0.30000001192092896 0.0 0.0 0.0 0.0 0.0 0.0 0.0 -0.7599999904632568
140 0.0 0.0 -0.27000001072883606 0.0 0.0 0.0 0.0 0.0 0.0 -0.18000000715255737 0.0 0.0 -0.18000000715255737 0.0 0.0 0.0 0.0 0.0 -0.18000000715255737 0.0 0.0 -0.18000000715255737 0.0 0.0 0.0 0.0 0.0 -0.18000000715255737 0.0 0.0 -0.18000000715255737 0.0 0.0 0.0 0.0 0.0 -0.18000000715255737 0.0 0.0 -0.18000000715255737 0.0 0.0 0.0 -0.11999999731779099 0.0 -0.11999999731779099 0.0
141 -0.27000001072883606 0.0 0.0 0.0 0.0 0.0 0.0 -0.18000000715255737 0.0 0.0 -0.18000000715255737 0.0 0.0 0.0 0.0 0.0 -0.18000000715255737 0.0 0.0 -0.18000000715255737 0.0 0.0 0.0 0.0 0.0 -0.18000000715255737 0.0 0.0 -0.18000000715255737 0.0 0.0 0.0 0.0 0.0 -0.18000000715255737 0.0 0.0 -0.18000000715255737 0.0 0.0 -0.18000000715255737 0.0 0.0 0.0 -0.11999999731779099 0.0 -0.11999999731779099 0.0 0.0 -0.5400000214576721 0.0 -0.11999999731779099 0.0 -0.11999999731779099 0.0 -0.27000001072883606 0.0 0.0
142 0.0 -0.18000000715255737 0.0 0.0 -0.18000000715255737 0.0 0.0 0.0 0.0 -0.18000000715255737 0.0 0.0 -0.18000000715255737 0.0 0.0 0.0 0.0 0.0 -0.18000000715255737 0.0 0.0 -0.18000000715255737 0.0 0.0 0.0 0.0 0.0 -0.18000000715255737 0.0 0.0 -0.18000000715255737 0.0 0.0 -0.18000000715255737 0.0 0.0 0.0 -0.11999999731779099 0.0 -0.11999999731779099 0.0 0.0 -0.5400000214576721 0.0 -0.11999999731779099 0.0 -0.11999999731779099 0.0 -0.27000001072883606 0.0 0.0 0.0 0.0 0.0 -0.6600000262260437 0.0
143 -0.18000000715255737 0.0 0.0 -0.18000000715255737 0.0 0.0 0.0 0.0 0.0 -0.18000000715255737 0.0 0.0 -0.18000000715255737 0.0 0.0 0.0 0.0 0.0 -0.18000000715255737 0.0 0.0 -0.18000000715255737 0.0 0.0 -0.18000000715255737 0.0 0.0 0.0 -0.11999999731779099 0.0 -0.11999999731779099 0.0 0.0 -0.5400000214576721 0.0 -0.11999999731779099 0.0 -0.11999999731779099 0.0 -0.27000001072883606 0.0 0.0 0.0 0.0 0.0 0.0 -0.6600000262260437 0.0 0.0 0.0 -0.6600000262260437 0.0
144 -0.18000000715255737 0.0 0.0 0.0 0.0 0.0 -0.18000000715255737 0.0 0.0 -0.18000000715255737 0.0 0.0 -0.18000000715255737 0.0 0.0 0.0 -0.11999999731779099 0.0 -0.11999999731779099 0.0 0.0 -0.5400000214576721 0.0 -0.11999999731779099 0.0 -0.11999999731779099 0.0 -0.27000001072883606 0.0 0.0 0.0 0.0 0.0 0.0 -0.6600000262260437 0.0 0.0 0.0 -0.6600000262260437 0.0 -0.27000001072883606 0.0 0.0 0.0 0.0 0.0 -0.6600000262260437
145 -0.18000000715255737 0.0 0.0 -0.18000000715255737 0.0 0.0 0.0 -0.11999999731779099 0.0 -0.11999999731779099 0.0 0.0 -0.5400000214576721 -0.11999999731779099 0.0 -0.11999999731779099 -0.27000001072883606 0.0 0.0 0.0 0.0 0.0 0.0 -0.6600000262260437 0.0 0.0 0.0 -0.6600000262260437 0.0 -0.27000001072883606 0.0 0.0 0.0 0.0 0.0 -0.6600000262260437 0.0 -0.27000001072883606 0.0 0.0 0.0 0.0 0.0
146 -0.18000000715255737 0.0 -0.11999999731779099 0.0 0.0 -0.27000001072883606 0.0 0.0 0.0 0.0 0.0 0.0 -0.6600000262260437 0.0 0.0 0.0 -0.6600000262260437 0.0 -0.27000001072883606 0.0 0.0 0.0 0.0 0.0 -0.6600000262260437 0.0 -0.27000001072883606 0.0 0.0 0.0 0.0 0.0 0.0 -0.6600000262260437 0.0 0.0 0.0
147 -0.27000001072883606 0.0 0.0 0.0 0.0 0.0 -0.6600000262260437 0.0 0.0 0.0 -0.6600000262260437 0.0 -0.27000001072883606 0.0 0.0 0.0 0.0 0.0 -0.6600000262260437 0.0 -0.27000001072883606 0.0 0.0 0.0 0.0 0.0 0.0 -0.6600000262260437 0.0 0.0 0.0 0.0 -0.6600000262260437 0.0 0.0 0.0 0.0 -0.18000000715255737 0.0 0.0 -0.18000000715255737 0.0 0.0
148 0.0 0.0 0.0 -0.6600000262260437 0.0 -0.27000001072883606 0.0 0.0 0.0 0.0 0.0 -0.6600000262260437 0.0 -0.27000001072883606 0.0 0.0 0.0 0.0 0.0 0.0 -0.6600000262260437 0.0 0.0 0.0 0.0 -0.6600000262260437 0.0 0.0 0.0 0.0 -0.18000000715255737 0.0 0.0 -0.18000000715255737 0.0 0.0 -0.09000000357627869 0.0 -0.27000001072883606 0.0 0.0 0.0
149 -0.27000001072883606 0.0 0.0 0.0 0.0 -0.6600000262260437 0.0 -0.27000001072883606 0.0 0.0 0.0 0.0 0.0 0.0 -0.6600000262260437 0.0 0.0 0.0 0.0 -0.6600000262260437 0.0 0.0 0.0 0.0 -0.18000000715255737 0.0 0.0 -0.18000000715255737 0.0 0.0 -0.09000000357627869 0.0 -0.27000001072883606 0.0 0.0 0.0 -0.27000001072883606 0.0 0.0 0.0 0.0
15 -0.18000000715255737 0.0 0.0 -0.09000000357627869 0.0 -0.27000001072883606 0.0 0.0 0.0 -0.27000001072883606 0.0 0.0 0.0 0.0 -0.05000000074505806 0.0 0.0 0.0 0.0 0.0 -0.5099999904632568 0.0 -0.5099999904632568 0.0 0.0 0.0 -0.27000001072883606 0.0 0.0 0.0 -0.2800000011920929 0.0 0.0 0.0 -0.7599999904632568 -0.7599999904632568 -0.10999999940395355 0.0 0.0 -0.23000000417232513 0.0 -0.18000000715255737 0.0 0.0 -0.18000000715255737 0.0 0.0 0.0 -0.550000011920929 -0.6200000047683716 0.0 0.0 0.0 0.0 0.0 0.0 -0.27000001072883606 0.0 -0.09000000357627869 0.0 -0.27000001072883606 0.0 0.0 0.0 -0.27000001072883606 0.0 0.0 0.0 -0.18000000715255737 0.0 0.0 -0.09000000357627869 0.0 -0.27000001072883606 0.0 0.0 0.0 -0.27000001072883606 0.0 0.0 0.0 -0.18000000715255737 0.0 0.0 -0.18000000715255737 0.0 0.0 -0.18000000715255737 0.0 0.0 0.0 0.0 0.0 -0.30000001192092896 0.0 0.0 0.0 0.0 0.0 0.0 0.0 -0.6600000262260437 0.0 0.0 0.0 0.0 -0.6600000262260437 0.0 -0.18000000715255737 0.0 0.0 -0.09000000357627869 0.0 -0.27000001072883606 0.0 0.0 0.0 0.0 -0.18000000715255737 0.0 0.0 0.0 0.0 -0.11999999731779099 0.0 -0.11999999731779099 0.0 0.0 0.0 -0.09000000357627869 0.0 -0.27000001072883606 0.0 0.0 0.0 -0.09000000357627869 0.0 -0.27000001072883606 0.0 0.0 0.0 -0.27000001072883606 0.0 0.0 -0.18000000715255737 0.0 -0.029999999329447746 -0.15000000596046448 -0.5099999904632568 0.0 0.0 0.0 -0.25 0.0 -0.20000000298023224 0.0 -0.27000001072883606 0.0 -0.14000000059604645 0.0 -0.18000000715255737 0.0 0.0 -0.18000000715255737 0.0 0.0 -0.18000000715255737 0.0 0.0 -0.18000000715255737 0.0 0.0 0.0 0.0 0.0 -0.30000001192092896 0.0 0.0 0.0 -0.18000000715255737 0.0 0.0 -0.09000000357627869 0.0 -0.27000001072883606 0.0 0.0 -0.27000001072883606 0.0 0.0 0.0 -0.18000000715255737 0.0 0.0 0.0 -0.11999999731779099 0.0 -0.11999999731779099 -0.11999999731779099 -0.11999999731779099 0.0 -0.11999999731779099 0.0 -0.27000001072883606 0.0 0.0 0.0 -0.05000000074505806 0.0 0.0 0.0 0.0 0.0 -0.18000000715255737 0.0 0.0 -0.2800000011920929 0.0 0.0 0.0 -0.7599999904632568 -0.7599999904632568
150 0.0 0.0 0.0 0.0 -0.6600000262260437 0.0 -0.27000001072883606 0.0 0.0 0.0 0.0 0.0 0.0 -0.6600000262260437 0.0 0.0 0.0 0.0 -0.6600000262260437 0.0 0.0 0.0 0.0 -0.18000000715255737 0.0 0.0 -0.18000000715255737 0.0 0.0 -0.09000000357627869 0.0 -0.27000001072883606 0.0 0.0 0.0 -0.27000001072883606 0.0 0.0 0.0 -0.27000001072883606 0.0 0.0 0.0 -0.27000001072883606 0.0 0.0
151 0.0 0.0 0.0 -0.6600000262260437 0.0 0.0 0.0 0.0 -0.6600000262260437 0.0 0.0 0.0 0.0 -0.18000000715255737 0.0 0.0 -0.18000000715255737 0.0 0.0 -0.09000000357627869 0.0 -0.27000001072883606 0.0 0.0 0.0 -0.27000001072883606 0.0 0.0 0.0 -0.27000001072883606 0.0 0.0 0.0 -0.27000001072883606 0.0 0.0 0.0 -0.18000000715255737 0.0 0.0 -0.18000000715255737 0.0 0.0 0.0 -0.550000011920929 -0.6200000047683716 0.0 0.0
152 0.0 0.0 -0.6600000262260437 0.0 0.0 0.0 0.0 -0.18000000715255737 0.0 0.0 -0.18000000715255737 0.0 0.0 -0.09000000357627869 0.0 -0.27000001072883606 0.0 0.0 0.0 -0.27000001072883606 0.0 0.0 0.0 -0.27000001072883606 0.0 0.0 0.0 -0.27000001072883606 0.0 0.0 0.0 -0.18000000715255737 0.0 0.0 -0.18000000715255737 0.0 0.0 0.0 -0.550000011920929 -0.6200000047683716 0.0 0.0 -0.029999999329447746 -0.15000000596046448 0.0 -0.5099999904632568 0.0
153 0.0 -0.18000000715255737 0.0 0.0 -0.18000000715255737 0.0 0.0 -0.09000000357627869 0.0 -0.27000001072883606 0.0 0.0 0.0 -0.27000001072883606 0.0 0.0 0.0 -0.27000001072883606 0.0 0.0 0.0 -0.27000001072883606 0.0 0.0 0.0 -0.18000000715255737 0.0 0.0 -0.18000000715255737 0.0 0.0 0.0 -0.550000011920929 -0.6200000047683716 0.0 0.0 -0.18000000715255737 0.0 0.0 -0.029999999329447746 -0.15000000596046448 0.0 -0.5099999904632568 0.0 0.0 0.0 -0.25 0.0 -0.20000000298023224 -0.27000001072883606 0.0 -0.14000000059604645 0.0 -0.27000001072883606 0.0 0.0
154 -0.09000000357627869 -0.27000001072883606 0.0 0.0 0.0 -0.27000001072883606 0.0 0.0 -0.27000001072883606 0.0 0.0 0.0 -0.27000001072883606 0.0 0.0 0.0 -0.18000000715255737 0.0 0.0 -0.18000000715255737 0.0 0.0 0.0 -0.550000011920929 -0.6200000047683716 0.0 0.0 -0.18000000715255737 0.0 0.0 -0.029999999329447746 -0.15000000596046448 0.0 -0.5099999904632568 0.0 0.0 0.0 -0.25 0.0 -0.20000000298023224 0.0 -0.27000001072883606 0.0 -0.14000000059604645 0.0 -0.27000001072883606 0.0 0.0 0.0 0.0 0.0 -0.6600000262260437 0.0
155 -0.27000001072883606 0.0 0.0 0.0 -0.27000001072883606 0.0 0.0 0.0 -0.18000000715255737 0.0 0.0 -0.18000000715255737 0.0 0.0 0.0 -0.550000011920929 -0.6200000047683716 0.0 0.0 -0.18000000715255737 0.0 0.0 -0.029999999329447746 -0.15000000596046448 0.0 -0.5099999904632568 0.0 0.0 0.0 -0.25 0.0 -0.20000000298023224 0.0 -0.27000001072883606 0.0 -0.14000000059604645 0.0 -0.27000001072883606 0.0 0.0 0.0 0.0 0.0 0.0 -0.6600000262260437 0.0 0.0 0.0 0.0
156 -0.27000001072883606 0.0 0.0 0.0 -0.18000000715255737 0.0 0.0 -0.18000000715255737 0.0 0.0 0.0 -0.550000011920929 -0.6200000047683716 0.0 0.0 -0.18000000715255737 0.0 0.0 -0.029999999329447746 -0.15000000596046448 0.0 -0.5099999904632568 0.0 0.0 0.0 -0.25 0.0 -0.20000000298023224 0.0 -0.27000001072883606 0.0 -0.14000000059604645 0.0 -0.27000001072883606 0.0 0.0 0.0 0.0 0.0 0.0 -0.6600000262260437 0.0 0.0 0.0 0.0 -0.6600000262260437 0.0 0.0 0.0 -0.6600000262260437
157 -0.18000000715255737 0.0 -0.18000000715255737 0.0 -0.18000000715255737 0.0 0.0 -0.029999999329447746 -0.15000000596046448 0.0 -0.5099999904632568 0.0 0.0 -0.25 0.0 -0.20000000298023224 0.0 -0.27000001072883606 -0.14000000059604645 0.0 -0.27000001072883606 0.0 0.0 0.0 0.0 0.0 0.0 -0.6600000262260437 0.0 0.0 0.0 0.0 -0.6600000262260437 0.0 0.0 0.0 0.0 -0.6600000262260437 0.0 0.0 0.0 -0.6600000262260437 0.0
158 -0.18000000715255737 0.0 0.0 -0.27000001072883606 0.0 0.0 0.0 0.0 0.0 0.0 -0.6600000262260437 0.0 0.0 0.0 0.0 -0.6600000262260437 0.0 0.0 0.0 0.0 -0.6600000262260437 0.0 0.0 0.0 0.0 -0.6600000262260437 0.0 0.0 0.0 0.0 0.0
159 -0.27000001072883606 0.0 0.0 0.0 0.0 0.0 0.0 -0.6600000262260437 0.0 0.0 0.0 0.0 -0.6600000262260437 0.0 0.0 0.0 0.0 -0.6600000262260437 0.0 0.0 0.0 0.0 -0.6600000262260437 0.0 0.0 0.0 0.0 -0.18000000715255737 0.0 0.0 -0.18000000715255737 0.0 0.0 -0.18000000715255737 0.0 0.0 -0.18000000715255737 0.0 -0.18000000715255737 0.0 0.0
16 -0.23000000417232513 0.0 -0.18000000715255737 0.0 0.0 -0.09000000357627869 -0.27000001072883606 0.0 0.0 0.0 -0.27000001072883606 0.0 0.0 0.0 -0.05000000074505806 0.0 0.0 0.0 0.0 0.0 -0.5099999904632568 0.0 -0.5099999904632568 0.0 0.0 0.0 -0.27000001072883606 0.0 0.0 0.0 -0.2800000011920929 0.0 0.0 0.0 -0.7599999904632568 -0.7599999904632568 -0.10999999940395355 0.0 0.0 -0.23000000417232513 0.0 -0.18000000715255737 0.0 0.0 -0.18000000715255737 0.0 0.0 0.0 -0.550000011920929 -0.6200000047683716 0.0 0.0 0.0 -0.18000000715255737 0.0 0.0 -0.09000000357627869 0.0 -0.27000001072883606 0.0 0.0 0.0 -0.27000001072883606 0.0 0.0 0.0 -0.18000000715255737 0.0 -0.029999999329447746 -0.15000000596046448 0.0 -0.5099999904632568 0.0 0.0 0.0 -0.25 0.0 -0.20000000298023224 0.0 -0.27000001072883606 0.0 -0.14000000059604645 0.0 -0.09000000357627869 0.0 -0.27000001072883606 0.0 0.0 0.0 -0.27000001072883606 0.0 0.0 0.0 -0.09000000357627869 0.0 -0.27000001072883606 0.0 0.0 0.0 -0.27000001072883606 0.0 0.0 0.0 -0.18000000715255737 0.0 0.0 -0.09000000357627869 0.0 -0.27000001072883606 0.0 0.0 0.0 -0.27000001072883606 0.0 0.0 0.0 -0.18000000715255737 0.0 0.0 -0.18000000715255737 0.0 0.0 -0.18000000715255737 0.0 0.0 0.0 0.0 0.0 -0.30000001192092896 0.0 0.0 0.0 0.0 -0.18000000715255737 0.0 0.0 -0.09000000357627869 0.0 -0.27000001072883606 0.0 0.0 0.0 -0.27000001072883606 0.0 0.0 0.0 -0.18000000715255737 0.0 0.0 0.0 -0.11999999731779099 0.0 -0.11999999731779099 0.0 0.0 0.0 -0.11999999731779099 0.0 -0.11999999731779099 0.0 0.0 0.0 -0.09000000357627869 0.0 -0.27000001072883606 0.0 0.0 0.0 0.0 -0.27000001072883606 0.0 0.0 0.0 -0.11999999731779099 0.0 -0.11999999731779099 0.0 -0.11999999731779099 0.0 -0.11999999731779099 0.0 -0.11999999731779099 0.0 0.0 0.0 0.0 -0.27000001072883606 0.0 0.0 0.0 -0.18000000715255737 0.0 0.0 -0.2800000011920929 0.0 0.0 0.0 -0.7599999904632568 -0.7599999904632568 -0.18000000715255737 0.0 0.0 0.0 -0.18000000715255737 0.0 0.0 -0.09000000357627869 0.0 -0.27000001072883606 0.0 0.0 0.0 -0.27000001072883606 0.0 0.0 0.0 -0.18000000715255737 0.0 0.0 -0.029999999329447746 -0.15000000596046448 0.0 -0.5099999904632568 0.0 0.0 0.0 -0.25 0.0 -0.20000000298023224 0.0 -0.27000001072883606 0.0 -0.14000000059604645 0.0 -0.18000000715255737 0.0 0.0 -0.09000000357627869 0.0 -0.27000001072883606 0.0 -0.18000000715255737 0.0 0.0 0.0 -0.550000011920929 -0.6200000047683716 0.0 0.0 -0.18000000715255737 0.0 0.0 -0.18000000715255737 0.0 0.0 -0.18000000715255737 0.0 0.0 0.0 0.0 0.0 -0.30000001192092896 0.0 0.0 0.0 -0.18000000715255737 0.0 0.0 -0.09000000357627869 0.0 -0.27000001072883606 0.0 0.0 0.0 -0.27000001072883606 0.0 0.0 0.0 0.0 -0.18000000715255737 0.0 0.0 0.0 -0.11999999731779099 0.0 -0.11999999731779099 0.0 -0.27000001072883606 0.0 0.0 0.0
160 0.0 0.0 0.0 0.0 0.0 0.0 -0.6600000262260437 0.0 0.0 0.0 0.0 -0.6600000262260437 0.0 0.0 0.0 0.0 -0.6600000262260437 0.0 0.0 0.0 0.0 -0.18000000715255737 0.0 0.0 -0.18000000715255737 0.0 0.0 -0.18000000715255737 0.0 0.0 -0.18000000715255737 0.0 0.0 -0.18000000715255737 0.0 0.0 0.0 0.0 0.0 -0.30000001192092896 0.0 0.0 0.0 0.0
161 -0.6600000262260437 0.0 0.0 0.0 -0.6600000262260437 0.0 0.0 0.0 0.0 -0.6600000262260437 0.0 0.0 0.0 0.0 -0.18000000715255737 0.0 0.0 -0.18000000715255737 0.0 0.0 -0.18000000715255737 0.0 0.0 -0.18000000715255737 0.0 0.0 -0.18000000715255737 0.0 0.0 0.0 0.0 0.0 -0.30000001192092896 0.0 0.0 0.0 -0.18000000715255737 0.0 0.0 -0.18000000715255737 0.0 0.0 0.0 0.0 0.0 -0.699999988079071 0.0 0.0 -0.800000011920929 0.0 -0.800000011920929 0.0 0.0 -0.18000000715255737 0.0 -0.18000000715255737 0.0 0.0
162 0.0 0.0 0.0 -0.6600000262260437 0.0 0.0 0.0 0.0 -0.6600000262260437 0.0 0.0 0.0 0.0 -0.18000000715255737 0.0 0.0 -0.18000000715255737 0.0 0.0 -0.18000000715255737 0.0 0.0 -0.18000000715255737 0.0 0.0 -0.18000000715255737 0.0 0.0 0.0 0.0 0.0 -0.30000001192092896 0.0 0.0 0.0 -0.18000000715255737 0.0 0.0 -0.18000000715255737 0.0 0.0 0.0 0.0 0.0 -0.699999988079071 0.0 0.0 -0.800000011920929 0.0 0.0 -0.800000011920929 0.0 0.0 -0.18000000715255737 0.0 0.0 -0.18000000715255737 0.0 0.0 0.0 0.0 0.0 -0.699999988079071 0.0 0.0 -0.800000011920929 0.0 0.0 -0.800000011920929 0.0 0.0 -0.18000000715255737 0.0 -0.2800000011920929 0.0 0.0
163 0.0 0.0 0.0 0.0 0.0 -0.18000000715255737 0.0 0.0 -0.18000000715255737 0.0 0.0 -0.18000000715255737 0.0 0.0 -0.18000000715255737 0.0 0.0 -0.18000000715255737 0.0 0.0 0.0 0.0 0.0 -0.30000001192092896 0.0 0.0 0.0 -0.18000000715255737 0.0 0.0 -0.18000000715255737 0.0 0.0 0.0 0.0 0.0 -0.699999988079071 0.0 0.0 -0.800000011920929 0.0 0.0 -0.800000011920929 0.0 0.0 -0.18000000715255737 0.0 0.0 -0.18000000715255737 0.0 0.0 0.0 0.0 0.0 -0.699999988079071 0.0 0.0 -0.800000011920929 0.0 0.0 -0.800000011920929 0.0 0.0 -0.18000000715255737 0.0 0.0 -0.2800000011920929 0.0 0.0 0.0 -0.7599999904632568 -0.7599999904632568 0.0 -0.6600000262260437 0.0 -0.27000001072883606 0.0
164 -0.18000000715255737 0.0 0.0 -0.18000000715255737 0.0 0.0 -0.18000000715255737 0.0 0.0 -0.18000000715255737 0.0 0.0 -0.18000000715255737 0.0 0.0 0.0 0.0 0.0 -0.30000001192092896 0.0 0.0 0.0 -0.18000000715255737 0.0 0.0 -0.18000000715255737 0.0 0.0 0.0 0.0 0.0 -0.699999988079071 0.0 0.0 -0.800000011920929 0.0 0.0 -0.800000011920929 0.0 0.0 -0.18000000715255737 0.0 0.0 -0.18000000715255737 0.0 0.0 0.0 0.0 0.0 -0.699999988079071 0.0 0.0 -0.800000011920929 0.0 0.0 -0.800000011920929 0.0 0.0 -0.18000000715255737 0.0 0.0 -0.2800000011920929 0.0 0.0 0.0 -0.7599999904632568 -0.7599999904632568 0.0 0.0 -0.6600000262260437 0.0 -0.27000001072883606 0.0 0.0 0.0 0.0 0.0 0.0
165 -0.18000000715255737 0.0 -0.18000000715255737 0.0 -0.18000000715255737 0.0 0.0 -0.18000000715255737 0.0 0.0 0.0 0.0 0.0 -0.699999988079071 0.0 0.0 -0.800000011920929 0.0 0.0 -0.800000011920929 0.0 0.0 -0.18000000715255737 0.0 0.0 -0.18000000715255737 0.0 0.0 0.0 0.0 0.0 -0.699999988079071 0.0 0.0 -0.800000011920929 0.0 0.0 -0.800000011920929 0.0 0.0 -0.18000000715255737 0.0 0.0 -0.2800000011920929 0.0 0.0 0.0 -0.7599999904632568 -0.7599999904632568 0.0 0.0 -0.6600000262260437 0.0 -0.27000001072883606 0.0 0.0 0.0 0.0 0.0 0.0 -0.6600000262260437 0.0 -0.23000000417232513
166 -0.18000000715255737 0.0 0.0 0.0 0.0 -0.18000000715255737 0.0 0.0 -0.18000000715255737 0.0 0.0 0.0 0.0 0.0 -0.699999988079071 0.0 0.0 -0.800000011920929 0.0 0.0 -0.800000011920929 0.0 0.0 -0.18000000715255737 0.0 0.0 -0.2800000011920929 0.0 0.0 0.0 -0.7599999904632568 -0.7599999904632568 0.0 0.0 -0.6600000262260437 0.0 -0.27000001072883606 0.0 0.0 0.0 0.0 0.0 0.0 -0.6600000262260437 0.0 -0.10999999940395355 0.0 0.0 -0.23000000417232513 0.0 0.0 0.0 0.0 -0.6600000262260437 0.0 0.0
167 -0.18000000715255737 0.0 0.0 -0.18000000715255737 0.0 0.0 -0.18000000715255737 0.0 0.0 -0.2800000011920929 0.0 0.0 0.0 -0.7599999904632568 -0.7599999904632568 0.0 0.0 -0.6600000262260437 0.0 -0.27000001072883606 0.0 0.0 0.0 0.0 0.0 0.0 -0.6600000262260437 0.0 -0.10999999940395355 0.0 0.0 -0.23000000417232513 0.0 0.0 0.0 0.0 -0.6600000262260437 0.0 -0.18000000715255737 0.0 0.0 -0.11999999731779099 -0.11999999731779099 -0.11999999731779099 0.0 -0.11999999731779099 0.0 -0.11999999731779099 0.0 0.0
168 -0.18000000715255737 0.0 0.0 -0.2800000011920929 0.0 0.0 -0.7599999904632568 0.0 0.0 -0.6600000262260437 0.0 -0.27000001072883606 0.0 0.0 0.0 0.0 0.0 0.0 -0.6600000262260437 0.0 -0.10999999940395355 0.0 0.0 -0.23000000417232513 0.0 0.0 0.0 0.0 -0.6600000262260437 0.0 -0.18000000715255737 0.0 0.0 0.0 -0.11999999731779099 0.0 -0.11999999731779099 0.0 -0.11999999731779099 0.0 -0.11999999731779099 0.0 -0.11999999731779099 0.0 0.0 0.0 0.0 -0.6600000262260437 0.0
169 0.0 0.0 -0.6600000262260437 0.0 -0.27000001072883606 0.0 0.0 0.0 0.0 0.0 0.0 -0.6600000262260437 0.0 -0.10999999940395355 0.0 0.0 -0.23000000417232513 0.0 0.0 0.0 0.0 -0.6600000262260437 0.0 -0.18000000715255737 0.0 0.0 0.0 -0.11999999731779099 0.0 -0.11999999731779099 0.0 -0.11999999731779099 0.0 -0.11999999731779099 0.0 -0.11999999731779099 0.0 0.0 0.0 0.0 -0.6600000262260437 0.0 0.0 0.0 0.0 -0.6600000262260437 0.0 0.0
17 -0.10999999940395355 0.0 0.0 -0.23000000417232513 0.0 -0.18000000715255737 0.0 -0.18000000715255737 0.0 0.0 0.0 -0.18000000715255737 0.0 0.0 -0.09000000357627869 0.0 -0.27000001072883606 0.0 0.0 0.0 -0.27000001072883606 0.0 0.0 0.0 0.0 -0.05000000074505806 0.0 0.0 0.0 0.0 0.0 -0.5099999904632568 0.0 -0.5099999904632568 0.0 0.0 0.0 -0.27000001072883606 0.0 0.0 0.0 -0.2800000011920929 0.0 0.0 0.0 -0.7599999904632568 -0.7599999904632568 -0.10999999940395355 0.0 0.0 -0.23000000417232513 0.0 -0.18000000715255737 0.0 0.0 -0.18000000715255737 0.0 0.0 0.0 -0.550000011920929 -0.6200000047683716 0.0 0.0 0.0 -0.18000000715255737 0.0 0.0 -0.029999999329447746 -0.15000000596046448 0.0 -0.5099999904632568 0.0 0.0 0.0 -0.25 0.0 -0.20000000298023224 0.0 -0.27000001072883606 0.0 -0.14000000059604645 -0.18000000715255737 0.0 0.0 -0.09000000357627869 0.0 -0.27000001072883606 0.0 0.0 0.0 -0.27000001072883606 0.0 0.0 0.0 0.0 -0.18000000715255737 0.0 0.0 -0.18000000715255737 0.0 0.0 -0.029999999329447746 -0.15000000596046448 0.0 -0.5099999904632568 0.0 0.0 0.0 -0.25 0.0 -0.20000000298023224 0.0 -0.27000001072883606 0.0 -0.14000000059604645 0.0 -0.09000000357627869 0.0 -0.27000001072883606 0.0 0.0 0.0 -0.27000001072883606 0.0 0.0 0.0 -0.09000000357627869 0.0 -0.27000001072883606 0.0 0.0 0.0 -0.27000001072883606 0.0 0.0 0.0 -0.18000000715255737 0.0 0.0 -0.09000000357627869 0.0 -0.27000001072883606 0.0 0.0 0.0 -0.27000001072883606 0.0 0.0 0.0 -0.18000000715255737 0.0 0.0 -0.18000000715255737 0.0 0.0 -0.18000000715255737 0.0 0.0 0.0 0.0 0.0 -0.18000000715255737 0.0 0.0 -0.09000000357627869 0.0 -0.27000001072883606 0.0 0.0 0.0 -0.27000001072883606 0.0 0.0 0.0 -0.18000000715255737 0.0 0.0 0.0 -0.11999999731779099 0.0 -0.11999999731779099 0.0 -0.18000000715255737 0.0 0.0 0.0 -0.18000000715255737 0.0 0.0 0.0 -0.11999999731779099 -0.11999999731779099 0.0 -0.5400000214576721 0.0 -0.11999999731779099 0.0 -0.11999999731779099 0.0 -0.18000000715255737 0.0 0.0 -0.18000000715255737 0.0 0.0 0.0 -0.550000011920929 -0.6200000047683716 0.0 0.0 -0.11999999731779099 0.0 0.0 -0.27000001072883606 0.0 0.0 0.0 -0.18000000715255737 0.0 0.0 -0.2800000011920929 0.0 0.0 0.0 -0.7599999904632568 -0.7599999904632568 -0.09000000357627869 0.0 -0.27000001072883606 0.0 0.0 0.0 -0.27000001072883606 0.0 0.0 0.0 -0.18000000715255737 0.0 0.0 -0.029999999329447746 -0.15000000596046448 0.0 -0.5099999904632568 0.0 0.0 0.0 -0.25 0.0 -0.20000000298023224 0.0 -0.27000001072883606 0.0 -0.14000000059604645 0.0 -0.18000000715255737 0.0 0.0 -0.18000000715255737 0.0 0.0 -0.18000000715255737 0.0 0.0 0.0 0.0 0.0 -0.30000001192092896 0.0 0.0 0.0 -0.09000000357627869 0.0 -0.27000001072883606 0.0 0.0 -0.27000001072883606 0.0 0.0 0.0
170 0.0 0.0 0.0 -0.6600000262260437 0.0 -0.10999999940395355 0.0 0.0 -0.23000000417232513 0.0 0.0 0.0 0.0 -0.6600000262260437 0.0 -0.18000000715255737 0.0 0.0 0.0 -0.11999999731779099 0.0 -0.11999999731779099 0.0 -0.11999999731779099 0.0 -0.11999999731779099 0.0 -0.11999999731779099 0.0 0.0 0.0 0.0 -0.6600000262260437 0.0 0.0 0.0 0.0 -0.6600000262260437 0.0 -0.18000000715255737 0.0 0.0 -0.09000000357627869 -0.27000001072883606 0.0 0.0 0.0
171 -0.6600000262260437 0.0 -0.10999999940395355 0.0 0.0 0.0 0.0 0.0 -0.6600000262260437 0.0 -0.18000000715255737 0.0 0.0 0.0 -0.11999999731779099 0.0 -0.11999999731779099 0.0 -0.11999999731779099 0.0 -0.11999999731779099 0.0 -0.11999999731779099 0.0 0.0 0.0 0.0 -0.6600000262260437 0.0 0.0 0.0 0.0 -0.6600000262260437 0.0 -0.18000000715255737 0.0 0.0 -0.09000000357627869 0.0 -0.27000001072883606 0.0 0.0 0.0 -0.27000001072883606 0.0 0.0 0.0 -0.18000000715255737 0.0 -0.2800000011920929 0.0 0.0 -0.7599999904632568
172 0.0 0.0 0.0 -0.6600000262260437 0.0 -0.18000000715255737 0.0 0.0 0.0 -0.11999999731779099 0.0 -0.11999999731779099 0.0 -0.11999999731779099 -0.11999999731779099 0.0 -0.11999999731779099 0.0 0.0 0.0 0.0 -0.6600000262260437 0.0 0.0 0.0 0.0 -0.6600000262260437 0.0 -0.18000000715255737 0.0 0.0 -0.09000000357627869 0.0 -0.27000001072883606 0.0 0.0 0.0 -0.27000001072883606 0.0 0.0 0.0 -0.18000000715255737 0.0 0.0 -0.2800000011920929 0.0 0.0 0.0 -0.7599999904632568 -0.7599999904632568 -0.18000000715255737 0.0 0.0 -0.550000011920929 -0.6200000047683716 0.0 0.0
173 0.0 -0.18000000715255737 0.0 0.0 0.0 0.0 0.0 0.0 -0.6600000262260437 0.0 0.0 0.0 0.0 -0.6600000262260437 0.0 -0.18000000715255737 0.0 0.0 -0.09000000357627869 0.0 -0.27000001072883606 0.0 0.0 0.0 -0.27000001072883606 0.0 0.0 0.0 -0.18000000715255737 0.0 0.0 -0.2800000011920929 0.0 0.0 0.0 -0.7599999904632568 -0.7599999904632568 -0.18000000715255737 0.0 0.0 0.0 -0.550000011920929 -0.6200000047683716 0.0 0.0 0.0 0.0 -0.6600000262260437 0.0
174 0.0 0.0 0.0 -0.6600000262260437 0.0 0.0 0.0 0.0 -0.6600000262260437 0.0 -0.18000000715255737 0.0 0.0 -0.09000000357627869 0.0 -0.27000001072883606 0.0 0.0 0.0 -0.27000001072883606 0.0 0.0 0.0 -0.18000000715255737 0.0 0.0 -0.2800000011920929 0.0 0.0 0.0 -0.7599999904632568 -0.7599999904632568 -0.18000000715255737 0.0 0.0 0.0 -0.550000011920929 -0.6200000047683716 0.0 0.0 0.0 0.0 -0.6600000262260437 0.0 -0.27000001072883606 0.0 0.0 0.0 -0.09000000357627869 0.0 -0.27000001072883606 0.0 0.0 0.0
175 0.0 0.0 0.0 -0.6600000262260437 0.0 -0.18000000715255737 0.0 0.0 -0.09000000357627869 0.0 -0.27000001072883606 0.0 0.0 0.0 -0.27000001072883606 0.0 0.0 0.0 -0.18000000715255737 0.0 0.0 -0.2800000011920929 0.0 0.0 0.0 -0.7599999904632568 -0.7599999904632568 -0.18000000715255737 0.0 0.0 0.0 -0.550000011920929 -0.6200000047683716 0.0 0.0 0.0 0.0 -0.6600000262260437 0.0 -0.27000001072883606 0.0 0.0 0.0 -0.09000000357627869 0.0 -0.27000001072883606 0.0 0.0 0.0 -0.27000001072883606 0.0 0.0 0.0 -0.18000000715255737 0.0 -0.18000000715255737 0.0 0.0 0.0
176 -0.18000000715255737 0.0 -0.09000000357627869 0.0 -0.27000001072883606 0.0 0.0 0.0 -0.18000000715255737 0.0 0.0 -0.2800000011920929 0.0 0.0 0.0 -0.7599999904632568 -0.7599999904632568 -0.18000000715255737 0.0 0.0 0.0 -0.550000011920929 -0.6200000047683716 0.0 0.0 0.0 0.0 -0.6600000262260437 0.0 -0.27000001072883606 0.0 0.0 0.0 -0.09000000357627869 0.0 -0.27000001072883606 0.0 0.0 0.0 -0.27000001072883606 0.0 0.0 0.0 -0.18000000715255737 0.0 0.0 -0.18000000715255737 0.0 0.0 -0.18000000715255737 0.0 0.0 0.0 0.0 0.0 -0.30000001192092896 0.0 0.0 0.0 -0.27000001072883606 0.0 0.0
177 -0.18000000715255737 0.0 0.0 -0.2800000011920929 0.0 0.0 -0.7599999904632568 -0.18000000715255737 0.0 0.0 0.0 -0.550000011920929 -0.6200000047683716 0.0 0.0 0.0 0.0 -0.6600000262260437 0.0 -0.27000001072883606 0.0 0.0 0.0 -0.09000000357627869 0.0 -0.27000001072883606 0.0 0.0 0.0 -0.27000001072883606 0.0 0.0 0.0 -0.18000000715255737 0.0 0.0 -0.18000000715255737 0.0 0.0 -0.18000000715255737 0.0 0.0 0.0 0.0 0.0 -0.30000001192092896 0.0 0.0 0.0 -0.27000001072883606 0.0 0.0 0.0 0.0 0.0 0.0 -0.18000000715255737 0.0 0.0 -0.18000000715255737 0.0
178 -0.18000000715255737 0.0 0.0 -0.550000011920929 0.0 0.0 -0.6600000262260437 0.0 -0.27000001072883606 0.0 0.0 0.0 -0.09000000357627869 0.0 -0.27000001072883606 0.0 0.0 0.0 -0.27000001072883606 0.0 0.0 0.0 -0.18000000715255737 0.0 0.0 -0.18000000715255737 0.0 0.0 -0.18000000715255737 0.0 0.0 0.0 0.0 0.0 -0.30000001192092896 0.0 0.0 0.0 -0.27000001072883606 0.0 0.0 0.0 0.0 0.0 0.0 -0.18000000715255737 0.0 0.0 -0.18000000715255737 0.0 0.0 0.0 0.0 -0.6600000262260437
179 0.0 0.0 -0.27000001072883606 0.0 0.0 0.0 -0.09000000357627869 0.0 -0.27000001072883606 0.0 0.0 0.0 -0.27000001072883606 0.0 0.0 0.0 -0.18000000715255737 0.0 0.0 -0.18000000715255737 0.0 0.0 -0.18000000715255737 0.0 0.0 0.0 0.0 0.0 -0.30000001192092896 0.0 0.0 0.0 -0.27000001072883606 0.0 0.0 0.0 0.0 0.0 0.0 -0.18000000715255737 0.0 0.0 -0.18000000715255737 0.0 0.0 0.0 0.0 0.0 -0.6600000262260437 0.0 -0.18000000715255737 0.0 0.0 -0.18000000715255737 0.0 0.0 0.0 -0.550000011920929 -0.6200000047683716 0.0 0.0
18 -0.10999999940395355 0.0 0.0 -0.23000000417232513 0.0 -0.27000001072883606 0.0 0.0 0.0 -0.27000001072883606 0.0 0.0 0.0 0.0 -0.10999999940395355 0.0 0.0 -0.23000000417232513 0.0 -0.18000000715255737 0.0 0.0 -0.18000000715255737 0.0 0.0 0.0 -0.550000011920929 -0.6200000047683716 0.0 0.0 0.0 -0.18000000715255737 0.0 0.0 -0.029999999329447746 -0.15000000596046448 0.0 -0.5099999904632568 0.0 0.0 0.0 -0.25 0.0 -0.20000000298023224 0.0 -0.27000001072883606 0.0 -0.14000000059604645 0.0 -0.18000000715255737 0.0 0.0 -0.09000000357627869 0.0 -0.27000001072883606 0.0 0.0 0.0 -0.27000001072883606 0.0 0.0 0.0 -0.18000000715255737 0.0 0.0 0.0 0.0 -0.11999999731779099 0.0 -0.11999999731779099 0.0 -0.18000000715255737 0.0 -0.18000000715255737 0.0 0.0 -0.18000000715255737 0.0 0.0 -0.18000000715255737 0.0 0.0 0.0 0.0 0.0 -0.30000001192092896 0.0 0.0 0.0 -0.18000000715255737 0.0 0.0 0.0 -0.11999999731779099 0.0 -0.11999999731779099 0.0 -0.18000000715255737 0.0 0.0 -0.029999999329447746 -0.15000000596046448 0.0 -0.5099999904632568 0.0 0.0 0.0 -0.25 0.0 -0.20000000298023224 0.0 -0.27000001072883606 0.0 -0.14000000059604645 0.0 -0.09000000357627869 0.0 -0.27000001072883606 0.0 0.0 0.0 -0.27000001072883606 0.0 0.0 0.0 -0.09000000357627869 0.0 -0.27000001072883606 0.0 0.0 0.0 -0.27000001072883606 0.0 0.0 0.0 -0.18000000715255737 0.0 0.0 -0.09000000357627869 0.0 -0.27000001072883606 0.0 0.0 -0.27000001072883606 0.0 0.0 0.0 -0.18000000715255737 -0.09000000357627869 0.0 -0.27000001072883606 0.0 0.0 0.0 -0.27000001072883606 0.0 -0.18000000715255737 0.0 0.0 0.0 -0.18000000715255737 0.0 0.0 -0.029999999329447746 -0.15000000596046448 0.0 0.0 0.0 -0.18000000715255737 0.0 0.0 0.0 0.0 -0.11999999731779099 0.0 -0.11999999731779099 0.0 -0.18000000715255737 0.0 0.0 -0.18000000715255737 0.0 0.0 0.0 -0.550000011920929 -0.6200000047683716 0.0 0.0 -0.11999999731779099 0.0 -0.11999999731779099 0.0 -0.18000000715255737 0.0 0.0 0.0 -0.11999999731779099 0.0 -0.11999999731779099 0.0 -0.11999999731779099 0.0 -0.27000001072883606 0.0 0.0 0.0 -0.18000000715255737 0.0 0.0 -0.2800000011920929 0.0 0.0 0.0 -0.7599999904632568 -0.7599999904632568 -0.550000011920929 -0.6200000047683716 0.0 0.0 -0.18000000715255737 0.0 0.0 -0.2800000011920929 0.0 0.0 0.0 -0.7599999904632568 -0.7599999904632568 -0.09000000357627869 0.0 -0.27000001072883606 0.0 0.0 0.0 -0.27000001072883606 0.0 0.0 -0.18000000715255737 0.0 0.0 -0.029999999329447746 -0.15000000596046448 0.0 -0.5099999904632568 0.0 0.0 0.0 -0.25 0.0 -0.20000000298023224 0.0 -0.27000001072883606 0.0 -0.14000000059604645 0.0 -0.18000000715255737 0.0 0.0 -0.18000000715255737 0.0 0.0 0.0 0.0 0.0
180 -0.09000000357627869 0.0 -0.27000001072883606 0.0 0.0 0.0 -0.18000000715255737 0.0 0.0 -0.18000000715255737 0.0 0.0 -0.18000000715255737 0.0 0.0 0.0 0.0 0.0 -0.30000001192092896 0.0 0.0 -0.27000001072883606 0.0 0.0 0.0 0.0 0.0 0.0 -0.18000000715255737 0.0 0.0 -0.18000000715255737 0.0 0.0 0.0 0.0 0.0 -0.6600000262260437 0.0 -0.18000000715255737 0.0 0.0 -0.18000000715255737 0.0 0.0 0.0 -0.550000011920929 -0.6200000047683716 0.0 0.0 -0.18000000715255737 0.0 0.0 -0.11999999731779099 0.0 -0.11999999731779099 0.0 -0.11999999731779099 0.0
181 -0.27000001072883606 0.0 0.0 0.0 -0.18000000715255737 0.0 0.0 0.0 0.0 -0.27000001072883606 0.0 0.0 0.0 0.0 0.0 0.0 -0.18000000715255737 0.0 0.0 -0.18000000715255737 0.0 0.0 0.0 0.0 0.0 -0.6600000262260437 0.0 -0.18000000715255737 0.0 0.0 -0.18000000715255737 0.0 0.0 0.0 -0.550000011920929 -0.6200000047683716 0.0 0.0 -0.18000000715255737 0.0 0.0 0.0 -0.11999999731779099 0.0 -0.11999999731779099 0.0 -0.11999999731779099 0.0 -0.11999999731779099 0.0 -0.11999999731779099 0.0 0.0 0.0 -0.6600000262260437 0.0
182 -0.27000001072883606 0.0 0.0 0.0 0.0 0.0 0.0 -0.18000000715255737 0.0 0.0 -0.18000000715255737 0.0 0.0 0.0 0.0 0.0 -0.6600000262260437 0.0 -0.18000000715255737 0.0 0.0 -0.18000000715255737 0.0 0.0 0.0 -0.550000011920929 -0.6200000047683716 0.0 0.0 -0.18000000715255737 0.0 0.0 0.0 -0.11999999731779099 0.0 -0.11999999731779099 0.0 -0.11999999731779099 0.0 -0.11999999731779099 0.0 -0.11999999731779099 0.0 0.0 0.0 0.0 -0.6600000262260437 0.0 0.0 0.0 -0.6600000262260437
183 0.0 -0.18000000715255737 0.0 0.0 -0.18000000715255737 0.0 0.0 0.0 0.0 -0.6600000262260437 0.0 -0.18000000715255737 0.0 0.0 -0.18000000715255737 0.0 0.0 0.0 -0.550000011920929 -0.6200000047683716 0.0 0.0 -0.18000000715255737 0.0 0.0 0.0 -0.11999999731779099 0.0 -0.11999999731779099 0.0 -0.11999999731779099 0.0 -0.11999999731779099 0.0 -0.11999999731779099 0.0 0.0 0.0 0.0 -0.6600000262260437 0.0 0.0 0.0 0.0 -0.6600000262260437 0.0 0.0 0.0 0.0
184 0.0 0.0 0.0 -0.6600000262260437 0.0 -0.18000000715255737 0.0 0.0 -0.18000000715255737 0.0 0.0 0.0 -0.550000011920929 -0.6200000047683716 0.0 0.0 -0.18000000715255737 0.0 0.0 0.0 -0.11999999731779099 0.0 -0.11999999731779099 0.0 -0.11999999731779099 0.0 -0.11999999731779099 0.0 -0.11999999731779099 0.0 0.0 0.0 0.0 -0.6600000262260437 0.0 0.0 0.0 0.0 -0.6600000262260437 0.0 0.0 0.0 0.0 -0.6600000262260437 0.0 0.0
185 -0.18000000715255737 0.0 0.0 -0.18000000715255737 0.0 -0.18000000715255737 0.0 0.0 0.0 -0.11999999731779099 0.0 -0.11999999731779099 0.0 -0.11999999731779099 -0.11999999731779099 0.0 0.0 0.0 0.0 -0.6600000262260437 0.0 0.0 0.0 0.0 -0.6600000262260437 0.0 0.0 0.0 0.0 -0.6600000262260437 0.0 0.0 0.0 0.0 -0.6600000262260437
186 -0.18000000715255737 0.0 0.0 0.0 0.0 0.0 -0.6600000262260437 0.0 0.0 0.0 0.0 -0.6600000262260437 0.0 0.0 0.0 0.0 -0.6600000262260437 0.0 0.0 0.0 0.0 0.0 -0.6600000262260437 0.0 -0.18000000715255737 0.0 -0.18000000715255737 0.0 0.0 0.0
187 0.0 0.0 0.0 0.0 0.0 0.0 -0.6600000262260437 0.0 0.0 0.0 0.0 -0.6600000262260437 0.0 0.0 0.0 0.0 0.0 -0.6600000262260437 0.0 -0.18000000715255737 0.0 0.0 -0.18000000715255737 0.0 0.0 -0.18000000715255737 0.0 0.0 0.0 0.0 0.0 -0.30000001192092896 0.0 0.0 0.0 -0.18000000715255737 0.0 0.0
188 0.0 0.0 0.0 0.0 0.0 -0.6600000262260437 0.0 0.0 0.0 0.0 0.0 -0.6600000262260437 0.0 -0.18000000715255737 0.0 0.0 -0.18000000715255737 0.0 0.0 -0.18000000715255737 0.0 0.0 0.0 0.0 0.0 -0.30000001192092896 0.0 0.0 0.0 -0.18000000715255737 0.0 0.0 -0.2800000011920929 0.0 0.0 0.0 -0.7599999904632568 -0.7599999904632568 -0.18000000715255737 0.0 0.0 -0.18000000715255737 0.0 0.0
189 0.0 0.0 -0.6600000262260437 0.0 0.0 0.0 0.0 0.0 -0.6600000262260437 0.0 -0.18000000715255737 0.0 0.0 -0.18000000715255737 0.0 0.0 -0.18000000715255737 0.0 0.0 0.0 0.0 0.0 -0.30000001192092896 0.0 0.0 0.0 -0.18000000715255737 0.0 0.0 -0.2800000011920929 0.0 0.0 0.0 -0.7599999904632568 -0.7599999904632568 -0.18000000715255737 0.0 0.0 -0.18000000715255737 0.0 0.0 0.0 0.0 0.0 -0.699999988079071 0.0 0.0 -0.800000011920929 0.0 0.0 -0.800000011920929 0.0 -0.18000000715255737 0.0 0.0 0.0 -0.550000011920929
19 -0.10999999940395355 0.0 0.0 -0.23000000417232513 0.0 -0.10999999940395355 0.0 -0.23000000417232513 0.0 -0.18000000715255737 0.0 0.0 -0.18000000715255737 0.0 0.0 0.0 -0.550000011920929 -0.6200000047683716 0.0 0.0 0.0 -0.18000000715255737 0.0 0.0 -0.029999999329447746 -0.15000000596046448 0.0 -0.5099999904632568 0.0 0.0 0.0 -0.25 0.0 -0.20000000298023224 0.0 -0.27000001072883606 0.0 -0.14000000059604645 0.0 -0.18000000715255737 0.0 0.0 -0.09000000357627869 0.0 -0.27000001072883606 0.0 0.0 0.0 -0.27000001072883606 0.0 0.0 0.0 -0.18000000715255737 0.0 0.0 0.0 -0.11999999731779099 0.0 -0.11999999731779099 0.0 0.0 -0.5400000214576721 0.0 -0.11999999731779099 0.0 -0.11999999731779099 0.0 -0.18000000715255737 0.0 0.0 0.0 0.0 0.0 0.0 0.0 -0.18000000715255737 0.0 0.0 -0.18000000715255737 0.0 0.0 -0.18000000715255737 0.0 0.0 0.0 0.0 0.0 -0.30000001192092896 0.0 0.0 0.0 -0.18000000715255737 0.0 0.0 -0.18000000715255737 0.0 0.0 -0.18000000715255737 0.0 0.0 0.0 0.0 0.0 -0.30000001192092896 0.0 0.0 0.0 -0.18000000715255737 0.0 0.0 0.0 -0.11999999731779099 0.0 -0.11999999731779099 0.0 -0.11999999731779099 0.0 -0.11999999731779099 0.0 -0.11999999731779099 0.0 -0.18000000715255737 0.0 0.0 -0.029999999329447746 -0.15000000596046448 0.0 -0.5099999904632568 0.0 0.0 0.0 -0.25 0.0 -0.20000000298023224 0.0 -0.27000001072883606 0.0 -0.14000000059604645 0.0 -0.09000000357627869 0.0 -0.27000001072883606 0.0 0.0 0.0 -0.27000001072883606 0.0 0.0 0.0 -0.09000000357627869 0.0 -0.27000001072883606 0.0 -0.27000001072883606 0.0 0.0 0.0 -0.27000001072883606 0.0 0.0 0.0 -0.18000000715255737 0.0 0.0 -0.029999999329447746 -0.15000000596046448 0.0 -0.18000000715255737 0.0 0.0 0.0 -0.11999999731779099 0.0 -0.11999999731779099 0.0 -0.11999999731779099 0.0 0.0 0.0 -0.6600000262260437 0.0 -0.18000000715255737 0.0 0.0 0.0 -0.550000011920929 -0.6200000047683716 0.0 0.0 -0.18000000715255737 0.0 0.0 -0.18000000715255737 0.0 0.0 0.0 -0.550000011920929 -0.6200000047683716 0.0 0.0 -0.18000000715255737 0.0 0.0 -0.14000000059604645 0.0 0.0 -0.09000000357627869 -0.27000001072883606 0.0 0.0 0.0 -0.2800000011920929 0.0 0.0 0.0 -0.7599999904632568 -0.7599999904632568 0.0 0.0 0.0 0.0 -0.18000000715255737 0.0 0.0 0.0 -0.11999999731779099 0.0 -0.11999999731779099 0.0 -0.11999999731779099 0.0 -0.11999999731779099 0.0 -0.18000000715255737 0.0 0.0 0.0 -0.11999999731779099 0.0 -0.11999999731779099 0.0 -0.11999999731779099 -0.11999999731779099 -0.27000001072883606 0.0 0.0 0.0 -0.27000001072883606 0.0 0.0 0.0 -0.18000000715255737 0.0 0.0 -0.2800000011920929 0.0 0.0 0.0 -0.7599999904632568 -0.7599999904632568 -0.18000000715255737 0.0 0.0 -0.550000011920929 -0.6200000047683716 0.0 0.0 -0.18000000715255737 0.0 0.0 -0.2800000011920929 0.0 0.0 0.0 -0.7599999904632568 -0.7599999904632568 -0.18000000715255737 0.0 -0.14000000059604645 0.0 0.0 0.0 0.0 -0.18000000715255737 0.0 0.0 -0.029999999329447746 -0.15000000596046448 0.0 -0.5099999904632568 0.0 0.0 0.0 -0.25 0.0 -0.20000000298023224 0.0 -0.27000001072883606 0.0 -0.14000000059604645 0.0 0.0
190 0.0 0.0 0.0 0.0 -0.6600000262260437 0.0 -0.18000000715255737 0.0 0.0 -0.18000000715255737 0.0 0.0 -0.18000000715255737 0.0 0.0 0.0 0.0 0.0 -0.30000001192092896 0.0 0.0 0.0 -0.18000000715255737 0.0 0.0 -0.2800000011920929 0.0 0.0 0.0 -0.7599999904632568 -0.7599999904632568 -0.18000000715255737 0.0 0.0 -0.18000000715255737 0.0 0.0 0.0 0.0 0.0 -0.699999988079071 0.0 0.0 -0.800000011920929 0.0 0.0 -0.800000011920929 0.0 -0.18000000715255737 0.0 0.0 -0.18000000715255737 0.0 0.0 0.0 -0.550000011920929 -0.6200000047683716 0.0 0.0 0.0 0.0 0.0 -0.6600000262260437 0.0 -0.15000000596046448 0.0 -0.5099999904632568 0.0
191 0.0 0.0 -0.6600000262260437 0.0 -0.18000000715255737 0.0 0.0 -0.18000000715255737 0.0 0.0 -0.18000000715255737 0.0 0.0 0.0 0.0 0.0 -0.30000001192092896 0.0 0.0 0.0 -0.18000000715255737 0.0 0.0 -0.2800000011920929 0.0 0.0 0.0 -0.7599999904632568 -0.7599999904632568 -0.18000000715255737 0.0 0.0 -0.18000000715255737 0.0 0.0 0.0 0.0 0.0 -0.699999988079071 0.0 0.0 -0.800000011920929 0.0 0.0 -0.800000011920929 0.0 0.0 -0.18000000715255737 0.0 0.0 -0.18000000715255737 0.0 0.0 0.0 -0.550000011920929 -0.6200000047683716 0.0 0.0 0.0 0.0 0.0 -0.6600000262260437 0.0 -0.18000000715255737 0.0 -0.029999999329447746 -0.15000000596046448 0.0 -0.5099999904632568 0.0 0.0 0.0 0.0
192 -0.18000000715255737 0.0 0.0 -0.18000000715255737 0.0 0.0 -0.2800000011920929 0.0 0.0 0.0 -0.7599999904632568 -0.7599999904632568 -0.18000000715255737 0.0 0.0 -0.18000000715255737 0.0 0.0 0.0 0.0 0.0 -0.699999988079071 0.0 0.0 -0.800000011920929 0.0 0.0 -0.800000011920929 0.0 0.0 -0.18000000715255737 0.0 0.0 -0.18000000715255737 0.0 0.0 0.0 -0.550000011920929 -0.6200000047683716 0.0 0.0 0.0 0.0 0.0 -0.6600000262260437 0.0 -0.18000000715255737 0.0 0.0 -0.029999999329447746 -0.15000000596046448 0.0 -0.5099999904632568 0.0 0.0 0.0 -0.25 0.0 -0.20000000298023224 0.0 -0.27000001072883606 0.0 -0.14000000059604645 0.0 -0.05000000074505806 0.0 0.0 0.0 0.0 0.0 -0.5099999904632568 0.0 -0.5099999904632568 0.0 0.0
193 -0.18000000715255737 0.0 0.0 -0.2800000011920929 0.0 0.0 0.0 -0.7599999904632568 -0.18000000715255737 0.0 0.0 -0.18000000715255737 0.0 0.0 0.0 0.0 0.0 -0.699999988079071 0.0 0.0 0.0 -0.18000000715255737 0.0 0.0 -0.18000000715255737 0.0 0.0 0.0 -0.550000011920929 -0.6200000047683716 0.0 0.0 0.0 0.0 0.0 -0.6600000262260437 0.0 -0.18000000715255737 0.0 0.0 -0.029999999329447746 -0.15000000596046448 0.0 -0.5099999904632568 0.0 0.0 0.0 -0.25 0.0 -0.20000000298023224 0.0 -0.27000001072883606 0.0 -0.14000000059604645 0.0 -0.05000000074505806 0.0 0.0 0.0 0.0 0.0 -0.5099999904632568 0.0 -0.5099999904632568 0.0 0.0 0.0 -0.18000000715255737 0.0 0.0 0.0 -0.550000011920929 -0.6200000047683716 0.0 0.0 -0.09000000357627869 0.0 -0.18000000715255737 0.0 -0.27000001072883606 0.0 0.0 0.0
194 -0.18000000715255737 0.0 -0.18000000715255737 0.0 0.0 0.0 -0.18000000715255737 0.0 0.0 -0.18000000715255737 0.0 0.0 0.0 -0.550000011920929 -0.6200000047683716 0.0 0.0 0.0 0.0 0.0 -0.6600000262260437 0.0 -0.18000000715255737 0.0 0.0 -0.029999999329447746 -0.15000000596046448 0.0 -0.5099999904632568 0.0 0.0 0.0 -0.25 0.0 -0.20000000298023224 0.0 -0.27000001072883606 0.0 -0.14000000059604645 0.0 -0.05000000074505806 0.0 0.0 0.0 0.0 0.0 -0.5099999904632568 0.0 -0.5099999904632568 0.0 0.0 0.0 -0.18000000715255737 0.0 0.0 0.0 -0.550000011920929 -0.6200000047683716 0.0 0.0 -0.09000000357627869 0.0 -0.27000001072883606 0.0 0.0 0.0 -0.18000000715255737 0.0 0.0 -0.27000001072883606 0.0 0.0 0.0 -0.27000001072883606 0.0 0.0 0.0 0.0 -0.18000000715255737 0.0 0.0 0.0 0.0 0.0 -0.30000001192092896 0.0 0.0 0.0
195 0.0 -0.18000000715255737 0.0 0.0 -0.18000000715255737 0.0 0.0 0.0 -0.550000011920929 -0.6200000047683716 0.0 0.0 0.0 0.0 0.0 -0.6600000262260437 0.0 -0.18000000715255737 0.0 0.0 -0.029999999329447746 -0.15000000596046448 0.0 -0.5099999904632568 0.0 0.0 0.0 -0.25 0.0 -0.20000000298023224 0.0 -0.27000001072883606 0.0 -0.14000000059604645 0.0 -0.05000000074505806 0.0 0.0 0.0 0.0 0.0 -0.5099999904632568 0.0 -0.5099999904632568 0.0 0.0 0.0 -0.18000000715255737 0.0 0.0 0.0 -0.550000011920929 -0.6200000047683716 0.0 0.0 -0.09000000357627869 0.0 -0.27000001072883606 0.0 0.0 0.0 -0.18000000715255737 0.0 0.0 -0.27000001072883606 0.0 0.0 0.0 -0.09000000357627869 0.0 -0.27000001072883606 0.0 0.0 -0.27000001072883606 0.0 0.0 0.0
196 0.0 0.0 0.0 -0.6600000262260437 0.0 -0.18000000715255737 0.0 0.0 -0.029999999329447746 -0.15000000596046448 0.0 -0.5099999904632568 0.0 0.0 -0.25 0.0 -0.20000000298023224 0.0 -0.27000001072883606 -0.14000000059604645 0.0 -0.05000000074505806 0.0 0.0 0.0 0.0 0.0 -0.5099999904632568 0.0 -0.5099999904632568 0.0 0.0 0.0 -0.18000000715255737 0.0 0.0 0.0 -0.550000011920929 -0.6200000047683716 0.0 0.0 -0.09000000357627869 0.0 -0.27000001072883606 0.0 0.0 0.0 -0.18000000715255737 0.0 0.0 -0.27000001072883606 0.0 0.0 0.0 -0.09000000357627869 0.0 -0.27000001072883606 0.0 0.0 0.0 -0.27000001072883606 0.0 0.0 0.0 -0.18000000715255737 0.0 0.0 0.0 -0.550000011920929 -0.6200000047683716 0.0 0.0 0.0 0.0 -0.6600000262260437 0.0
197 0.0 0.0 -0.6600000262260437 0.0 -0.18000000715255737 0.0 0.0 -0.029999999329447746 -0.15000000596046448 0.0 0.0 -0.25 0.0 -0.20000000298023224 0.0 -0.27000001072883606 0.0 -0.14000000059604645 0.0 -0.05000000074505806 0.0 0.0 0.0 0.0 0.0 -0.5099999904632568 -0.5099999904632568 0.0 0.0 0.0 -0.18000000715255737 0.0 0.0 0.0 -0.550000011920929 -0.6200000047683716 0.0 0.0 -0.09000000357627869 0.0 -0.27000001072883606 0.0 0.0 0.0 -0.18000000715255737 0.0 0.0 -0.27000001072883606 0.0 0.0 0.0 -0.09000000357627869 0.0 -0.27000001072883606 0.0 0.0 0.0 -0.27000001072883606 0.0 0.0 0.0 -0.18000000715255737 0.0 0.0 0.0 -0.550000011920929 -0.6200000047683716 0.0 0.0 0.0 0.0 0.0 -0.6600000262260437 0.0 0.0 0.0 0.0 0.0
198 0.0 -0.25 0.0 -0.20000000298023224 0.0 -0.05000000074505806 0.0 0.0 0.0 -0.5099999904632568 0.0 0.0 -0.18000000715255737 0.0 0.0 0.0 -0.550000011920929 -0.6200000047683716 0.0 0.0 -0.09000000357627869 0.0 -0.27000001072883606 0.0 0.0 0.0 -0.18000000715255737 0.0 0.0 -0.27000001072883606 0.0 0.0 0.0 -0.09000000357627869 0.0 -0.27000001072883606 0.0 0.0 0.0 -0.27000001072883606 0.0 0.0 0.0 -0.18000000715255737 0.0 0.0 0.0 -0.550000011920929 -0.6200000047683716 0.0 0.0 0.0 0.0 0.0 -0.6600000262260437 0.0 0.0 0.0 0.0
199 -0.18000000715255737 0.0 0.0 0.0 -0.550000011920929 -0.6200000047683716 0.0 0.0 -0.09000000357627869 0.0 -0.27000001072883606 0.0 0.0 0.0 -0.18000000715255737 0.0 0.0 -0.27000001072883606 0.0 0.0 0.0 -0.09000000357627869 0.0 -0.27000001072883606 0.0 0.0 0.0 -0.27000001072883606 0.0 0.0 0.0 -0.18000000715255737 0.0 0.0 0.0 -0.550000011920929 -0.6200000047683716 0.0 0.0 0.0 0.0 0.0 -0.6600000262260437 0.0 0.0 0.0 0.0 -0.6600000262260437 0.0 0.0 0.0 0.0 -0.18000000715255737 0.0 -0.18000000715255737 0.0 0.0 0.0
2 -0.18000000715255737 0.0 0.0 -0.14000000059604645 0.0 0.0 -0.09000000357627869 -0.2199999988079071 0.0 0.0 0.0 0.0 0.0 0.0 -0.6600000262260437 0.0 -0.18000000715255737 0.0 0.0 -0.18000000715255737 0.0 0.0 0.0 0.0 0.0 -0.699999988079071 0.0 0.0 -0.800000011920929 0.0 0.0 -0.800000011920929 0.0 0.0 -0.18000000715255737 0.0 0.0 -0.18000000715255737 0.0 0.0 0.0 0.0 0.0 -0.699999988079071 0.0 0.0 -0.800000011920929 0.0 0.0 -0.800000011920929 0.0 0.0 -0.18000000715255737 0.0 0.0 -0.18000000715255737 0.0 0.0 0.0 0.0 0.0 -0.699999988079071 0.0 0.0 -0.800000011920929 0.0 0.0 -0.800000011920929 0.0 0.0 -0.09000000357627869 0.0 -0.27000001072883606 0.0 0.0 0.0 -0.18000000715255737 0.0 0.0 -0.27000001072883606 0.0 0.0 0.0 0.0 0.0 0.0 -0.7599999904632568 0.0 -0.27000001072883606 0.0 0.0 0.0 -0.11999999731779099 0.0 -0.11999999731779099 0.0 0.0 -0.5400000214576721 0.0 -0.11999999731779099 -0.11999999731779099 0.0 0.0 -0.5400000214576721 0.0 -0.18000000715255737 0.0 0.0 -0.18000000715255737 0.0 -0.18000000715255737 0.0 0.0 0.0 -0.27000001072883606 0.0 0.0 0.0 -0.18000000715255737 0.0 0.0 0.0 -0.11999999731779099 0.0 -0.11999999731779099 0.0 -0.11999999731779099 0.0 -0.11999999731779099 0.0 -0.11999999731779099 0.0 -0.27000001072883606 0.0 0.0 0.0 0.0 0.0 -0.6600000262260437 0.0 0.0 0.0 -0.6600000262260437 0.0 -0.27000001072883606 0.0 0.0 0.0 -0.18000000715255737 0.0 0.0 0.0 0.0 -0.10999999940395355 0.0 0.0 -0.23000000417232513 0.0 -0.18000000715255737 0.0 -0.18000000715255737 0.0 0.0 -0.18000000715255737 0.0 0.0 0.0 0.0 0.0 -0.30000001192092896 0.0 0.0 0.0 -0.05000000074505806 0.0 0.0 0.0 0.0 0.0 -0.5099999904632568 0.0 -0.5099999904632568 0.0 0.0 0.0 -0.2800000011920929 0.0 0.0 0.0 -0.7599999904632568 -0.7599999904632568 -0.09000000357627869 -0.2199999988079071 0.0 0.0 0.0 -0.18000000715255737 0.0 0.0 -0.09000000357627869 0.0 -0.27000001072883606 0.0 0.0 0.0 -0.27000001072883606 0.0 0.0 0.0 -0.18000000715255737 0.0 0.0 -0.09000000357627869 -0.27000001072883606 0.0 0.0 0.0 0.0 0.0 -0.2800000011920929 0.0 0.0 0.0 -0.7599999904632568 -0.7599999904632568
20 -0.10999999940395355 0.0 0.0 -0.23000000417232513 0.0 -0.18000000715255737 0.0 0.0 -0.18000000715255737 0.0 0.0 0.0 -0.18000000715255737 0.0 0.0 -0.029999999329447746 -0.15000000596046448 0.0 -0.5099999904632568 0.0 0.0 0.0 -0.25 0.0 -0.20000000298023224 0.0 -0.27000001072883606 0.0 -0.14000000059604645 0.0 -0.18000000715255737 0.0 0.0 -0.09000000357627869 0.0 -0.27000001072883606 0.0 0.0 0.0 -0.27000001072883606 0.0 0.0 0.0 -0.18000000715255737 0.0 0.0 0.0 -0.11999999731779099 0.0 -0.11999999731779099 0.0 0.0 -0.5400000214576721 0.0 -0.11999999731779099 0.0 -0.11999999731779099 0.0 -0.18000000715255737 0.0 0.0 -0.18000000715255737 0.0 0.0 -0.18000000715255737 0.0 0.0 0.0 0.0 0.0 -0.30000001192092896 0.0 0.0 -0.18000000715255737 0.0 0.0 0.0 0.0 -0.18000000715255737 0.0 0.0 -0.029999999329447746 -0.15000000596046448 -0.5099999904632568 0.0 0.0 -0.25 0.0 -0.20000000298023224 0.0 -0.27000001072883606 0.0 -0.14000000059604645 0.0 -0.18000000715255737 0.0 0.0 -0.18000000715255737 0.0 0.0 -0.18000000715255737 0.0 0.0 0.0 0.0 0.0 -0.30000001192092896 0.0 -0.18000000715255737 0.0 0.0 -0.18000000715255737 0.0 0.0 -0.18000000715255737 0.0 0.0 0.0 0.0 0.0 -0.30000001192092896 0.0 0.0 0.0 -0.18000000715255737 0.0 0.0 0.0 -0.11999999731779099 0.0 -0.11999999731779099 0.0 -0.11999999731779099 0.0 -0.11999999731779099 0.0 -0.11999999731779099 0.0 -0.18000000715255737 0.0 0.0 -0.029999999329447746 -0.15000000596046448 0.0 -0.5099999904632568 0.0 0.0 0.0 -0.25 0.0 -0.20000000298023224 0.0 -0.27000001072883606 0.0 -0.14000000059604645 0.0 -0.09000000357627869 0.0 -0.27000001072883606 0.0 0.0 0.0 -0.27000001072883606 0.0 0.0 0.0 -0.09000000357627869 0.0 -0.27000001072883606 0.0 0.0 -0.27000001072883606 0.0 0.0 0.0 -0.18000000715255737 0.0 0.0 -0.09000000357627869 0.0 -0.27000001072883606 0.0 0.0 0.0 -0.27000001072883606 0.0 0.0 0.0 -0.18000000715255737 0.0 0.0 -0.09000000357627869 0.0 -0.27000001072883606 0.0 0.0 0.0 -0.27000001072883606 0.0 0.0 0.0 -0.18000000715255737 0.0 0.0 -0.18000000715255737 0.0 0.0 -0.029999999329447746 -0.15000000596046448 0.0 -0.5099999904632568 0.0 0.0 0.0 -0.25 0.0 -0.20000000298023224 0.0 -0.27000001072883606 -0.14000000059604645 -0.18000000715255737 0.0 0.0 0.0 -0.11999999731779099 0.0 0.0 -0.18000000715255737 0.0 0.0 0.0 -0.6200000047683716 0.0 0.0 0.0 -0.7599999904632568 -0.27000001072883606 0.0 0.0 0.0 -0.27000001072883606 0.0 0.0 -0.27000001072883606 0.0 -0.27000001072883606 0.0 0.0 0.0 0.0 0.0 0.0 -0.18000000715255737 0.0 -0.18000000715255737 0.0 0.0 -0.18000000715255737 0.0 0.0 0.0 0.0 0.0 -0.30000001192092896 0.0 0.0 0.0 -0.18000000715255737 0.0 0.0 0.0 -0.550000011920929 -0.6200000047683716 0.0 0.0 -0.27000001072883606 0.0 0.0 0.0 -0.18000000715255737 0.0 0.0 0.0 -0.11999999731779099 0.0 -0.11999999731779099 0.0 -0.11999999731779099 0.0 -0.11999999731779099 0.0 -0.11999999731779099 0.0 -0.09000000357627869 0.0 -0.27000001072883606 0.0 0.0 -0.18000000715255737 0.0 0.0 -0.27000001072883606 0.0 0.0 0.0 -0.18000000715255737 0.0 0.0 -0.18000000715255737 0.0 0.0 -0.18000000715255737 0.0 0.0 0.0 -0.11999999731779099 0.0 -0.11999999731779099 0.0 -0.11999999731779099 0.0 -0.11999999731779099 0.0 -0.11999999731779099 0.0 -0.27000001072883606 0.0 0.0 0.0 -0.27000001072883606 0.0 0.0 0.0 -0.18000000715255737 0.0 0.0 -0.2800000011920929 0.0 0.0 0.0 -0.7599999904632568 -0.7599999904632568 -0.18000000715255737 0.0 0.0 0.0 -0.550000011920929 -0.6200000047683716 0.0 0.0 0.0 -0.18000000715255737 0.0 0.0 -0.2800000011920929 0.0 0.0 0.0 -0.7599999904632568 -0.7599999904632568 -0.18000000715255737 0.0 0.0 -0.14000000059604645 0.0 0.0 -0.09000000357627869 -0.2199999988079071 0.0 0.0 -0.18000000715255737 0.0 -0.09000000357627869 0.0 -0.27000001072883606 0.0 0.0 0.0 -0.27000001072883606 0.0 0.0 0.0 -0.18000000715255737 0.0 0.0 -0.029999999329447746 -0.15000000596046448 0.0 -0.5099999904632568 0.0 0.0 0.0 -0.25 0.0 -0.20000000298023224 0.0 -0.27000001072883606 0.0 -0.14000000059604645 0.0 -0.18000000715255737 0.0 -0.09000000357627869 0.0 -0.27000001072883606 0.0 0.0 -0.27000001072883606 0.0 0.0 0.0 -0.18000000715255737 0.0 0.0 -0.18000000715255737 0.0 0.0 -0.18000000715255737 0.0 0.0 -0.09000000357627869 0.0 -0.27000001072883606 0.0 0.0 0.0 -0.27000001072883606 0.0 0.0 0.0
200 -0.18000000715255737 0.0 0.0 -0.09000000357627869 0.0 -0.27000001072883606 0.0 0.0 0.0 -0.18000000715255737 0.0 0.0 -0.27000001072883606 0.0 0.0 0.0 -0.09000000357627869 0.0 -0.27000001072883606 0.0 0.0 0.0 -0.27000001072883606 0.0 0.0 0.0 -0.18000000715255737 0.0 0.0 0.0 -0.550000011920929 -0.6200000047683716 0.0 0.0 0.0 0.0 0.0 -0.6600000262260437 0.0 0.0 0.0 0.0 -0.6600000262260437 0.0 0.0 0.0 0.0 -0.18000000715255737 0.0 0.0 -0.18000000715255737 0.0 0.0 -0.27000001072883606 0.0 0.0
201 -0.09000000357627869 -0.27000001072883606 0.0 0.0 0.0 -0.18000000715255737 0.0 -0.09000000357627869 0.0 -0.27000001072883606 0.0 0.0 0.0 -0.18000000715255737 0.0 0.0 0.0 -0.550000011920929 -0.6200000047683716 0.0 0.0 0.0 0.0 0.0 -0.6600000262260437 0.0 0.0 0.0 0.0 -0.6600000262260437 0.0 0.0 0.0 0.0 -0.18000000715255737 0.0 0.0 -0.18000000715255737 0.0 0.0 -0.27000001072883606 0.0 0.0 0.0 0.0 0.0 -0.6600000262260437 0.0 -0.27000001072883606 0.0 0.0
202 0.0 -0.18000000715255737 0.0 0.0 0.0 -0.550000011920929 0.0 0.0 0.0 -0.6600000262260437 0.0 0.0 0.0 0.0 -0.6600000262260437 0.0 0.0 0.0 0.0 -0.18000000715255737 0.0 0.0 -0.18000000715255737 0.0 0.0 -0.27000001072883606 0.0 0.0 0.0 0.0 0.0 -0.6600000262260437 0.0 -0.27000001072883606 0.0 0.0 0.0 -0.18000000715255737 0.0 -0.2800000011920929 0.0 0.0 0.0
203 0.0 0.0 0.0 0.0 -0.6600000262260437 0.0 0.0 0.0 -0.6600000262260437 0.0 0.0 0.0 0.0 -0.18000000715255737 0.0 0.0 -0.18000000715255737 0.0 0.0 -0.27000001072883606 0.0 0.0 0.0 0.0 0.0 -0.6600000262260437 0.0 -0.27000001072883606 0.0 0.0 0.0 -0.18000000715255737 0.0 0.0 -0.2800000011920929 0.0 0.0 0.0 -0.7599999904632568 -0.7599999904632568 -0.2800000011920929 0.0 0.0
204 0.0 0.0 0.0 -0.6600000262260437 0.0 0.0 0.0 0.0 -0.18000000715255737 0.0 0.0 -0.18000000715255737 0.0 0.0 -0.27000001072883606 0.0 0.0 0.0 0.0 0.0 -0.6600000262260437 0.0 -0.27000001072883606 0.0 0.0 0.0 -0.18000000715255737 0.0 0.0 -0.2800000011920929 0.0 0.0 0.0 -0.7599999904632568 -0.7599999904632568 -0.2800000011920929 0.0 0.0 0.0 -0.7599999904632568 -0.7599999904632568 -0.27000001072883606 0.0 0.0
205 0.0 0.0 -0.18000000715255737 0.0 0.0 -0.18000000715255737 0.0 -0.27000001072883606 0.0 0.0 0.0 0.0 0.0 -0.6600000262260437 0.0 -0.27000001072883606 0.0 0.0 0.0 -0.18000000715255737 0.0 0.0 -0.2800000011920929 0.0 0.0 0.0 -0.7599999904632568 -0.7599999904632568 -0.2800000011920929 0.0 0.0 0.0 -0.7599999904632568 -0.7599999904632568 -0.27000001072883606 0.0 0.0 0.0 0.0
206 0.0 -0.27000001072883606 0.0 0.0 0.0 0.0 0.0 -0.6600000262260437 0.0 -0.27000001072883606 0.0 0.0 0.0 -0.18000000715255737 0.0 0.0 -0.2800000011920929 0.0 0.0 0.0 -0.7599999904632568 -0.7599999904632568 -0.2800000011920929 0.0 0.0 0.0 -0.7599999904632568 -0.7599999904632568 -0.27000001072883606 0.0 0.0 0.0 0.0 -0.18000000715255737 0.0 0.0 -0.09000000357627869 0.0 0.0 0.0 0.0
207 0.0 0.0 0.0 -0.18000000715255737 0.0 0.0 -0.2800000011920929 0.0 0.0 0.0 -0.7599999904632568 -0.7599999904632568 -0.2800000011920929 0.0 0.0 0.0 -0.7599999904632568 -0.7599999904632568 -0.27000001072883606 0.0 0.0 0.0 0.0 -0.18000000715255737 0.0 0.0 -0.09000000357627869 0.0 -0.27000001072883606 0.0 0.0 0.0 -0.27000001072883606 0.0 0.0 0.0 0.0 0.0 0.0 -0.18000000715255737 0.0 -0.18000000715255737 0.0
208 -0.18000000715255737 0.0 0.0 -0.2800000011920929 0.0 -0.2800000011920929 0.0 0.0 0.0 -0.7599999904632568 -0.7599999904632568 -0.27000001072883606 0.0 0.0 0.0 0.0 -0.18000000715255737 0.0 0.0 -0.09000000357627869 0.0 -0.27000001072883606 0.0 0.0 0.0 -0.27000001072883606 0.0 0.0 0.0 0.0 0.0 0.0 -0.18000000715255737 0.0 0.0 -0.18000000715255737 0.0 0.0 -0.18000000715255737 0.0 0.0 -0.09000000357627869 0.0 -0.27000001072883606 0.0 0.0 0.0 -0.27000001072883606 0.0 0.0
209 -0.2800000011920929 0.0 0.0 -0.7599999904632568 -0.7599999904632568 -0.27000001072883606 0.0 0.0 0.0 0.0 -0.18000000715255737 0.0 0.0 -0.09000000357627869 0.0 -0.27000001072883606 0.0 0.0 0.0 -0.27000001072883606 0.0 0.0 0.0 0.0 0.0 0.0 -0.18000000715255737 0.0 0.0 -0.18000000715255737 0.0 0.0 -0.18000000715255737 0.0 0.0 -0.09000000357627869 0.0 -0.27000001072883606 0.0 0.0 0.0 -0.27000001072883606 0.0 0.0 0.0 0.0 0.0 -0.6600000262260437 0.0 -0.27000001072883606 0.0 0.0 0.0
21 0.0 -0.18000000715255737 0.0 0.0 -0.029999999329447746 -0.15000000596046448 0.0 -0.5099999904632568 0.0 0.0 0.0 -0.25 0.0 -0.20000000298023224 0.0 -0.27000001072883606 -0.14000000059604645 0.0 -0.18000000715255737 0.0 0.0 -0.09000000357627869 0.0 -0.27000001072883606 0.0 0.0 0.0 -0.27000001072883606 0.0 0.0 0.0 -0.18000000715255737 0.0 0.0 0.0 -0.11999999731779099 0.0 -0.11999999731779099 0.0 0.0 -0.5400000214576721 0.0 -0.11999999731779099 0.0 -0.11999999731779099 0.0 -0.18000000715255737 0.0 0.0 -0.18000000715255737 0.0 0.0 -0.18000000715255737 0.0 0.0 0.0 0.0 0.0 -0.30000001192092896 0.0 0.0 0.0 -0.18000000715255737 0.0 0.0 -0.18000000715255737 0.0 0.0 -0.18000000715255737 0.0 0.0 0.0 0.0 0.0 -0.18000000715255737 0.0 -0.18000000715255737 0.0 0.0 -0.18000000715255737 0.0 0.0 0.0 0.0 -0.30000001192092896 0.0 0.0 -0.18000000715255737 0.0 0.0 0.0 -0.550000011920929 -0.6200000047683716 0.0 0.0 -0.18000000715255737 0.0 0.0 -0.18000000715255737 -0.18000000715255737 0.0 0.0 -0.029999999329447746 -0.15000000596046448 0.0 -0.5099999904632568 0.0 0.0 0.0 -0.25 0.0 -0.20000000298023224 0.0 -0.27000001072883606 0.0 -0.14000000059604645 0.0 -0.18000000715255737 0.0 0.0 -0.18000000715255737 0.0 0.0 -0.18000000715255737 0.0 0.0 0.0 0.0 0.0 -0.30000001192092896 0.0 -0.18000000715255737 0.0 0.0 -0.18000000715255737 0.0 0.0 -0.18000000715255737 0.0 0.0 0.0 0.0 0.0 -0.30000001192092896 0.0 0.0 0.0 -0.18000000715255737 0.0 0.0 0.0 -0.11999999731779099 0.0 -0.11999999731779099 0.0 -0.11999999731779099 0.0 -0.11999999731779099 0.0 -0.11999999731779099 0.0 -0.18000000715255737 0.0 0.0 -0.25 0.0 -0.09000000357627869 0.0 -0.27000001072883606 0.0 0.0 0.0 -0.27000001072883606 0.0 0.0 0.0 0.0 -0.27000001072883606 0.0 0.0 -0.18000000715255737 0.0 0.0 -0.029999999329447746 -0.15000000596046448 0.0 -0.5099999904632568 0.0 0.0 0.0 -0.25 0.0 -0.27000001072883606 0.0 0.0 0.0 -0.10999999940395355 0.0 0.0 -0.23000000417232513 0.0 -0.18000000715255737 0.0 0.0 -0.18000000715255737 0.0 0.0 -0.18000000715255737 0.0 0.0 0.0 0.0 0.0 -0.30000001192092896 0.0 0.0 0.0 -0.18000000715255737 0.0 0.0 -0.18000000715255737 0.0 0.0 0.0 -0.550000011920929 -0.6200000047683716 0.0 0.0 -0.27000001072883606 0.0 0.0 0.0 -0.18000000715255737 0.0 0.0 0.0 -0.11999999731779099 0.0 -0.11999999731779099 0.0 -0.11999999731779099 0.0 -0.11999999731779099 0.0 -0.11999999731779099 0.0 -0.18000000715255737 0.0 -0.18000000715255737 0.0 -0.27000001072883606 0.0 0.0 -0.18000000715255737 0.0 0.0 0.0 0.0 -0.18000000715255737 0.0 0.0 0.0 -0.11999999731779099 0.0 -0.11999999731779099 -0.11999999731779099 0.0 -0.18000000715255737 0.0 0.0 0.0 -0.11999999731779099 0.0 -0.11999999731779099 0.0 -0.11999999731779099 0.0 -0.11999999731779099 0.0 -0.11999999731779099 0.0 -0.27000001072883606 0.0 0.0 0.0 -0.27000001072883606 0.0 0.0 0.0 -0.18000000715255737 0.0 0.0 -0.2800000011920929 0.0 0.0 0.0 -0.7599999904632568 -0.7599999904632568 -0.18000000715255737 0.0 0.0 0.0 -0.550000011920929 -0.6200000047683716 0.0 0.0 -0.18000000715255737 0.0 0.0 -0.2800000011920929 0.0 0.0 0.0 -0.7599999904632568 -0.7599999904632568 -0.18000000715255737 0.0 0.0 -0.14000000059604645 0.0 -0.18000000715255737 0.0 0.0 -0.029999999329447746 -0.15000000596046448 0.0 -0.5099999904632568 0.0 0.0 0.0 -0.25 -0.20000000298023224 -0.27000001072883606 0.0 -0.14000000059604645 0.0 0.0
210 -0.27000001072883606 0.0 0.0 0.0 0.0 -0.18000000715255737 0.0 0.0 -0.09000000357627869 0.0 -0.27000001072883606 0.0 0.0 0.0 -0.27000001072883606 0.0 0.0 0.0 0.0 0.0 0.0 -0.18000000715255737 0.0 0.0 -0.18000000715255737 0.0 0.0 -0.18000000715255737 0.0 0.0 -0.09000000357627869 0.0 -0.27000001072883606 0.0 0.0 0.0 -0.27000001072883606 0.0 0.0 0.0 0.0 0.0 -0.6600000262260437 0.0 -0.27000001072883606 0.0 0.0 0.0 -0.18000000715255737 0.0 0.0 0.0 -0.11999999731779099 0.0 -0.11999999731779099 0.0 0.0
211 0.0 -0.18000000715255737 0.0 0.0 -0.09000000357627869 0.0 -0.27000001072883606 0.0 0.0 0.0 -0.27000001072883606 0.0 0.0 0.0 0.0 0.0 0.0 -0.18000000715255737 0.0 0.0 -0.18000000715255737 0.0 0.0 -0.18000000715255737 0.0 0.0 -0.09000000357627869 0.0 -0.27000001072883606 0.0 0.0 0.0 -0.27000001072883606 0.0 0.0 0.0 0.0 0.0 -0.6600000262260437 0.0 -0.27000001072883606 0.0 0.0 0.0 -0.18000000715255737 0.0 0.0 0.0 -0.11999999731779099 0.0 -0.11999999731779099 0.0 -0.11999999731779099 0.0 -0.11999999731779099 0.0 -0.11999999731779099 0.0 -0.27000001072883606 0.0 0.0 0.0 0.0
212 -0.18000000715255737 0.0 0.0 -0.09000000357627869 0.0 -0.27000001072883606 0.0 0.0 0.0 -0.27000001072883606 0.0 0.0 0.0 0.0 0.0 0.0 -0.18000000715255737 0.0 0.0 -0.18000000715255737 0.0 0.0 -0.18000000715255737 0.0 0.0 -0.09000000357627869 0.0 -0.27000001072883606 0.0 0.0 0.0 -0.27000001072883606 0.0 0.0 0.0 0.0 0.0 -0.6600000262260437 0.0 -0.27000001072883606 0.0 0.0 0.0 -0.18000000715255737 0.0 0.0 0.0 -0.11999999731779099 0.0 -0.11999999731779099 0.0 -0.11999999731779099 0.0 -0.11999999731779099 0.0 -0.11999999731779099 0.0 -0.27000001072883606 0.0 0.0 0.0 -0.18000000715255737 0.0 0.0 -0.2800000011920929 0.0 0.0
213 0.0 0.0 0.0 -0.18000000715255737 0.0 0.0 -0.18000000715255737 0.0 0.0 -0.18000000715255737 0.0 0.0 -0.09000000357627869 0.0 -0.27000001072883606 0.0 0.0 0.0 -0.27000001072883606 0.0 0.0 0.0 0.0 0.0 -0.6600000262260437 0.0 -0.27000001072883606 0.0 0.0 0.0 -0.18000000715255737 0.0 0.0 0.0 -0.11999999731779099 0.0 -0.11999999731779099 0.0 -0.11999999731779099 0.0 -0.11999999731779099 0.0 -0.11999999731779099 0.0 -0.27000001072883606 0.0 0.0 0.0 -0.18000000715255737 0.0 0.0 -0.2800000011920929 0.0 0.0 0.0 -0.7599999904632568 -0.7599999904632568 -0.18000000715255737 0.0 0.0 -0.18000000715255737 0.0 0.0 0.0 -0.6200000047683716 0.0 -0.27000001072883606 0.0 0.0
214 0.0 -0.18000000715255737 0.0 0.0 -0.09000000357627869 0.0 -0.27000001072883606 0.0 0.0 0.0 -0.27000001072883606 0.0 0.0 0.0 0.0 0.0 -0.6600000262260437 0.0 -0.27000001072883606 0.0 0.0 0.0 -0.18000000715255737 0.0 0.0 0.0 -0.11999999731779099 0.0 -0.11999999731779099 0.0 -0.11999999731779099 0.0 -0.11999999731779099 0.0 -0.11999999731779099 0.0 -0.27000001072883606 0.0 0.0 0.0 -0.18000000715255737 0.0 0.0 -0.2800000011920929 0.0 0.0 0.0 -0.7599999904632568 -0.7599999904632568 -0.18000000715255737 0.0 0.0 -0.18000000715255737 0.0 0.0 0.0 -0.550000011920929 -0.6200000047683716 0.0 0.0 -0.09000000357627869 0.0 -0.27000001072883606 0.0 0.0 0.0 0.0 0.0 0.0
215 0.0 0.0 0.0 -0.6600000262260437 -0.27000001072883606 0.0 0.0 0.0 -0.18000000715255737 0.0 0.0 0.0 -0.11999999731779099 0.0 -0.11999999731779099 0.0 -0.11999999731779099 0.0 -0.11999999731779099 0.0 -0.11999999731779099 0.0 -0.27000001072883606 0.0 0.0 0.0 -0.18000000715255737 0.0 0.0 -0.2800000011920929 0.0 0.0 0.0 -0.7599999904632568 -0.7599999904632568 -0.18000000715255737 0.0 0.0 -0.18000000715255737 0.0 0.0 0.0 -0.550000011920929 -0.6200000047683716 0.0 0.0 -0.09000000357627869 0.0 -0.27000001072883606 0.0 0.0 0.0 -0.27000001072883606 0.0 0.0 0.0 -0.05000000074505806 0.0 0.0 0.0 0.0 0.0 -0.5099999904632568 0.0 0.0 -0.6600000262260437 0.0
216 0.0 0.0 0.0 -0.18000000715255737 0.0 0.0 0.0 -0.11999999731779099 0.0 -0.11999999731779099 0.0 -0.11999999731779099 0.0 -0.11999999731779099 0.0 -0.11999999731779099 -0.27000001072883606 0.0 0.0 0.0 -0.18000000715255737 0.0 0.0 -0.2800000011920929 0.0 0.0 0.0 -0.7599999904632568 -0.7599999904632568 -0.18000000715255737 0.0 0.0 -0.18000000715255737 0.0 0.0 0.0 -0.550000011920929 -0.6200000047683716 0.0 0.0 -0.09000000357627869 0.0 -0.27000001072883606 0.0 0.0 0.0 -0.27000001072883606 0.0 0.0 0.0 -0.05000000074505806 0.0 0.0 0.0 0.0 0.0 -0.5099999904632568 0.0 -0.5099999904632568 0.0 0.0 0.0 0.0 0.0 -0.6600000262260437 0.0 0.0
217 0.0 -0.11999999731779099 0.0 0.0 -0.27000001072883606 0.0 0.0 0.0 -0.18000000715255737 0.0 0.0 -0.2800000011920929 0.0 0.0 0.0 -0.7599999904632568 -0.7599999904632568 -0.18000000715255737 0.0 0.0 -0.18000000715255737 0.0 0.0 0.0 -0.550000011920929 -0.6200000047683716 0.0 0.0 -0.09000000357627869 0.0 -0.27000001072883606 0.0 0.0 0.0 -0.27000001072883606 0.0 0.0 0.0 -0.05000000074505806 0.0 0.0 0.0 0.0 0.0 -0.5099999904632568 0.0 -0.5099999904632568 0.0 0.0 0.0 0.0 0.0 -0.6600000262260437 0.0 -0.27000001072883606 0.0 0.0 0.0 -0.18000000715255737 0.0 0.0 -0.09000000357627869 0.0 -0.27000001072883606 0.0 0.0 -0.27000001072883606 0.0 0.0 0.0
218 0.0 -0.18000000715255737 0.0 0.0 -0.2800000011920929 0.0 0.0 0.0 -0.7599999904632568 -0.7599999904632568 -0.18000000715255737 0.0 0.0 -0.18000000715255737 0.0 0.0 0.0 -0.550000011920929 -0.6200000047683716 0.0 0.0 -0.09000000357627869 0.0 -0.27000001072883606 0.0 0.0 0.0 -0.27000001072883606 0.0 0.0 0.0 -0.05000000074505806 0.0 0.0 0.0 0.0 0.0 -0.5099999904632568 0.0 -0.5099999904632568 0.0 0.0 0.0 0.0 0.0 -0.6600000262260437 0.0 -0.27000001072883606 0.0 0.0 0.0 -0.18000000715255737 0.0 0.0 -0.09000000357627869 0.0 -0.27000001072883606 0.0 0.0 0.0 -0.27000001072883606 0.0 0.0 0.0 -0.27000001072883606 0.0 0.0 0.0 -0.11999999731779099 0.0 -0.11999999731779099 0.0 -0.11999999731779099 0.0
219 -0.18000000715255737 0.0 0.0 -0.18000000715255737 0.0 0.0 0.0 -0.550000011920929 -0.6200000047683716 0.0 0.0 -0.09000000357627869 0.0 -0.27000001072883606 0.0 0.0 0.0 -0.27000001072883606 0.0 0.0 0.0 -0.05000000074505806 0.0 0.0 0.0 0.0 0.0 -0.5099999904632568 0.0 -0.5099999904632568 0.0 0.0 0.0 0.0 0.0 -0.6600000262260437 0.0 -0.27000001072883606 0.0 0.0 0.0 -0.18000000715255737 0.0 0.0 -0.09000000357627869 0.0 -0.27000001072883606 0.0 0.0 0.0 -0.27000001072883606 0.0 0.0 0.0 -0.27000001072883606 0.0 0.0 0.0 -0.18000000715255737 0.0 0.0 0.0 -0.11999999731779099 0.0 -0.11999999731779099 -0.11999999731779099 0.0 -0.11999999731779099 0.0 -0.11999999731779099 0.0 -0.6600000262260437 0.0
22 0.0 0.0 0.0 -0.699999988079071 0.0 0.0 -0.800000011920929 0.0 0.0 -0.18000000715255737 0.0 0.0 -0.029999999329447746 0.0 -0.25 0.0 -0.20000000298023224 0.0 -0.14000000059604645 -0.18000000715255737 0.0 0.0 -0.09000000357627869 0.0 -0.27000001072883606 0.0 0.0 0.0 -0.27000001072883606 0.0 0.0 0.0 -0.18000000715255737 0.0 0.0 0.0 -0.11999999731779099 0.0 -0.11999999731779099 0.0 0.0 -0.5400000214576721 0.0 -0.11999999731779099 0.0 -0.11999999731779099 0.0 -0.18000000715255737 0.0 0.0 -0.18000000715255737 0.0 0.0 -0.18000000715255737 0.0 0.0 0.0 0.0 0.0 -0.30000001192092896 0.0 0.0 0.0 -0.18000000715255737 0.0 0.0 -0.18000000715255737 0.0 0.0 -0.18000000715255737 0.0 0.0 0.0 0.0 0.0 -0.30000001192092896 0.0 0.0 0.0 -0.18000000715255737 0.0 0.0 -0.18000000715255737 0.0 0.0 -0.18000000715255737 0.0 0.0 0.0 0.0 0.0 -0.30000001192092896 0.0 0.0 0.0 -0.18000000715255737 0.0 0.0 -0.2800000011920929 0.0 0.0 0.0 -0.7599999904632568 -0.7599999904632568 0.0 0.0 0.0 0.0 -0.18000000715255737 0.0 0.0 0.0 -0.6200000047683716 0.0 -0.18000000715255737 0.0 0.0 -0.18000000715255737 0.0 0.0 -0.18000000715255737 0.0 0.0 -0.18000000715255737 0.0 0.0 -0.029999999329447746 -0.15000000596046448 0.0 -0.5099999904632568 0.0 0.0 0.0 -0.25 0.0 -0.20000000298023224 0.0 -0.27000001072883606 0.0 -0.14000000059604645 0.0 -0.18000000715255737 0.0 0.0 -0.18000000715255737 0.0 0.0 -0.18000000715255737 0.0 0.0 0.0 0.0 0.0 -0.30000001192092896 0.0 0.0 0.0 -0.18000000715255737 0.0 0.0 -0.18000000715255737 0.0 0.0 -0.18000000715255737 0.0 0.0 0.0 0.0 0.0 -0.30000001192092896 0.0 -0.18000000715255737 0.0 0.0 0.0 -0.11999999731779099 0.0 -0.11999999731779099 0.0 -0.11999999731779099 0.0 -0.11999999731779099 0.0 -0.11999999731779099 0.0 -0.18000000715255737 0.0 -0.09000000357627869 0.0 -0.27000001072883606 0.0 0.0 0.0 -0.27000001072883606 0.0 0.0 0.0 -0.18000000715255737 0.0 0.0 -0.09000000357627869 0.0 -0.27000001072883606 0.0 0.0 0.0 -0.27000001072883606 0.0 0.0 0.0 -0.18000000715255737 0.0 0.0 0.0 -0.18000000715255737 0.0 0.0 -0.029999999329447746 -0.15000000596046448 0.0 -0.5099999904632568 0.0 0.0 0.0 -0.25 0.0 -0.20000000298023224 0.0 -0.27000001072883606 0.0 -0.14000000059604645 0.0 -0.18000000715255737 0.0 0.0 0.0 -0.27000001072883606 0.0 0.0 0.0 -0.2800000011920929 0.0 0.0 0.0 -0.7599999904632568 -0.7599999904632568 0.0 -0.18000000715255737 0.0 0.0 0.0 -0.11999999731779099 0.0 -0.11999999731779099 0.0 -0.09000000357627869 0.0 -0.27000001072883606 0.0 0.0 0.0 -0.27000001072883606 0.0 0.0 0.0 -0.27000001072883606 0.0 0.0 0.0 -0.11999999731779099 0.0 -0.11999999731779099 0.0 -0.11999999731779099 0.0 -0.27000001072883606 0.0 0.0 0.0 -0.10999999940395355 0.0 0.0 -0.23000000417232513 0.0 -0.18000000715255737 0.0 0.0 -0.18000000715255737 0.0 0.0 -0.18000000715255737 0.0 0.0 0.0 0.0 0.0 -0.30000001192092896 0.0 0.0 0.0 -0.27000001072883606 0.0 0.0 0.0 -0.18000000715255737 0.0 0.0 -0.11999999731779099 0.0 -0.11999999731779099 0.0 -0.11999999731779099 0.0 -0.11999999731779099 0.0 -0.11999999731779099 0.0 -0.18000000715255737 0.0 0.0 -0.09000000357627869 0.0 -0.27000001072883606 0.0 0.0 0.0 -0.18000000715255737 0.0 0.0 -0.27000001072883606 0.0 0.0 0.0 -0.09000000357627869 0.0 -0.27000001072883606 0.0 0.0 0.0 0.0 -0.18000000715255737 0.0 0.0 -0.18000000715255737 0.0 0.0 -0.18000000715255737 0.0 0.0 0.0 0.0 0.0 -0.30000001192092896 0.0 0.0 0.0 -0.27000001072883606 0.0 0.0 -0.18000000715255737 0.0 0.0 0.0 -0.11999999731779099 0.0 -0.11999999731779099 0.0 -0.11999999731779099 0.0 -0.11999999731779099 0.0 -0.11999999731779099 0.0 -0.18000000715255737 0.0 0.0 0.0 -0.11999999731779099 0.0 -0.11999999731779099 0.0 0.0 -0.11999999731779099 0.0 -0.11999999731779099 0.0 -0.18000000715255737 0.0 0.0 0.0 -0.11999999731779099 0.0 -0.11999999731779099 0.0 -0.11999999731779099 0.0 -0.11999999731779099 0.0 -0.11999999731779099 0.0 -0.27000001072883606 0.0 0.0 0.0 -0.27000001072883606 0.0 0.0 0.0 -0.27000001072883606 0.0 -0.14000000059604645 0.0 0.0 0.0
220 0.0 -0.09000000357627869 0.0 -0.27000001072883606 0.0 0.0 0.0 -0.27000001072883606 0.0 -0.05000000074505806 0.0 0.0 0.0 0.0 0.0 -0.5099999904632568 0.0 -0.5099999904632568 0.0 0.0 0.0 0.0 0.0 -0.6600000262260437 0.0 -0.27000001072883606 0.0 0.0 0.0 -0.18000000715255737 0.0 0.0 -0.09000000357627869 0.0 -0.27000001072883606 0.0 0.0 0.0 -0.27000001072883606 0.0 0.0 0.0 -0.27000001072883606 0.0 0.0 0.0 -0.18000000715255737 0.0 0.0 0.0 -0.11999999731779099 0.0 -0.11999999731779099 0.0 -0.11999999731779099 0.0 -0.11999999731779099 0.0 -0.11999999731779099 0.0 0.0 0.0 -0.6600000262260437 0.0
221 -0.05000000074505806 0.0 0.0 0.0 0.0 0.0 -0.5099999904632568 -0.5099999904632568 0.0 0.0 0.0 0.0 0.0 -0.6600000262260437 0.0 -0.27000001072883606 0.0 0.0 0.0 -0.18000000715255737 0.0 0.0 -0.09000000357627869 0.0 -0.27000001072883606 0.0 0.0 0.0 -0.27000001072883606 0.0 0.0 0.0 -0.27000001072883606 0.0 0.0 0.0 -0.18000000715255737 0.0 0.0 0.0 -0.11999999731779099 0.0 -0.11999999731779099 0.0 -0.11999999731779099 0.0 -0.11999999731779099 0.0 -0.11999999731779099 0.0 0.0 0.0 0.0 -0.6600000262260437 0.0 -0.18000000715255737 0.0 -0.2800000011920929 0.0 0.0 -0.7599999904632568
222 -0.05000000074505806 0.0 0.0 0.0 -0.5099999904632568 0.0 0.0 0.0 0.0 0.0 -0.6600000262260437 0.0 -0.27000001072883606 0.0 0.0 0.0 -0.18000000715255737 0.0 0.0 -0.09000000357627869 0.0 -0.27000001072883606 0.0 0.0 0.0 -0.27000001072883606 0.0 0.0 0.0 -0.27000001072883606 0.0 0.0 0.0 -0.18000000715255737 0.0 0.0 0.0 -0.11999999731779099 0.0 -0.11999999731779099 0.0 -0.11999999731779099 0.0 -0.11999999731779099 0.0 -0.11999999731779099 0.0 0.0 0.0 0.0 -0.6600000262260437 0.0 -0.18000000715255737 0.0 0.0 -0.2800000011920929 0.0 0.0 0.0 -0.7599999904632568 -0.7599999904632568 -0.27000001072883606 0.0 0.0 0.0
223 0.0 -0.18000000715255737 0.0 0.0 -0.09000000357627869 0.0 -0.27000001072883606 0.0 0.0 0.0 -0.27000001072883606 0.0 0.0 0.0 -0.18000000715255737 0.0 0.0 0.0 -0.11999999731779099 0.0 -0.11999999731779099 0.0 -0.11999999731779099 0.0 -0.11999999731779099 0.0 -0.11999999731779099 0.0 0.0 0.0 0.0 -0.6600000262260437 0.0 -0.18000000715255737 0.0 0.0 -0.2800000011920929 0.0 0.0 0.0 -0.7599999904632568 -0.7599999904632568 -0.27000001072883606 0.0 0.0 0.0 0.0 0.0 0.0
224 -0.27000001072883606 0.0 0.0 0.0 -0.18000000715255737 0.0 0.0 0.0 -0.11999999731779099 0.0 -0.11999999731779099 0.0 -0.11999999731779099 -0.11999999731779099 0.0 -0.11999999731779099 0.0 0.0 0.0 -0.6600000262260437 0.0 -0.18000000715255737 0.0 0.0 -0.2800000011920929 0.0 0.0 0.0 -0.7599999904632568 -0.7599999904632568 -0.27000001072883606 0.0 0.0 0.0 0.0 0.0 0.0 -0.6600000262260437 0.0 -0.18000000715255737 0.0 0.0
225 -0.18000000715255737 0.0 0.0 0.0 -0.11999999731779099 0.0 -0.11999999731779099 0.0 -0.11999999731779099 0.0 0.0 0.0 -0.6600000262260437 0.0 -0.18000000715255737 0.0 0.0 -0.2800000011920929 0.0 0.0 0.0 -0.7599999904632568 -0.7599999904632568 -0.27000001072883606 0.0 0.0 0.0 0.0 0.0 0.0 -0.6600000262260437 0.0 -0.18000000715255737 0.0 0.0 0.0 -0.550000011920929 -0.6200000047683716 0.0 0.0 -0.10999999940395355 0.0 0.0 -0.23000000417232513 0.0
226 0.0 0.0 0.0 -0.18000000715255737 0.0 0.0 -0.2800000011920929 0.0 0.0 0.0 -0.7599999904632568 -0.7599999904632568 -0.27000001072883606 0.0 0.0 0.0 0.0 0.0 0.0 -0.6600000262260437 0.0 -0.18000000715255737 0.0 0.0 0.0 -0.550000011920929 -0.6200000047683716 0.0 0.0 -0.10999999940395355 0.0 0.0 -0.23000000417232513 0.0 -0.18000000715255737 0.0 0.0
227 -0.18000000715255737 0.0 0.0 -0.2800000011920929 0.0 0.0 0.0 -0.7599999904632568 -0.27000001072883606 0.0 0.0 0.0 0.0 0.0 0.0 -0.6600000262260437 0.0 -0.18000000715255737 0.0 0.0 0.0 -0.550000011920929 -0.6200000047683716 0.0 0.0 -0.10999999940395355 0.0 0.0 -0.23000000417232513 0.0 -0.18000000715255737 0.0 0.0 -0.18000000715255737 0.0 0.0 0.0 -0.550000011920929 -0.6200000047683716 0.0 0.0 0.0
228 -0.27000001072883606 0.0 0.0 0.0 0.0 0.0 -0.6600000262260437 0.0 -0.18000000715255737 0.0 0.0 0.0 -0.550000011920929 -0.6200000047683716 0.0 0.0 -0.10999999940395355 0.0 0.0 -0.23000000417232513 0.0 -0.18000000715255737 0.0 0.0 -0.18000000715255737 0.0 0.0 0.0 -0.550000011920929 -0.6200000047683716 0.0 0.0 -0.27000001072883606 0.0 0.0 0.0 0.0 0.0 0.0 -0.18000000715255737 0.0 -0.18000000715255737 0.0
229 0.0 0.0 -0.6600000262260437 0.0 -0.18000000715255737 0.0 0.0 0.0 -0.550000011920929 -0.6200000047683716 0.0 0.0 -0.10999999940395355 0.0 0.0 -0.23000000417232513 0.0 -0.18000000715255737 0.0 0.0 -0.18000000715255737 0.0 0.0 0.0 -0.550000011920929 -0.6200000047683716 0.0 0.0 -0.27000001072883606 0.0 0.0 0.0 0.0 0.0 0.0 -0.18000000715255737 0.0 0.0 -0.18000000715255737 0.0 0.0 -0.18000000715255737 0.0 -0.2800000011920929 0.0 0.0 0.0 -0.7599999904632568
23 -0.18000000715255737 0.0 0.0 -0.09000000357627869 -0.27000001072883606 0.0 0.0 0.0 -0.27000001072883606 0.0 0.0 -0.18000000715255737 0.0 0.0 0.0 -0.11999999731779099 0.0 -0.11999999731779099 0.0 0.0 -0.11999999731779099 0.0 -0.11999999731779099 -0.18000000715255737 0.0 0.0 -0.18000000715255737 0.0 0.0 -0.18000000715255737 0.0 0.0 0.0 0.0 0.0 -0.30000001192092896 0.0 0.0 0.0 -0.18000000715255737 0.0 0.0 -0.18000000715255737 0.0 0.0 -0.18000000715255737 0.0 0.0 0.0 0.0 0.0 -0.30000001192092896 0.0 0.0 0.0 -0.18000000715255737 0.0 0.0 -0.18000000715255737 0.0 0.0 -0.18000000715255737 0.0 0.0 0.0 0.0 0.0 -0.30000001192092896 0.0 0.0 0.0 -0.18000000715255737 0.0 0.0 -0.2800000011920929 0.0 0.0 0.0 -0.7599999904632568 -0.7599999904632568 -0.18000000715255737 0.0 0.0 -0.18000000715255737 0.0 0.0 0.0 0.0 -0.6600000262260437 0.0 -0.18000000715255737 0.0 0.0 0.0 -0.6200000047683716 0.0 -0.18000000715255737 0.0 0.0 -0.18000000715255737 0.0 0.0 -0.18000000715255737 0.0 0.0 0.0 0.0 0.0 -0.30000001192092896 0.0 0.0 0.0 -0.18000000715255737 0.0 0.0 -0.029999999329447746 -0.15000000596046448 0.0 -0.5099999904632568 0.0 0.0 0.0 -0.25 0.0 -0.20000000298023224 0.0 -0.27000001072883606 0.0 -0.14000000059604645 0.0 -0.18000000715255737 0.0 0.0 -0.18000000715255737 0.0 0.0 -0.18000000715255737 0.0 0.0 0.0 0.0 0.0 -0.18000000715255737 0.0 0.0 -0.18000000715255737 0.0 0.0 0.0 -0.11999999731779099 0.0 -0.11999999731779099 0.0 -0.11999999731779099 0.0 -0.11999999731779099 0.0 -0.11999999731779099 0.0 0.0 -0.27000001072883606 0.0 0.0 0.0 0.0 0.0 -0.18000000715255737 0.0 0.0 -0.029999999329447746 -0.15000000596046448 0.0 -0.5099999904632568 0.0 0.0 0.0 -0.25 0.0 -0.20000000298023224 0.0 -0.27000001072883606 0.0 -0.14000000059604645 0.0 0.0 -0.27000001072883606 0.0 0.0 0.0 -0.18000000715255737 0.0 0.0 -0.2800000011920929 0.0 0.0 0.0 -0.7599999904632568 -0.7599999904632568 -0.10999999940395355 0.0 0.0 -0.23000000417232513 0.0 -0.18000000715255737 0.0 0.0 -0.18000000715255737 0.0 0.0 -0.18000000715255737 0.0 0.0 0.0 0.0 0.0 -0.30000001192092896 0.0 0.0 -0.18000000715255737 0.0 0.0 -0.18000000715255737 0.0 0.0 -0.18000000715255737 0.0 0.0 0.0 0.0 0.0 -0.30000001192092896 0.0 0.0 -0.27000001072883606 0.0 0.0 0.0 -0.18000000715255737 0.0 -0.11999999731779099 0.0 -0.11999999731779099 0.0 -0.11999999731779099 0.0 -0.11999999731779099 0.0 -0.11999999731779099 0.0 -0.18000000715255737 0.0 0.0 -0.18000000715255737 0.0 0.0 -0.18000000715255737 0.0 0.0 0.0 0.0 -0.30000001192092896 0.0 0.0 -0.09000000357627869 0.0 -0.18000000715255737 0.0 -0.27000001072883606 0.0 0.0 -0.550000011920929 -0.18000000715255737 0.0 -0.18000000715255737 0.0 0.0 -0.18000000715255737 0.0 0.0 0.0 0.0 0.0 -0.30000001192092896 0.0 0.0 0.0 -0.27000001072883606 0.0 0.0 0.0 -0.18000000715255737 0.0 0.0 0.0 -0.11999999731779099 0.0 -0.11999999731779099 0.0 -0.11999999731779099 0.0 -0.11999999731779099 0.0 -0.11999999731779099 -0.18000000715255737 0.0 0.0 0.0 -0.11999999731779099 0.0 -0.11999999731779099 0.0 0.0 -0.5400000214576721 0.0 -0.11999999731779099 0.0 -0.11999999731779099 0.0 -0.18000000715255737 0.0 0.0 0.0 -0.11999999731779099 0.0 -0.11999999731779099 0.0 -0.11999999731779099 0.0 -0.11999999731779099 0.0 -0.11999999731779099 0.0 -0.27000001072883606 0.0 0.0 0.0
230 -0.18000000715255737 0.0 -0.550000011920929 0.0 -0.10999999940395355 0.0 0.0 -0.23000000417232513 0.0 -0.18000000715255737 0.0 0.0 -0.18000000715255737 0.0 0.0 0.0 -0.550000011920929 -0.6200000047683716 0.0 0.0 -0.27000001072883606 0.0 0.0 0.0 0.0 0.0 0.0 -0.18000000715255737 0.0 0.0 -0.18000000715255737 0.0 0.0 -0.18000000715255737 0.0 0.0 -0.2800000011920929 0.0 0.0 0.0 -0.7599999904632568 -0.7599999904632568 0.0 0.0 -0.6200000047683716 0.0 0.0
231 -0.10999999940395355 0.0 -0.18000000715255737 0.0 0.0 -0.18000000715255737 0.0 0.0 0.0 -0.550000011920929 -0.6200000047683716 0.0 0.0 -0.27000001072883606 0.0 0.0 0.0 0.0 0.0 0.0 -0.18000000715255737 0.0 0.0 -0.18000000715255737 0.0 0.0 -0.18000000715255737 0.0 0.0 -0.2800000011920929 0.0 0.0 0.0 -0.7599999904632568 -0.7599999904632568 -0.18000000715255737 0.0 0.0 0.0 -0.550000011920929 -0.6200000047683716 0.0 0.0
232 -0.18000000715255737 0.0 -0.18000000715255737 0.0 0.0 -0.6200000047683716 0.0 -0.27000001072883606 0.0 0.0 0.0 0.0 0.0 0.0 -0.18000000715255737 0.0 0.0 -0.18000000715255737 0.0 0.0 -0.18000000715255737 0.0 0.0 -0.2800000011920929 0.0 0.0 0.0 -0.7599999904632568 -0.7599999904632568 -0.18000000715255737 0.0 0.0 0.0 -0.550000011920929 -0.6200000047683716 0.0 0.0 -0.18000000715255737 0.0 0.0 0.0 -0.550000011920929 -0.6200000047683716 0.0 0.0 -0.10999999940395355 0.0 0.0
233 -0.27000001072883606 0.0 0.0 0.0 0.0 0.0 0.0 -0.18000000715255737 0.0 0.0 -0.18000000715255737 0.0 0.0 -0.18000000715255737 0.0 0.0 -0.2800000011920929 0.0 0.0 0.0 -0.7599999904632568 -0.7599999904632568 -0.18000000715255737 0.0 0.0 0.0 -0.550000011920929 -0.6200000047683716 0.0 0.0 -0.18000000715255737 0.0 0.0 0.0 -0.550000011920929 -0.6200000047683716 0.0 0.0 -0.10999999940395355 0.0 0.0 -0.23000000417232513 0.0 -0.09000000357627869 0.0 -0.18000000715255737 0.0 0.0 0.0 0.0
234 -0.18000000715255737 0.0 -0.18000000715255737 0.0 0.0 -0.2800000011920929 0.0 0.0 0.0 -0.7599999904632568 -0.7599999904632568 -0.18000000715255737 0.0 0.0 0.0 -0.550000011920929 -0.6200000047683716 0.0 0.0 -0.18000000715255737 0.0 0.0 0.0 -0.550000011920929 -0.6200000047683716 0.0 0.0 -0.10999999940395355 0.0 0.0 -0.23000000417232513 0.0 -0.09000000357627869 0.0 -0.27000001072883606 0.0 0.0 0.0 -0.18000000715255737 0.0 0.0 -0.27000001072883606 0.0 0.0 0.0 0.0 -0.6600000262260437 0.0
235 0.0 -0.18000000715255737 0.0 0.0 0.0 -0.550000011920929 -0.6200000047683716 0.0 0.0 -0.18000000715255737 0.0 0.0 0.0 -0.550000011920929 -0.6200000047683716 0.0 0.0 -0.10999999940395355 0.0 0.0 -0.23000000417232513 0.0 -0.09000000357627869 0.0 -0.27000001072883606 0.0 0.0 0.0 -0.18000000715255737 0.0 0.0 -0.27000001072883606 0.0 0.0 0.0 0.0 0.0 -0.6600000262260437 0.0 -0.27000001072883606 0.0 0.0 0.0 0.0 0.0 -0.6600000262260437
236 -0.18000000715255737 0.0 0.0 -0.18000000715255737 0.0 0.0 0.0 -0.550000011920929 -0.6200000047683716 0.0 0.0 -0.10999999940395355 0.0 0.0 -0.23000000417232513 0.0 -0.09000000357627869 0.0 -0.27000001072883606 0.0 0.0 0.0 -0.18000000715255737 0.0 0.0 -0.27000001072883606 0.0 0.0 0.0 0.0 0.0 -0.6600000262260437 0.0 -0.27000001072883606 0.0 0.0 0.0 0.0 0.0 0.0 -0.6600000262260437 0.0 -0.18000000715255737 0.0 -0.2800000011920929 0.0
237 -0.18000000715255737 0.0 0.0 -0.550000011920929 -0.10999999940395355 0.0 0.0 -0.23000000417232513 0.0 -0.09000000357627869 0.0 -0.27000001072883606 0.0 0.0 0.0 -0.18000000715255737 0.0 0.0 -0.27000001072883606 0.0 0.0 0.0 0.0 0.0 -0.6600000262260437 0.0 -0.27000001072883606 0.0 0.0 0.0 0.0 0.0 0.0 -0.6600000262260437 0.0 -0.18000000715255737 0.0 0.0 -0.2800000011920929 0.0 0.0 0.0 -0.7599999904632568 -0.7599999904632568 0.0
238 -0.10999999940395355 0.0 -0.23000000417232513 0.0 -0.09000000357627869 0.0 -0.27000001072883606 0.0 0.0 0.0 -0.18000000715255737 0.0 0.0 -0.27000001072883606 0.0 0.0 0.0 0.0 0.0 -0.6600000262260437 0.0 -0.27000001072883606 0.0 0.0 0.0 0.0 0.0 0.0 -0.6600000262260437 0.0 -0.18000000715255737 0.0 0.0 -0.2800000011920929 0.0 0.0 0.0 -0.7599999904632568 -0.7599999904632568 0.0 0.0
239 -0.09000000357627869 -0.27000001072883606 0.0 0.0 0.0 0.0 0.0 -0.6600000262260437 0.0 -0.27000001072883606 0.0 0.0 0.0 0.0 0.0 0.0 -0.6600000262260437 0.0 -0.18000000715255737 0.0 0.0 -0.2800000011920929 0.0 0.0 0.0 -0.7599999904632568 -0.7599999904632568 0.0 0.0 -0.18000000715255737 -0.09000000357627869 0.0 -0.27000001072883606 0.0 0.0
24 -0.18000000715255737 0.0 0.0 0.0 -0.11999999731779099 0.0 -0.11999999731779099 0.0 -0.18000000715255737 0.0 0.0 -0.18000000715255737 0.0 0.0 -0.18000000715255737 0.0 0.0 0.0 0.0 0.0 -0.30000001192092896 0.0 0.0 0.0 -0.18000000715255737 0.0 0.0 -0.18000000715255737 0.0 0.0 -0.18000000715255737 0.0 0.0 0.0 0.0 0.0 -0.30000001192092896 0.0 0.0 0.0 -0.18000000715255737 0.0 0.0 -0.18000000715255737 0.0 0.0 -0.18000000715255737 0.0 0.0 0.0 0.0 0.0 -0.30000001192092896 0.0 0.0 0.0 -0.18000000715255737 0.0 0.0 -0.2800000011920929 0.0 0.0 0.0 -0.7599999904632568 -0.7599999904632568 -0.18000000715255737 0.0 0.0 -0.18000000715255737 0.0 0.0 -0.18000000715255737 0.0 0.0 0.0 0.0 0.0 -0.30000001192092896 0.0 0.0 0.0 0.0 -0.6600000262260437 0.0 -0.27000001072883606 0.0 0.0 -0.18000000715255737 0.0 0.0 0.0 0.0 0.0 -0.6600000262260437 0.0 -0.18000000715255737 0.0 0.0 0.0 -0.550000011920929 -0.6200000047683716 0.0 0.0 -0.18000000715255737 0.0 0.0 -0.18000000715255737 0.0 0.0 -0.18000000715255737 0.0 0.0 0.0 0.0 0.0 -0.30000001192092896 0.0 0.0 0.0 -0.18000000715255737 0.0 0.0 -0.029999999329447746 -0.15000000596046448 0.0 -0.5099999904632568 0.0 0.0 0.0 -0.25 0.0 -0.20000000298023224 0.0 -0.27000001072883606 0.0 -0.14000000059604645 0.0 -0.18000000715255737 0.0 0.0 -0.18000000715255737 0.0 0.0 -0.18000000715255737 0.0 0.0 0.0 0.0 0.0 -0.30000001192092896 0.0 0.0 0.0 -0.18000000715255737 0.0 0.0 -0.18000000715255737 0.0 0.0 -0.11999999731779099 0.0 -0.11999999731779099 0.0 -0.11999999731779099 0.0 -0.11999999731779099 0.0 -0.11999999731779099 0.0 -0.029999999329447746 -0.15000000596046448 0.0 -0.5099999904632568 0.0 0.0 0.0 -0.27000001072883606 0.0 -0.14000000059604645 0.0 -0.2800000011920929 0.0 0.0 0.0 -0.7599999904632568 -0.7599999904632568 0.0 -0.23000000417232513 0.0 -0.18000000715255737 0.0 0.0 -0.18000000715255737 0.0 -0.18000000715255737 0.0 0.0 -0.18000000715255737 0.0 -0.18000000715255737 0.0 0.0 -0.18000000715255737 0.0 0.0 0.0 0.0 0.0 -0.30000001192092896 0.0 0.0 0.0 -0.18000000715255737 0.0 0.0 -0.11999999731779099 0.0 -0.11999999731779099 0.0 -0.18000000715255737 0.0 0.0 0.0 -0.11999999731779099 0.0 -0.11999999731779099 0.0 -0.5400000214576721 0.0 -0.11999999731779099 0.0 -0.11999999731779099 0.0 -0.18000000715255737 0.0 -0.11999999731779099 0.0 -0.11999999731779099 0.0 -0.11999999731779099 0.0 -0.11999999731779099 -0.11999999731779099 -0.27000001072883606 0.0 0.0 -0.30000001192092896 0.0 -0.800000011920929 0.0 0.0
240 0.0 0.0 0.0 0.0 -0.6600000262260437 0.0 -0.18000000715255737 0.0 0.0 -0.2800000011920929 0.0 0.0 0.0 -0.7599999904632568 -0.7599999904632568 0.0 0.0 -0.18000000715255737 0.0 0.0 -0.09000000357627869 0.0 -0.27000001072883606 0.0 0.0 0.0 -0.27000001072883606 0.0 0.0 0.0 -0.18000000715255737 0.0 -0.09000000357627869 0.0 -0.27000001072883606 0.0 0.0 -0.27000001072883606 0.0 0.0
241 0.0 0.0 -0.18000000715255737 0.0 0.0 -0.2800000011920929 0.0 0.0 0.0 -0.7599999904632568 -0.7599999904632568 0.0 0.0 -0.18000000715255737 0.0 0.0 -0.09000000357627869 0.0 -0.27000001072883606 0.0 0.0 0.0 -0.27000001072883606 0.0 0.0 0.0 -0.18000000715255737 0.0 0.0 -0.09000000357627869 0.0 -0.27000001072883606 0.0 0.0 0.0 -0.27000001072883606 0.0 0.0 0.0 -0.18000000715255737 0.0
242 0.0 0.0 0.0 -0.18000000715255737 0.0 0.0 -0.09000000357627869 0.0 -0.27000001072883606 0.0 0.0 0.0 -0.27000001072883606 0.0 0.0 0.0 -0.18000000715255737 0.0 0.0 -0.09000000357627869 0.0 -0.27000001072883606 0.0 0.0 0.0 -0.27000001072883606 0.0 0.0 0.0 -0.18000000715255737 0.0 0.0 0.0 -0.550000011920929 -0.6200000047683716 0.0 0.0 -0.18000000715255737 0.0 0.0 -0.09000000357627869 0.0 -0.27000001072883606 0.0 0.0 0.0 -0.27000001072883606 0.0 0.0
243 0.0 0.0 -0.18000000715255737 0.0 0.0 -0.09000000357627869 0.0 -0.27000001072883606 0.0 0.0 0.0 -0.27000001072883606 0.0 0.0 0.0 -0.18000000715255737 0.0 0.0 -0.09000000357627869 0.0 -0.27000001072883606 0.0 0.0 0.0 -0.27000001072883606 0.0 0.0 0.0 -0.18000000715255737 0.0 0.0 0.0 -0.550000011920929 -0.6200000047683716 0.0 0.0 -0.18000000715255737 0.0 0.0 -0.09000000357627869 0.0 -0.27000001072883606 0.0 0.0 0.0 -0.27000001072883606 0.0 0.0 0.0 -0.18000000715255737 0.0 -0.09000000357627869 0.0 -0.27000001072883606 0.0 0.0 -0.27000001072883606 0.0 0.0
244 0.0 -0.18000000715255737 0.0 0.0 -0.09000000357627869 0.0 -0.27000001072883606 0.0 0.0 0.0 -0.27000001072883606 0.0 0.0 0.0 -0.18000000715255737 0.0 0.0 -0.09000000357627869 0.0 -0.27000001072883606 0.0 0.0 0.0 -0.27000001072883606 0.0 0.0 0.0 -0.18000000715255737 0.0 0.0 0.0 -0.550000011920929 -0.6200000047683716 0.0 0.0 -0.18000000715255737 0.0 0.0 -0.09000000357627869 0.0 -0.27000001072883606 0.0 0.0 0.0 -0.27000001072883606 0.0 0.0 0.0 -0.18000000715255737 0.0 0.0 -0.09000000357627869 0.0 -0.27000001072883606 0.0 0.0 0.0 -0.27000001072883606 0.0 0.0 0.0 0.0 0.0 0.0
245 -0.18000000715255737 0.0 0.0 -0.27000001072883606 0.0 0.0 -0.18000000715255737 0.0 0.0 -0.09000000357627869 0.0 -0.27000001072883606 0.0 0.0 0.0 -0.27000001072883606 0.0 0.0 0.0 -0.18000000715255737 0.0 0.0 0.0 -0.550000011920929 -0.6200000047683716 0.0 0.0 -0.18000000715255737 0.0 0.0 -0.09000000357627869 0.0 -0.27000001072883606 0.0 0.0 0.0 -0.27000001072883606 0.0 0.0 0.0 -0.18000000715255737 0.0 0.0 -0.09000000357627869 0.0 -0.27000001072883606 0.0 0.0 0.0 -0.27000001072883606 0.0 0.0 0.0 0.0 0.0 0.0 -0.6600000262260437 0.0 0.0 0.0 0.0 -0.6600000262260437 0.0
246 -0.18000000715255737 0.0 0.0 -0.09000000357627869 -0.27000001072883606 0.0 0.0 -0.27000001072883606 0.0 0.0 -0.18000000715255737 0.0 0.0 0.0 -0.550000011920929 -0.6200000047683716 0.0 0.0 -0.18000000715255737 0.0 0.0 -0.09000000357627869 0.0 -0.27000001072883606 0.0 0.0 0.0 -0.27000001072883606 0.0 0.0 0.0 -0.18000000715255737 0.0 0.0 -0.09000000357627869 0.0 -0.27000001072883606 0.0 0.0 0.0 -0.27000001072883606 0.0 0.0 0.0 0.0 0.0 0.0 -0.6600000262260437 0.0 0.0 0.0 0.0 -0.6600000262260437 0.0 -0.2800000011920929 0.0 0.0 -0.7599999904632568 -0.7599999904632568
247 -0.18000000715255737 0.0 0.0 0.0 -0.550000011920929 -0.18000000715255737 0.0 0.0 -0.09000000357627869 0.0 -0.27000001072883606 0.0 0.0 0.0 -0.27000001072883606 0.0 0.0 0.0 -0.18000000715255737 0.0 0.0 -0.09000000357627869 0.0 -0.27000001072883606 0.0 0.0 0.0 -0.27000001072883606 0.0 0.0 0.0 0.0 0.0 0.0 -0.6600000262260437 0.0 0.0 0.0 0.0 -0.6600000262260437 0.0 -0.2800000011920929 0.0 0.0 0.0 -0.7599999904632568 -0.7599999904632568 -0.2800000011920929 0.0 0.0 -0.7599999904632568 -0.7599999904632568
248 -0.18000000715255737 0.0 0.0 -0.09000000357627869 0.0 -0.27000001072883606 0.0 0.0 0.0 -0.27000001072883606 0.0 0.0 0.0 -0.18000000715255737 0.0 0.0 -0.09000000357627869 0.0 -0.27000001072883606 0.0 0.0 0.0 -0.27000001072883606 0.0 0.0 0.0 0.0 0.0 0.0 -0.6600000262260437 0.0 0.0 0.0 0.0 -0.6600000262260437 0.0 -0.2800000011920929 0.0 0.0 0.0 -0.7599999904632568 -0.7599999904632568 -0.2800000011920929 0.0 0.0 0.0 -0.7599999904632568 -0.7599999904632568 0.0 -0.6600000262260437 -0.27000001072883606 0.0 0.0
249 0.0 -0.18000000715255737 0.0 0.0 0.0 0.0 -0.6600000262260437 0.0 0.0 0.0 0.0 -0.6600000262260437 0.0 -0.2800000011920929 0.0 0.0 0.0 -0.7599999904632568 -0.7599999904632568 -0.2800000011920929 0.0 0.0 0.0 -0.7599999904632568 -0.7599999904632568 0.0 0.0 -0.6600000262260437 0.0 -0.27000001072883606 0.0 0.0 0.0 0.0 0.0 -0.6600000262260437 0.0
25 0.0 0.0 -0.18000000715255737 0.0 0.0 -0.18000000715255737 0.0 0.0 -0.18000000715255737 0.0 0.0 0.0 0.0 0.0 -0.30000001192092896 0.0 0.0 0.0 -0.18000000715255737 0.0 0.0 -0.18000000715255737 0.0 0.0 -0.18000000715255737 0.0 0.0 0.0 0.0 0.0 -0.30000001192092896 0.0 0.0 0.0 -0.18000000715255737 0.0 0.0 -0.18000000715255737 0.0 0.0 -0.18000000715255737 0.0 0.0 0.0 0.0 0.0 -0.30000001192092896 0.0 0.0 0.0 -0.18000000715255737 0.0 0.0 -0.2800000011920929 0.0 0.0 0.0 -0.7599999904632568 -0.7599999904632568 -0.18000000715255737 0.0 0.0 -0.18000000715255737 0.0 0.0 -0.18000000715255737 0.0 0.0 0.0 0.0 0.0 -0.30000001192092896 0.0 0.0 0.0 0.0 -0.6600000262260437 0.0 0.0 -0.6600000262260437 0.0 -0.18000000715255737 0.0 0.0 -0.18000000715255737 0.0 0.0 -0.18000000715255737 0.0 0.0 0.0 0.0 0.0 -0.30000001192092896 0.0 -0.18000000715255737 0.0 -0.029999999329447746 -0.15000000596046448 0.0 -0.5099999904632568 0.0 0.0 0.0 -0.25 0.0 -0.20000000298023224 0.0 -0.27000001072883606 0.0 -0.14000000059604645 0.0 -0.18000000715255737 0.0 0.0 -0.18000000715255737 -0.18000000715255737 0.0 0.0 -0.11999999731779099 -0.11999999731779099 0.0 -0.11999999731779099 0.0 -0.11999999731779099 0.0 -0.029999999329447746 -0.15000000596046448 0.0 -0.5099999904632568 0.0 0.0 0.0 -0.25 0.0 -0.20000000298023224 0.0 -0.27000001072883606 0.0 -0.14000000059604645 0.0 0.0 0.0 -0.09000000357627869 0.0 -0.27000001072883606 0.0 0.0 -0.27000001072883606 0.0 0.0 -0.11999999731779099 0.0 0.0 0.0 0.0 -0.09000000357627869 0.0 -0.27000001072883606 0.0 0.0 0.0 -0.18000000715255737 0.0 0.0 -0.18000000715255737 0.0 0.0 -0.18000000715255737 0.0 0.0 -0.18000000715255737 0.0 0.0 0.0 0.0 0.0 -0.30000001192092896 0.0 0.0 0.0 -0.27000001072883606 0.0 0.0 0.0 -0.18000000715255737 0.0 0.0 0.0 -0.11999999731779099 0.0 -0.11999999731779099 0.0 -0.11999999731779099 0.0 -0.11999999731779099 0.0 -0.11999999731779099 0.0 -0.18000000715255737 0.0 0.0 0.0 -0.11999999731779099 0.0 -0.11999999731779099 0.0 0.0 -0.5400000214576721 0.0 -0.11999999731779099 0.0 -0.11999999731779099 0.0 0.0 -0.11999999731779099 -0.11999999731779099 0.0 -0.11999999731779099 0.0 -0.11999999731779099 0.0 -0.11999999731779099 0.0
250 0.0 0.0 -0.6600000262260437 0.0 0.0 0.0 0.0 -0.6600000262260437 0.0 -0.2800000011920929 0.0 0.0 0.0 -0.7599999904632568 -0.7599999904632568 -0.2800000011920929 0.0 0.0 0.0 -0.7599999904632568 -0.7599999904632568 0.0 0.0 -0.6600000262260437 0.0 -0.27000001072883606 0.0 0.0 0.0 0.0 0.0 0.0 -0.6600000262260437 0.0 0.0 0.0 -0.6600000262260437 0.0
251 0.0 -0.6600000262260437 0.0 -0.2800000011920929 0.0 0.0 0.0 -0.7599999904632568 -0.7599999904632568 -0.2800000011920929 0.0 0.0 0.0 -0.7599999904632568 -0.7599999904632568 0.0 0.0 -0.6600000262260437 0.0 -0.27000001072883606 0.0 0.0 0.0 0.0 0.0 0.0 -0.6600000262260437 0.0 0.0 0.0 0.0 -0.6600000262260437 0.0 -0.18000000715255737 0.0 0.0 -0.09000000357627869 0.0 -0.27000001072883606 0.0
252 -0.2800000011920929 0.0 0.0 -0.2800000011920929 0.0 0.0 0.0 -0.7599999904632568 -0.7599999904632568 0.0 0.0 -0.6600000262260437 0.0 -0.27000001072883606 0.0 0.0 0.0 0.0 0.0 0.0 -0.6600000262260437 0.0 0.0 0.0 0.0 -0.6600000262260437 0.0 -0.18000000715255737 0.0 0.0 -0.09000000357627869 0.0 -0.27000001072883606 0.0 0.0 0.0 -0.27000001072883606 0.0 0.0 0.0 -0.18000000715255737 0.0 0.0
253 -0.2800000011920929 0.0 0.0 0.0 -0.7599999904632568 -0.7599999904632568 0.0 0.0 -0.6600000262260437 0.0 -0.27000001072883606 0.0 0.0 0.0 0.0 0.0 0.0 -0.6600000262260437 0.0 0.0 0.0 0.0 -0.6600000262260437 0.0 -0.18000000715255737 0.0 0.0 -0.09000000357627869 0.0 -0.27000001072883606 0.0 0.0 0.0 -0.27000001072883606 0.0 0.0 0.0 -0.18000000715255737 0.0 0.0 0.0 -0.550000011920929 -0.6200000047683716 0.0 0.0 -0.18000000715255737 0.0 0.0 -0.550000011920929 -0.6200000047683716 0.0 0.0
254 0.0 0.0 -0.6600000262260437 0.0 0.0 0.0 0.0 -0.6600000262260437 0.0 0.0 0.0 0.0 -0.6600000262260437 0.0 -0.18000000715255737 0.0 0.0 -0.09000000357627869 0.0 -0.27000001072883606 0.0 0.0 0.0 -0.27000001072883606 0.0 0.0 0.0 -0.18000000715255737 0.0 0.0 0.0 -0.550000011920929 -0.6200000047683716 0.0 0.0 -0.18000000715255737 0.0 0.0 0.0 -0.550000011920929 -0.6200000047683716 0.0 0.0 -0.18000000715255737 0.0 0.0 -0.550000011920929 -0.6200000047683716 0.0 0.0
255 0.0 0.0 0.0 0.0 0.0 -0.6600000262260437 0.0 -0.18000000715255737 0.0 0.0 -0.09000000357627869 0.0 -0.27000001072883606 0.0 0.0 0.0 -0.27000001072883606 0.0 0.0 0.0 -0.18000000715255737 0.0 0.0 0.0 -0.550000011920929 -0.6200000047683716 0.0 0.0 -0.18000000715255737 0.0 0.0 0.0 -0.550000011920929 -0.6200000047683716 0.0 0.0 -0.18000000715255737 0.0 0.0 0.0 -0.550000011920929 -0.6200000047683716 0.0 0.0 -0.18000000715255737 0.0 0.0 0.0 0.0
256 0.0 0.0 0.0 -0.18000000715255737 0.0 0.0 -0.09000000357627869 0.0 -0.27000001072883606 0.0 0.0 0.0 -0.27000001072883606 0.0 0.0 0.0 -0.18000000715255737 0.0 0.0 0.0 -0.550000011920929 -0.6200000047683716 0.0 0.0 -0.18000000715255737 0.0 0.0 0.0 -0.550000011920929 -0.6200000047683716 0.0 0.0 -0.18000000715255737 0.0 0.0 0.0 -0.550000011920929 -0.6200000047683716 0.0 0.0 -0.18000000715255737 0.0 0.0 -0.18000000715255737 0.0 0.0 -0.18000000715255737 0.0 0.0 0.0 0.0 0.0 -0.30000001192092896 0.0 0.0 0.0 -0.2800000011920929 0.0 0.0 -0.7599999904632568 -0.7599999904632568
257 -0.18000000715255737 0.0 0.0 -0.09000000357627869 -0.27000001072883606 0.0 0.0 0.0 -0.18000000715255737 0.0 0.0 0.0 -0.550000011920929 -0.6200000047683716 0.0 0.0 -0.18000000715255737 0.0 0.0 0.0 -0.550000011920929 -0.6200000047683716 0.0 0.0 -0.18000000715255737 0.0 0.0 0.0 -0.550000011920929 -0.6200000047683716 0.0 0.0 -0.18000000715255737 0.0 0.0 -0.18000000715255737 0.0 0.0 -0.18000000715255737 0.0 0.0 0.0 0.0 0.0 -0.30000001192092896 0.0 0.0 0.0 -0.2800000011920929 0.0 0.0 0.0 -0.7599999904632568 -0.7599999904632568 -0.05000000074505806 0.0 0.0 0.0 0.0 -0.5099999904632568 0.0
258 -0.18000000715255737 0.0 0.0 -0.550000011920929 -0.6200000047683716 0.0 0.0 -0.18000000715255737 0.0 0.0 0.0 -0.550000011920929 -0.6200000047683716 0.0 0.0 -0.18000000715255737 0.0 0.0 0.0 -0.550000011920929 -0.6200000047683716 0.0 0.0 -0.18000000715255737 0.0 0.0 -0.18000000715255737 0.0 0.0 -0.18000000715255737 0.0 0.0 0.0 0.0 0.0 -0.30000001192092896 0.0 0.0 0.0 -0.2800000011920929 0.0 0.0 0.0 -0.7599999904632568 -0.7599999904632568 -0.05000000074505806 0.0 0.0 0.0 0.0 0.0 -0.5099999904632568 0.0 -0.5099999904632568 0.0 0.0 0.0 -0.18000000715255737 0.0 -0.09000000357627869 0.0 -0.27000001072883606 0.0 0.0 -0.27000001072883606 0.0 -0.6600000262260437 0.0
259 -0.18000000715255737 0.0 0.0 0.0 -0.550000011920929 -0.18000000715255737 0.0 0.0 0.0 -0.550000011920929 -0.6200000047683716 0.0 0.0 -0.18000000715255737 0.0 0.0 -0.18000000715255737 0.0 0.0 -0.18000000715255737 0.0 0.0 0.0 0.0 0.0 -0.30000001192092896 0.0 0.0 0.0 -0.2800000011920929 0.0 0.0 0.0 -0.7599999904632568 -0.7599999904632568 -0.05000000074505806 0.0 0.0 0.0 0.0 0.0 -0.5099999904632568 0.0 -0.5099999904632568 0.0 0.0 0.0 -0.18000000715255737 0.0 0.0 -0.09000000357627869 0.0 -0.27000001072883606 0.0 0.0 0.0 -0.27000001072883606 0.0 0.0 0.0 0.0 0.0 -0.6600000262260437 0.0
26 0.0 -0.18000000715255737 0.0 -0.18000000715255737 0.0 0.0 0.0 0.0 -0.30000001192092896 0.0 0.0 0.0 -0.18000000715255737 0.0 0.0 -0.18000000715255737 0.0 0.0 -0.18000000715255737 0.0 0.0 0.0 0.0 0.0 -0.30000001192092896 0.0 0.0 0.0 -0.18000000715255737 0.0 0.0 -0.18000000715255737 0.0 0.0 -0.18000000715255737 0.0 0.0 0.0 0.0 0.0 -0.30000001192092896 0.0 0.0 0.0 -0.18000000715255737 0.0 0.0 -0.2800000011920929 0.0 0.0 0.0 -0.7599999904632568 -0.7599999904632568 -0.18000000715255737 0.0 0.0 -0.18000000715255737 0.0 0.0 -0.18000000715255737 0.0 0.0 0.0 0.0 0.0 -0.30000001192092896 0.0 0.0 0.0 0.0 0.0 0.0 -0.6600000262260437 0.0 -0.27000001072883606 0.0 0.0 0.0 -0.18000000715255737 0.0 0.0 -0.11999999731779099 0.0 0.0 0.0 0.0 0.0 -0.6600000262260437 0.0 0.0 -0.18000000715255737 0.0 0.0 -0.18000000715255737 0.0 0.0 -0.18000000715255737 0.0 0.0 0.0 0.0 0.0 -0.30000001192092896 0.0 0.0 -0.18000000715255737 0.0 0.0 0.0 0.0 0.0 -0.18000000715255737 0.0 0.0 -0.18000000715255737 0.0 0.0 -0.18000000715255737 0.0 0.0 0.0 0.0 0.0 -0.30000001192092896 0.0 0.0 0.0 0.0 0.0 0.0 -0.11999999731779099 0.0 0.0 0.0 0.0 0.0 -0.30000001192092896 0.0 0.0 0.0 0.0
260 -0.18000000715255737 0.0 0.0 -0.18000000715255737 0.0 0.0 -0.18000000715255737 0.0 0.0 -0.18000000715255737 0.0 0.0 0.0 0.0 0.0 -0.30000001192092896 0.0 0.0 0.0 -0.2800000011920929 0.0 0.0 0.0 -0.7599999904632568 -0.7599999904632568 -0.05000000074505806 0.0 0.0 0.0 0.0 0.0 -0.5099999904632568 0.0 -0.5099999904632568 0.0 0.0 0.0 -0.18000000715255737 0.0 0.0 -0.09000000357627869 0.0 -0.27000001072883606 0.0 0.0 0.0 -0.27000001072883606 0.0 0.0 0.0 0.0 0.0 -0.6600000262260437 0.0 -0.27000001072883606 0.0 0.0 0.0 -0.09000000357627869 0.0 -0.27000001072883606 0.0 0.0 0.0 0.0 0.0
261 -0.18000000715255737 0.0 -0.18000000715255737 0.0 0.0 -0.18000000715255737 0.0 0.0 0.0 -0.2800000011920929 0.0 0.0 0.0 -0.7599999904632568 -0.7599999904632568 -0.05000000074505806 0.0 0.0 0.0 0.0 0.0 -0.5099999904632568 0.0 -0.5099999904632568 0.0 0.0 0.0 -0.18000000715255737 0.0 0.0 -0.09000000357627869 0.0 -0.27000001072883606 0.0 0.0 0.0 -0.27000001072883606 0.0 0.0 0.0 0.0 0.0 -0.6600000262260437 0.0 -0.27000001072883606 0.0 0.0 0.0 -0.09000000357627869 0.0 -0.27000001072883606 0.0 0.0 0.0 -0.27000001072883606 0.0 0.0 0.0 0.0 0.0 0.0 -0.18000000715255737 0.0 -0.18000000715255737 0.0 0.0
262 0.0 -0.2800000011920929 0.0 0.0 -0.05000000074505806 0.0 0.0 0.0 0.0 0.0 -0.5099999904632568 0.0 -0.5099999904632568 0.0 0.0 0.0 -0.18000000715255737 0.0 0.0 -0.09000000357627869 0.0 -0.27000001072883606 0.0 0.0 0.0 -0.27000001072883606 0.0 0.0 0.0 0.0 0.0 -0.6600000262260437 0.0 -0.27000001072883606 0.0 0.0 0.0 -0.09000000357627869 0.0 -0.27000001072883606 0.0 0.0 0.0 -0.27000001072883606 0.0 0.0 0.0 0.0 0.0 0.0 -0.18000000715255737 0.0 0.0 -0.18000000715255737 0.0 0.0 -0.2800000011920929 0.0 0.0 0.0 -0.7599999904632568 0.0
263 -0.05000000074505806 0.0 0.0 0.0 -0.5099999904632568 0.0 0.0 0.0 -0.18000000715255737 0.0 0.0 -0.09000000357627869 0.0 -0.27000001072883606 0.0 0.0 0.0 -0.27000001072883606 0.0 0.0 0.0 0.0 0.0 -0.6600000262260437 0.0 -0.27000001072883606 0.0 0.0 0.0 -0.09000000357627869 0.0 -0.27000001072883606 0.0 0.0 0.0 -0.27000001072883606 0.0 0.0 0.0 0.0 0.0 0.0 -0.18000000715255737 0.0 0.0 -0.18000000715255737 0.0 0.0 -0.2800000011920929 0.0 0.0 0.0 -0.7599999904632568 -0.7599999904632568 -0.18000000715255737 0.0 0.0 -0.18000000715255737 0.0 0.0 0.0 0.0 -0.699999988079071 0.0
264 -0.18000000715255737 0.0 0.0 -0.09000000357627869 0.0 -0.27000001072883606 0.0 0.0 -0.27000001072883606 0.0 0.0 0.0 0.0 0.0 -0.6600000262260437 0.0 -0.27000001072883606 0.0 0.0 0.0 -0.09000000357627869 0.0 -0.27000001072883606 0.0 0.0 0.0 -0.27000001072883606 0.0 0.0 0.0 0.0 0.0 0.0 -0.18000000715255737 0.0 0.0 -0.18000000715255737 0.0 0.0 -0.2800000011920929 0.0 0.0 0.0 -0.7599999904632568 -0.7599999904632568 -0.18000000715255737 0.0 0.0 -0.18000000715255737 0.0 0.0 0.0 0.0 0.0 -0.699999988079071 0.0 0.0 -0.800000011920929 0.0 -0.800000011920929 0.0 -0.27000001072883606 0.0 0.0
265 0.0 0.0 -0.6600000262260437 0.0 -0.27000001072883606 0.0 0.0 0.0 -0.09000000357627869 0.0 -0.27000001072883606 0.0 0.0 0.0 -0.27000001072883606 0.0 0.0 0.0 0.0 0.0 0.0 -0.18000000715255737 0.0 0.0 -0.18000000715255737 0.0 0.0 -0.2800000011920929 0.0 0.0 0.0 -0.7599999904632568 -0.7599999904632568 -0.18000000715255737 0.0 0.0 -0.18000000715255737 0.0 0.0 0.0 0.0 0.0 -0.699999988079071 0.0 0.0 -0.800000011920929 0.0 0.0 -0.800000011920929 0.0 0.0 -0.27000001072883606 0.0 0.0 0.0 -0.27000001072883606 0.0 0.0
266 0.0 -0.09000000357627869 0.0 -0.27000001072883606 0.0 0.0 0.0 0.0 0.0 0.0 -0.18000000715255737 0.0 0.0 -0.18000000715255737 0.0 0.0 -0.2800000011920929 0.0 0.0 0.0 -0.7599999904632568 -0.7599999904632568 -0.18000000715255737 0.0 0.0 -0.18000000715255737 0.0 0.0 0.0 0.0 0.0 -0.699999988079071 0.0 0.0 -0.800000011920929 0.0 0.0 -0.800000011920929 0.0 0.0 -0.27000001072883606 0.0 0.0 0.0 -0.27000001072883606 0.0 0.0 0.0 0.0
267 0.0 -0.18000000715255737 0.0 0.0 -0.18000000715255737 0.0 -0.2800000011920929 0.0 0.0 0.0 -0.7599999904632568 -0.7599999904632568 -0.18000000715255737 0.0 0.0 -0.18000000715255737 0.0 0.0 0.0 0.0 0.0 -0.699999988079071 0.0 0.0 -0.800000011920929 0.0 0.0 -0.800000011920929 0.0 0.0 -0.27000001072883606 0.0 0.0 0.0 -0.27000001072883606 0.0 0.0 0.0 0.0 0.0 0.0 0.0
268 0.0 -0.2800000011920929 0.0 0.0 -0.7599999904632568 -0.7599999904632568 -0.18000000715255737 0.0 0.0 -0.18000000715255737 0.0 0.0 0.0 0.0 0.0 -0.699999988079071 0.0 0.0 -0.800000011920929 0.0 0.0 -0.27000001072883606 0.0 0.0 0.0 -0.27000001072883606 0.0 0.0 0.0 0.0 0.0 0.0 0.0 -0.6600000262260437 0.0 -0.18000000715255737 0.0 -0.18000000715255737 0.0 -0.699999988079071 0.0 0.0 -0.800000011920929 0.0 0.0
269 -0.18000000715255737 0.0 0.0 -0.18000000715255737 0.0 0.0 0.0 0.0 0.0 -0.27000001072883606 0.0 0.0 0.0 -0.27000001072883606 0.0 0.0 0.0 0.0 0.0 0.0 0.0 -0.6600000262260437 0.0 -0.18000000715255737 0.0 0.0 -0.18000000715255737 0.0 0.0 0.0 0.0 0.0 -0.699999988079071 0.0 0.0 -0.800000011920929 0.0 0.0 -0.800000011920929 0.0 0.0 -0.18000000715255737 0.0 -0.14000000059604645 0.0 0.0 -0.09000000357627869
27 -0.18000000715255737 0.0 0.0 -0.18000000715255737 0.0 0.0 -0.18000000715255737 0.0 0.0 0.0 0.0 0.0 -0.30000001192092896 0.0 0.0 0.0 -0.18000000715255737 0.0 0.0 -0.18000000715255737 0.0 0.0 -0.18000000715255737 0.0 0.0 0.0 0.0 0.0 -0.30000001192092896 0.0 0.0 0.0 -0.18000000715255737 0.0 0.0 -0.2800000011920929 0.0 0.0 0.0 -0.7599999904632568 -0.7599999904632568 -0.18000000715255737 0.0 0.0 -0.18000000715255737 0.0 0.0 -0.18000000715255737 0.0 0.0 0.0 0.0 0.0 -0.30000001192092896 0.0 0.0 0.0 0.0 0.0 0.0 -0.6600000262260437 0.0 -0.27000001072883606 0.0 0.0 0.0 -0.18000000715255737 0.0 0.0 0.0 -0.11999999731779099 0.0 -0.11999999731779099 0.0 -0.11999999731779099 0.0 -0.11999999731779099 0.0 -0.11999999731779099 0.0 -0.18000000715255737 0.0 0.0 -0.09000000357627869 0.0 -0.27000001072883606 0.0 0.0 0.0 0.0 0.0 0.0 -0.6600000262260437 0.0 -0.18000000715255737 0.0 0.0 0.0 -0.550000011920929 -0.18000000715255737 0.0 0.0 -0.18000000715255737 0.0 0.0 -0.18000000715255737 0.0 0.0 0.0 0.0 0.0 -0.30000001192092896 0.0 0.0 0.0 -0.18000000715255737 0.0 -0.029999999329447746 -0.15000000596046448 0.0 -0.5099999904632568 0.0 -0.18000000715255737 0.0 0.0 0.0 -0.18000000715255737 0.0 0.0 0.0 0.0 -0.30000001192092896 0.0 0.0 0.0 -0.18000000715255737 0.0 0.0 0.0 0.0 -0.30000001192092896 0.0 0.0 0.0 -0.800000011920929 0.0 0.0
270 -0.27000001072883606 0.0 0.0 0.0 -0.27000001072883606 0.0 0.0 0.0 0.0 0.0 0.0 0.0 -0.6600000262260437 0.0 -0.18000000715255737 0.0 0.0 -0.18000000715255737 0.0 0.0 0.0 0.0 0.0 -0.699999988079071 0.0 0.0 -0.800000011920929 0.0 0.0 -0.800000011920929 0.0 0.0 -0.18000000715255737 0.0 0.0 -0.14000000059604645 0.0 0.0 -0.09000000357627869 -0.2199999988079071 0.0 0.0 0.0 -0.27000001072883606 0.0 0.0
271 -0.27000001072883606 0.0 0.0 0.0 0.0 0.0 0.0 -0.6600000262260437 0.0 -0.18000000715255737 0.0 0.0 -0.18000000715255737 0.0 0.0 0.0 0.0 0.0 -0.699999988079071 0.0 0.0 -0.800000011920929 0.0 0.0 -0.800000011920929 0.0 0.0 -0.18000000715255737 0.0 0.0 -0.14000000059604645 0.0 0.0 -0.09000000357627869 -0.2199999988079071 0.0 0.0 0.0 -0.27000001072883606 0.0 0.0 0.0 -0.2800000011920929 0.0 0.0 0.0
272 0.0 0.0 0.0 0.0 -0.6600000262260437 0.0 -0.18000000715255737 0.0 0.0 -0.18000000715255737 0.0 0.0 0.0 0.0 0.0 -0.699999988079071 0.0 0.0 -0.800000011920929 0.0 0.0 -0.800000011920929 0.0 0.0 -0.18000000715255737 0.0 0.0 -0.14000000059604645 0.0 0.0 -0.09000000357627869 -0.2199999988079071 0.0 0.0 0.0 -0.27000001072883606 0.0 0.0 0.0 -0.2800000011920929 0.0 0.0 0.0 -0.7599999904632568 -0.7599999904632568 -0.18000000715255737 0.0 0.0 -0.18000000715255737 0.0
273 0.0 0.0 -0.6600000262260437 0.0 -0.18000000715255737 0.0 0.0 -0.18000000715255737 0.0 0.0 0.0 0.0 0.0 -0.699999988079071 0.0 0.0 -0.800000011920929 0.0 -0.18000000715255737 0.0 0.0 -0.14000000059604645 0.0 0.0 -0.09000000357627869 -0.2199999988079071 0.0 0.0 0.0 -0.27000001072883606 0.0 0.0 0.0 -0.2800000011920929 0.0 0.0 0.0 -0.7599999904632568 -0.7599999904632568 -0.18000000715255737 0.0 0.0 -0.18000000715255737 0.0 0.0 0.0 0.0 0.0 -0.699999988079071 0.0 0.0 -0.800000011920929 0.0 0.0 -0.800000011920929 0.0 0.0 -0.18000000715255737 0.0 0.0 -0.2800000011920929 0.0 0.0 0.0 -0.7599999904632568
274 -0.18000000715255737 0.0 0.0 -0.18000000715255737 0.0 0.0 -0.18000000715255737 0.0 0.0 -0.14000000059604645 0.0 0.0 -0.09000000357627869 -0.2199999988079071 0.0 0.0 0.0 -0.27000001072883606 0.0 0.0 0.0 -0.2800000011920929 0.0 0.0 0.0 -0.7599999904632568 -0.7599999904632568 -0.18000000715255737 0.0 0.0 -0.18000000715255737 0.0 0.0 0.0 0.0 0.0 -0.699999988079071 0.0 0.0 -0.800000011920929 0.0 0.0 -0.800000011920929 0.0 0.0 -0.18000000715255737 0.0 0.0 -0.2800000011920929 0.0 0.0 0.0 -0.7599999904632568 -0.7599999904632568 -0.18000000715255737 0.0 0.0 -0.2800000011920929 0.0 0.0 0.0 -0.7599999904632568 -0.7599999904632568 0.0
275 -0.18000000715255737 0.0 0.0 -0.14000000059604645 -0.09000000357627869 -0.2199999988079071 0.0 0.0 -0.27000001072883606 0.0 0.0 0.0 -0.2800000011920929 0.0 0.0 0.0 -0.7599999904632568 -0.7599999904632568 -0.18000000715255737 0.0 0.0 -0.18000000715255737 0.0 0.0 0.0 0.0 0.0 -0.699999988079071 0.0 0.0 -0.800000011920929 0.0 0.0 -0.800000011920929 0.0 0.0 -0.18000000715255737 0.0 0.0 -0.2800000011920929 0.0 0.0 0.0 -0.7599999904632568 -0.7599999904632568 -0.18000000715255737 0.0 0.0 -0.2800000011920929 0.0 0.0 0.0 -0.7599999904632568 -0.7599999904632568 -0.09000000357627869 0.0 -0.27000001072883606 0.0 0.0 0.0 -0.18000000715255737 0.0 0.0 -0.27000001072883606 0.0 0.0 0.0
276 -0.27000001072883606 0.0 0.0 0.0 -0.2800000011920929 0.0 0.0 0.0 -0.7599999904632568 -0.7599999904632568 -0.18000000715255737 0.0 0.0 -0.18000000715255737 0.0 0.0 0.0 0.0 0.0 -0.699999988079071 0.0 0.0 -0.800000011920929 0.0 0.0 -0.800000011920929 0.0 0.0 -0.18000000715255737 0.0 0.0 -0.2800000011920929 0.0 0.0 0.0 -0.7599999904632568 -0.7599999904632568 -0.18000000715255737 0.0 0.0 -0.2800000011920929 0.0 0.0 0.0 -0.7599999904632568 -0.7599999904632568 -0.09000000357627869 0.0 -0.27000001072883606 0.0 0.0 0.0 -0.18000000715255737 0.0 0.0 -0.27000001072883606 0.0 0.0 0.0 -0.18000000715255737 0.0 0.0 -0.18000000715255737 0.0
277 -0.2800000011920929 0.0 0.0 0.0 -0.7599999904632568 -0.7599999904632568 -0.18000000715255737 0.0 0.0 -0.18000000715255737 0.0 0.0 0.0 0.0 0.0 -0.699999988079071 0.0 0.0 -0.800000011920929 0.0 0.0 -0.18000000715255737 0.0 0.0 -0.2800000011920929 0.0 0.0 0.0 -0.7599999904632568 -0.7599999904632568 -0.18000000715255737 0.0 0.0 -0.2800000011920929 0.0 0.0 0.0 -0.7599999904632568 -0.7599999904632568 -0.09000000357627869 0.0 -0.27000001072883606 0.0 0.0 0.0 -0.18000000715255737 0.0 0.0 -0.27000001072883606 0.0 0.0 0.0 -0.18000000715255737 0.0 0.0 -0.18000000715255737 0.0 0.0 -0.18000000715255737 0.0 0.0 0.0 0.0 0.0 -0.30000001192092896 0.0 0.0 0.0 0.0 0.0 -0.6600000262260437 0.0
278 -0.7599999904632568 -0.18000000715255737 0.0 0.0 -0.18000000715255737 0.0 0.0 0.0 0.0 0.0 -0.699999988079071 0.0 0.0 -0.800000011920929 0.0 0.0 -0.800000011920929 0.0 0.0 -0.18000000715255737 0.0 0.0 -0.2800000011920929 0.0 0.0 0.0 -0.7599999904632568 -0.7599999904632568 -0.18000000715255737 0.0 0.0 -0.2800000011920929 0.0 0.0 0.0 -0.7599999904632568 -0.7599999904632568 -0.09000000357627869 0.0 -0.27000001072883606 0.0 0.0 0.0 -0.18000000715255737 0.0 0.0 -0.27000001072883606 0.0 0.0 0.0 -0.18000000715255737 0.0 0.0 -0.18000000715255737 0.0 0.0 -0.18000000715255737 0.0 0.0 0.0 0.0 0.0 -0.30000001192092896 0.0 0.0 0.0 0.0 0.0 0.0 -0.6600000262260437 0.0 0.0 0.0 0.0 -0.6600000262260437 0.0
279 0.0 -0.18000000715255737 0.0 0.0 -0.2800000011920929 0.0 -0.18000000715255737 0.0 0.0 -0.2800000011920929 0.0 0.0 0.0 -0.7599999904632568 -0.7599999904632568 -0.09000000357627869 0.0 -0.27000001072883606 0.0 0.0 0.0 -0.18000000715255737 0.0 0.0 -0.27000001072883606 0.0 0.0 0.0 -0.18000000715255737 0.0 0.0 -0.18000000715255737 0.0 0.0 -0.18000000715255737 0.0 0.0 0.0 0.0 0.0 -0.30000001192092896 0.0 0.0 0.0 0.0 0.0 0.0 -0.6600000262260437 0.0 0.0 0.0 0.0 -0.6600000262260437 0.0 -0.18000000715255737 0.0 0.0 -0.2800000011920929 0.0 0.0 0.0 -0.7599999904632568 -0.7599999904632568 0.0 -0.7599999904632568
28 -0.18000000715255737 0.0 0.0 -0.18000000715255737 0.0 0.0 -0.18000000715255737 0.0 0.0 0.0 0.0 0.0 -0.30000001192092896 0.0 0.0 0.0 -0.18000000715255737 0.0 0.0 -0.18000000715255737 0.0 0.0 -0.18000000715255737 0.0 0.0 -0.18000000715255737 0.0 0.0 0.0 0.0 0.0 0.0 0.0 -0.6600000262260437 0.0 -0.27000001072883606 0.0 0.0 0.0 -0.18000000715255737 0.0 0.0 0.0 -0.11999999731779099 0.0 -0.11999999731779099 0.0 -0.11999999731779099 0.0 -0.11999999731779099 0.0 -0.11999999731779099 0.0 -0.18000000715255737 0.0 0.0 -0.09000000357627869 0.0 -0.27000001072883606 0.0 0.0 0.0 -0.27000001072883606 0.0 0.0 0.0 0.0 0.0 0.0 -0.6600000262260437 0.0 -0.18000000715255737 0.0 0.0 0.0 -0.550000011920929 -0.18000000715255737 0.0 0.0 -0.18000000715255737 0.0 0.0 -0.18000000715255737 0.0 0.0 0.0 0.0 0.0 -0.30000001192092896 0.0 0.0 0.0 -0.18000000715255737 0.0 0.0 -0.18000000715255737 0.0 0.0 -0.18000000715255737 0.0 0.0 0.0 0.0 0.0 -0.30000001192092896 0.0 0.0 0.0 0.0 -0.18000000715255737 0.0 0.0 0.0 0.0 0.0 -0.699999988079071 0.0 0.0 -0.800000011920929 0.0 0.0 -0.800000011920929 0.0 0.0
280 -0.18000000715255737 0.0 0.0 -0.2800000011920929 0.0 0.0 0.0 -0.7599999904632568 -0.7599999904632568 -0.09000000357627869 0.0 -0.27000001072883606 0.0 0.0 0.0 -0.18000000715255737 0.0 0.0 -0.27000001072883606 0.0 0.0 0.0 -0.18000000715255737 0.0 0.0 -0.18000000715255737 0.0 0.0 -0.18000000715255737 0.0 0.0 0.0 0.0 0.0 -0.30000001192092896 0.0 0.0 0.0 0.0 0.0 0.0 -0.6600000262260437 0.0 0.0 0.0 0.0 -0.6600000262260437 0.0 -0.18000000715255737 0.0 0.0 -0.2800000011920929 0.0 0.0 0.0 -0.7599999904632568 -0.7599999904632568 -0.2800000011920929 0.0 0.0 0.0 -0.7599999904632568 -0.7599999904632568 0.0 0.0 0.0 -0.30000001192092896 0.0 0.0 0.0
281 0.0 -0.09000000357627869 0.0 -0.27000001072883606 0.0 0.0 0.0 -0.18000000715255737 0.0 -0.18000000715255737 0.0 0.0 -0.18000000715255737 0.0 0.0 -0.18000000715255737 0.0 0.0 0.0 0.0 0.0 -0.30000001192092896 0.0 0.0 0.0 0.0 0.0 0.0 -0.6600000262260437 0.0 0.0 0.0 0.0 -0.6600000262260437 0.0 -0.18000000715255737 0.0 0.0 -0.2800000011920929 0.0 0.0 0.0 -0.7599999904632568 -0.7599999904632568 -0.2800000011920929 0.0 0.0 0.0 -0.7599999904632568 -0.7599999904632568 -0.2800000011920929 0.0 0.0 0.0 -0.7599999904632568 -0.7599999904632568 0.0 -0.18000000715255737 0.0 0.0 0.0 -0.7599999904632568 -0.7599999904632568 -0.18000000715255737 0.0 0.0 -0.18000000715255737 0.0 0.0 0.0 0.0 -0.30000001192092896 0.0 0.0 0.0 -0.30000001192092896 0.0 0.0 0.0
282 -0.18000000715255737 0.0 0.0 -0.18000000715255737 0.0 0.0 -0.18000000715255737 0.0 0.0 0.0 0.0 0.0 -0.30000001192092896 0.0 0.0 0.0 0.0 0.0 -0.6600000262260437 0.0 0.0 0.0 0.0 -0.6600000262260437 0.0 -0.18000000715255737 0.0 0.0 -0.2800000011920929 0.0 0.0 0.0 -0.7599999904632568 -0.7599999904632568 -0.2800000011920929 0.0 0.0 0.0 -0.7599999904632568 -0.7599999904632568 -0.2800000011920929 0.0 0.0 0.0 -0.7599999904632568 -0.7599999904632568 -0.18000000715255737 0.0 0.0 -0.2800000011920929 0.0 0.0 0.0 -0.7599999904632568 -0.7599999904632568 -0.18000000715255737 0.0 0.0 0.0 -0.18000000715255737 0.0 0.0 -0.2800000011920929 0.0 0.0 0.0 -0.7599999904632568 -0.7599999904632568 -0.18000000715255737 0.0 0.0 -0.18000000715255737 0.0 0.0 -0.18000000715255737 0.0 0.0 0.0 0.0 0.0 -0.30000001192092896 0.0 0.0 0.0 -0.30000001192092896 0.0 0.0 0.0
283 0.0 0.0 0.0 0.0 -0.6600000262260437 0.0 0.0 0.0 0.0 -0.6600000262260437 0.0 -0.18000000715255737 0.0 0.0 -0.2800000011920929 0.0 0.0 0.0 -0.7599999904632568 -0.7599999904632568 -0.2800000011920929 0.0 0.0 0.0 -0.7599999904632568 -0.7599999904632568 -0.2800000011920929 0.0 0.0 0.0 -0.7599999904632568 -0.7599999904632568 -0.18000000715255737 0.0 0.0 -0.2800000011920929 0.0 0.0 0.0 -0.7599999904632568 -0.7599999904632568 -0.18000000715255737 0.0 0.0 -0.14000000059604645 0.0 0.0 -0.09000000357627869 -0.2199999988079071 0.0 0.0 -0.18000000715255737 0.0 0.0 -0.2800000011920929 0.0 0.0 0.0 -0.7599999904632568 -0.7599999904632568 -0.18000000715255737 0.0 0.0 -0.18000000715255737 0.0 0.0 -0.18000000715255737 0.0 0.0 0.0 0.0 0.0 -0.30000001192092896 0.0 0.0 0.0 -0.18000000715255737 0.0 0.0 0.0 0.0 -0.18000000715255737 0.0 0.0 -0.18000000715255737 0.0 0.0 -0.18000000715255737 0.0 0.0 0.0 0.0 0.0 -0.30000001192092896 0.0 0.0 0.0 -0.6600000262260437 0.0
284 0.0 0.0 0.0 0.0 -0.6600000262260437 0.0 -0.18000000715255737 0.0 0.0 -0.2800000011920929 0.0 0.0 0.0 -0.7599999904632568 -0.7599999904632568 -0.2800000011920929 0.0 0.0 0.0 -0.7599999904632568 -0.7599999904632568 -0.2800000011920929 0.0 0.0 0.0 -0.7599999904632568 -0.7599999904632568 -0.18000000715255737 0.0 0.0 -0.2800000011920929 0.0 0.0 0.0 -0.7599999904632568 -0.7599999904632568 -0.18000000715255737 0.0 0.0 -0.14000000059604645 0.0 0.0 -0.09000000357627869 -0.2199999988079071 0.0 0.0 0.0 -0.18000000715255737 0.0 0.0 -0.2800000011920929 0.0 0.0 0.0 -0.7599999904632568 -0.7599999904632568 -0.18000000715255737 0.0 0.0 -0.18000000715255737 0.0 0.0 -0.18000000715255737 0.0 0.0 0.0 0.0 0.0 -0.30000001192092896 0.0 0.0 0.0 -0.18000000715255737 0.0 0.0 -0.09000000357627869 0.0 -0.27000001072883606 0.0 0.0 -0.27000001072883606 0.0 0.0 0.0 -0.18000000715255737 0.0 0.0 0.0 -0.11999999731779099 0.0 -0.5400000214576721 0.0 -0.11999999731779099 0.0 -0.11999999731779099 0.0 -0.18000000715255737 0.0 0.0 -0.18000000715255737 0.0 0.0 -0.18000000715255737 0.0 0.0 0.0 0.0 0.0 -0.30000001192092896 0.0 0.0 0.0 0.0 0.0 -0.6600000262260437 0.0
285 0.0 -0.18000000715255737 0.0 0.0 -0.2800000011920929 0.0 0.0 0.0 -0.7599999904632568 -0.7599999904632568 -0.2800000011920929 0.0 0.0 0.0 -0.7599999904632568 -0.7599999904632568 -0.2800000011920929 0.0 0.0 0.0 -0.7599999904632568 -0.7599999904632568 -0.18000000715255737 0.0 0.0 -0.2800000011920929 0.0 0.0 0.0 -0.7599999904632568 -0.7599999904632568 -0.18000000715255737 0.0 0.0 -0.14000000059604645 0.0 0.0 -0.09000000357627869 -0.2199999988079071 0.0 0.0 0.0 -0.18000000715255737 0.0 0.0 -0.2800000011920929 0.0 0.0 0.0 -0.7599999904632568 -0.7599999904632568 -0.18000000715255737 0.0 0.0 -0.18000000715255737 0.0 0.0 -0.18000000715255737 0.0 0.0 0.0 0.0 0.0 -0.30000001192092896 0.0 0.0 0.0 -0.18000000715255737 0.0 0.0 -0.09000000357627869 0.0 -0.27000001072883606 0.0 0.0 0.0 -0.27000001072883606 0.0 0.0 0.0 -0.18000000715255737 0.0 0.0 0.0 -0.11999999731779099 0.0 -0.11999999731779099 0.0 -0.5400000214576721 0.0 -0.11999999731779099 0.0 -0.11999999731779099 0.0 -0.18000000715255737 0.0 0.0 -0.18000000715255737 0.0 0.0 -0.18000000715255737 0.0 0.0 0.0 0.0 0.0 -0.30000001192092896 0.0 0.0 0.0 0.0 0.0 0.0 -0.6600000262260437 0.0 -0.18000000715255737 0.0 -0.09000000357627869 0.0 -0.27000001072883606 0.0 0.0 0.0 0.0
286 -0.18000000715255737 0.0 0.0 -0.2800000011920929 0.0 0.0 0.0 -0.7599999904632568 -0.7599999904632568 -0.2800000011920929 0.0 0.0 0.0 -0.7599999904632568 -0.7599999904632568 -0.18000000715255737 0.0 0.0 -0.2800000011920929 0.0 0.0 0.0 -0.7599999904632568 -0.7599999904632568 -0.18000000715255737 0.0 0.0 -0.14000000059604645 0.0 0.0 -0.09000000357627869 -0.2199999988079071 0.0 0.0 0.0 -0.18000000715255737 0.0 0.0 -0.2800000011920929 0.0 0.0 0.0 -0.7599999904632568 -0.7599999904632568 -0.18000000715255737 0.0 0.0 -0.18000000715255737 0.0 0.0 -0.18000000715255737 0.0 0.0 0.0 0.0 0.0 -0.30000001192092896 0.0 0.0 0.0 -0.18000000715255737 0.0 0.0 -0.09000000357627869 0.0 -0.27000001072883606 0.0 0.0 0.0 -0.27000001072883606 0.0 0.0 0.0 -0.18000000715255737 0.0 0.0 0.0 -0.11999999731779099 0.0 -0.11999999731779099 0.0 0.0 -0.5400000214576721 0.0 -0.11999999731779099 0.0 -0.11999999731779099 0.0 -0.18000000715255737 0.0 0.0 -0.18000000715255737 0.0 0.0 -0.18000000715255737 0.0 0.0 0.0 0.0 0.0 -0.30000001192092896 0.0 0.0 0.0 0.0 0.0 0.0 -0.6600000262260437 0.0 -0.18000000715255737 0.0 0.0 -0.09000000357627869 0.0 -0.27000001072883606 0.0 0.0 0.0 -0.27000001072883606 0.0 0.0 0.0 -0.18000000715255737 0.0 0.0 -0.7599999904632568 0.0 0.0 -0.18000000715255737 0.0 0.0 -0.18000000715255737 0.0 0.0
287 0.0 0.0 0.0 -0.6600000262260437 0.0 -0.18000000715255737 0.0 0.0 -0.2800000011920929 0.0 0.0 0.0 -0.7599999904632568 -0.7599999904632568 -0.2800000011920929 0.0 0.0 0.0 -0.7599999904632568 -0.7599999904632568 -0.18000000715255737 0.0 0.0 -0.2800000011920929 0.0 0.0 0.0 -0.7599999904632568 -0.7599999904632568 -0.18000000715255737 0.0 0.0 -0.14000000059604645 0.0 0.0 -0.09000000357627869 -0.2199999988079071 0.0 0.0 0.0 -0.18000000715255737 0.0 0.0 -0.2800000011920929 0.0 0.0 0.0 -0.7599999904632568 -0.7599999904632568 -0.18000000715255737 0.0 0.0 -0.18000000715255737 0.0 0.0 -0.18000000715255737 0.0 0.0 0.0 0.0 0.0 -0.30000001192092896 0.0 0.0 0.0 -0.18000000715255737 0.0 0.0 -0.09000000357627869 0.0 -0.27000001072883606 0.0 0.0 0.0 -0.27000001072883606 0.0 0.0 0.0 -0.18000000715255737 0.0 0.0 0.0 -0.11999999731779099 0.0 -0.11999999731779099 0.0 0.0 -0.5400000214576721 0.0 -0.11999999731779099 0.0 -0.11999999731779099 0.0 -0.18000000715255737 0.0 0.0 -0.18000000715255737 0.0 0.0 -0.18000000715255737 0.0 0.0 0.0 0.0 0.0 -0.30000001192092896 0.0 0.0 0.0 0.0 0.0 0.0 -0.6600000262260437 0.0 -0.18000000715255737 0.0 0.0 -0.09000000357627869 0.0 -0.27000001072883606 0.0 0.0 0.0 -0.27000001072883606 0.0 0.0 -0.18000000715255737 0.0 0.0 -0.2800000011920929 0.0 0.0 0.0 -0.7599999904632568 -0.7599999904632568 -0.18000000715255737 0.0 -0.18000000715255737 0.0 0.0 0.0 -0.550000011920929 -0.6200000047683716 0.0 0.0 0.0
288 0.0 0.0 0.0 0.0 0.0 0.0 -0.6600000262260437 0.0 -0.18000000715255737 0.0 0.0 -0.2800000011920929 0.0 0.0 0.0 -0.7599999904632568 -0.7599999904632568 -0.2800000011920929 0.0 0.0 0.0 -0.7599999904632568 -0.7599999904632568 -0.2800000011920929 0.0 0.0 0.0 -0.7599999904632568 -0.7599999904632568 -0.18000000715255737 0.0 0.0 -0.2800000011920929 0.0 0.0 0.0 -0.7599999904632568 -0.7599999904632568 -0.18000000715255737 0.0 0.0 -0.14000000059604645 0.0 0.0 -0.09000000357627869 -0.2199999988079071 0.0 0.0 0.0 -0.18000000715255737 0.0 0.0 -0.2800000011920929 0.0 0.0 0.0 -0.7599999904632568 -0.7599999904632568 -0.18000000715255737 0.0 0.0 -0.18000000715255737 0.0 0.0 -0.18000000715255737 0.0 0.0 0.0 0.0 0.0 -0.30000001192092896 0.0 0.0 0.0 -0.18000000715255737 0.0 0.0 -0.09000000357627869 0.0 -0.27000001072883606 0.0 0.0 0.0 -0.27000001072883606 0.0 0.0 0.0 -0.18000000715255737 0.0 0.0 0.0 -0.11999999731779099 0.0 -0.11999999731779099 0.0 0.0 -0.5400000214576721 0.0 -0.11999999731779099 0.0 -0.11999999731779099 0.0 -0.18000000715255737 0.0 0.0 -0.18000000715255737 0.0 0.0 -0.18000000715255737 0.0 0.0 0.0 0.0 0.0 -0.30000001192092896 0.0 0.0 0.0 0.0 0.0 0.0 -0.6600000262260437 0.0 -0.18000000715255737 0.0 0.0 -0.09000000357627869 0.0 -0.27000001072883606 0.0 0.0 0.0 -0.27000001072883606 0.0 0.0 0.0 -0.18000000715255737 0.0 0.0 -0.2800000011920929 0.0 0.0 0.0 -0.7599999904632568 -0.18000000715255737 0.0 0.0 -0.18000000715255737 0.0 0.0 0.0 -0.550000011920929 -0.6200000047683716 0.0 0.0 -0.27000001072883606 0.0 0.0 0.0 0.0
289 -0.2800000011920929 0.0 0.0 0.0 -0.7599999904632568 -0.7599999904632568 -0.2800000011920929 0.0 0.0 0.0 -0.7599999904632568 -0.7599999904632568 -0.18000000715255737 0.0 0.0 -0.2800000011920929 0.0 0.0 0.0 -0.7599999904632568 -0.7599999904632568 -0.18000000715255737 0.0 0.0 -0.14000000059604645 0.0 0.0 -0.09000000357627869 -0.2199999988079071 0.0 0.0 0.0 -0.18000000715255737 0.0 0.0 -0.2800000011920929 0.0 0.0 0.0 -0.7599999904632568 -0.7599999904632568 -0.18000000715255737 0.0 0.0 -0.18000000715255737 0.0 0.0 -0.18000000715255737 0.0 0.0 0.0 0.0 0.0 -0.30000001192092896 0.0 0.0 0.0 -0.18000000715255737 0.0 0.0 -0.09000000357627869 0.0 -0.27000001072883606 0.0 0.0 0.0 -0.27000001072883606 0.0 0.0 0.0 -0.18000000715255737 0.0 0.0 0.0 -0.11999999731779099 0.0 -0.11999999731779099 0.0 0.0 -0.5400000214576721 0.0 -0.11999999731779099 0.0 -0.11999999731779099 0.0 -0.18000000715255737 0.0 0.0 -0.18000000715255737 0.0 0.0 -0.18000000715255737 0.0 0.0 0.0 0.0 0.0 -0.30000001192092896 0.0 0.0 0.0 0.0 0.0 0.0 -0.6600000262260437 0.0 -0.18000000715255737 0.0 0.0 -0.09000000357627869 0.0 -0.27000001072883606 0.0 0.0 0.0 -0.27000001072883606 0.0 0.0 0.0 -0.18000000715255737 0.0 0.0 -0.2800000011920929 0.0 0.0 0.0 -0.7599999904632568 -0.7599999904632568 -0.18000000715255737 0.0 0.0 -0.18000000715255737 0.0 0.0 0.0 -0.550000011920929 -0.6200000047683716 0.0 0.0 -0.27000001072883606 0.0 0.0 0.0 -0.18000000715255737 0.0 0.0 -0.09000000357627869 0.0 -0.27000001072883606 0.0 0.0 0.0 -0.27000001072883606 0.0 0.0 0.0 0.0 0.0 0.0 -0.18000000715255737 0.0 0.0 -0.18000000715255737 0.0 0.0 0.0 0.0 0.0 0.0
29 0.0 0.0 -0.18000000715255737 0.0 0.0 0.0 0.0 -0.18000000715255737 0.0 0.0 -0.18000000715255737 0.0 0.0 0.0 0.0 0.0 -0.6600000262260437 0.0 -0.27000001072883606 0.0 0.0 0.0 -0.18000000715255737 0.0 0.0 0.0 -0.11999999731779099 0.0 -0.11999999731779099 0.0 -0.11999999731779099 0.0 -0.11999999731779099 0.0 -0.11999999731779099 0.0 -0.18000000715255737 0.0 0.0 -0.09000000357627869 0.0 -0.27000001072883606 0.0 0.0 0.0 -0.27000001072883606 0.0 0.0 0.0 0.0 0.0 0.0 -0.6600000262260437 0.0 -0.18000000715255737 0.0 0.0 0.0 -0.550000011920929 -0.18000000715255737 0.0 0.0 -0.18000000715255737 0.0 0.0 -0.18000000715255737 0.0 0.0 0.0 0.0 0.0 -0.30000001192092896 0.0 0.0 0.0 0.0 0.0 -0.18000000715255737 0.0 -0.18000000715255737 0.0 0.0 0.0 0.0 0.0 -0.30000001192092896 0.0 0.0 0.0 -0.800000011920929 0.0 0.0
290 0.0 -0.2800000011920929 0.0 0.0 0.0 -0.7599999904632568 -0.7599999904632568 -0.18000000715255737 0.0 0.0 -0.2800000011920929 0.0 0.0 -0.18000000715255737 0.0 0.0 -0.14000000059604645 0.0 0.0 -0.09000000357627869 -0.2199999988079071 0.0 0.0 0.0 -0.18000000715255737 0.0 0.0 -0.2800000011920929 0.0 0.0 0.0 -0.7599999904632568 -0.7599999904632568 -0.18000000715255737 0.0 0.0 -0.18000000715255737 0.0 0.0 -0.18000000715255737 0.0 0.0 0.0 0.0 0.0 -0.18000000715255737 0.0 0.0 -0.09000000357627869 0.0 -0.27000001072883606 0.0 0.0 0.0 -0.27000001072883606 0.0 0.0 0.0 -0.18000000715255737 0.0 0.0 0.0 -0.11999999731779099 0.0 -0.11999999731779099 0.0 0.0 -0.5400000214576721 0.0 -0.11999999731779099 0.0 -0.11999999731779099 0.0 -0.18000000715255737 0.0 0.0 -0.18000000715255737 0.0 0.0 -0.18000000715255737 0.0 0.0 0.0 0.0 0.0 -0.30000001192092896 0.0 0.0 0.0 0.0 0.0 0.0 -0.6600000262260437 0.0 -0.18000000715255737 0.0 0.0 -0.09000000357627869 0.0 -0.27000001072883606 0.0 0.0 0.0 -0.27000001072883606 0.0 0.0 0.0 -0.18000000715255737 0.0 0.0 -0.2800000011920929 0.0 0.0 0.0 -0.7599999904632568 -0.7599999904632568 -0.18000000715255737 0.0 0.0 -0.18000000715255737 0.0 0.0 0.0 -0.550000011920929 -0.6200000047683716 0.0 0.0 -0.27000001072883606 0.0 0.0 0.0 0.0 -0.18000000715255737 0.0 0.0 -0.09000000357627869 0.0 -0.27000001072883606 0.0 0.0 0.0 0.0 0.0 -0.6600000262260437 0.0 0.0 0.0 0.0 -0.18000000715255737 0.0 0.0 -0.18000000715255737 0.0 0.0 -0.18000000715255737 0.0 -0.09000000357627869 0.0 -0.27000001072883606 0.0 0.0 -0.27000001072883606 0.0 0.0 -0.18000000715255737 0.0 0.0 0.0 0.0 -0.699999988079071 0.0 -0.800000011920929 0.0 0.0 0.0 0.0 0.0 -0.6600000262260437 0.0
291 -0.6600000262260437 0.0 -0.2800000011920929 0.0 0.0 0.0 -0.7599999904632568 -0.7599999904632568 -0.2800000011920929 0.0 0.0 0.0 -0.7599999904632568 -0.7599999904632568 -0.18000000715255737 0.0 0.0 0.0 -0.18000000715255737 0.0 0.0 -0.14000000059604645 0.0 0.0 -0.09000000357627869 -0.2199999988079071 0.0 0.0 0.0 -0.18000000715255737 0.0 0.0 -0.2800000011920929 0.0 0.0 0.0 -0.7599999904632568 -0.7599999904632568 -0.18000000715255737 0.0 0.0 -0.18000000715255737 0.0 0.0 -0.18000000715255737 0.0 0.0 0.0 0.0 0.0 -0.30000001192092896 0.0 0.0 0.0 -0.18000000715255737 0.0 0.0 -0.09000000357627869 0.0 -0.27000001072883606 0.0 0.0 0.0 -0.27000001072883606 0.0 0.0 0.0 -0.18000000715255737 0.0 0.0 0.0 -0.11999999731779099 0.0 -0.11999999731779099 0.0 0.0 -0.5400000214576721 0.0 -0.11999999731779099 0.0 -0.11999999731779099 0.0 -0.18000000715255737 0.0 0.0 -0.18000000715255737 0.0 0.0 -0.18000000715255737 0.0 0.0 0.0 0.0 0.0 -0.30000001192092896 0.0 0.0 0.0 0.0 0.0 0.0 -0.6600000262260437 0.0 -0.18000000715255737 0.0 0.0 -0.09000000357627869 0.0 -0.27000001072883606 0.0 0.0 0.0 -0.27000001072883606 0.0 0.0 0.0 -0.18000000715255737 0.0 0.0 -0.2800000011920929 0.0 0.0 0.0 -0.7599999904632568 -0.7599999904632568 -0.18000000715255737 0.0 0.0 -0.18000000715255737 0.0 0.0 0.0 -0.550000011920929 -0.6200000047683716 0.0 0.0 -0.27000001072883606 0.0 0.0 0.0 0.0 0.0 0.0 -0.6600000262260437 -0.18000000715255737 0.0 0.0 -0.09000000357627869 0.0 -0.27000001072883606 0.0 0.0 0.0 -0.18000000715255737 0.0 -0.18000000715255737 0.0 0.0 0.0 0.0 0.0 -0.6600000262260437 0.0
292 0.0 -0.18000000715255737 0.0 0.0 -0.2800000011920929 0.0 -0.18000000715255737 0.0 0.0 -0.14000000059604645 0.0 -0.09000000357627869 -0.18000000715255737 0.0 0.0 -0.2800000011920929 0.0 0.0 0.0 -0.7599999904632568 -0.7599999904632568 -0.18000000715255737 0.0 0.0 -0.18000000715255737 0.0 0.0 -0.18000000715255737 0.0 0.0 0.0 0.0 0.0 -0.30000001192092896 0.0 0.0 0.0 -0.18000000715255737 0.0 0.0 -0.09000000357627869 0.0 -0.27000001072883606 0.0 0.0 0.0 -0.27000001072883606 0.0 0.0 0.0 -0.18000000715255737 0.0 0.0 0.0 -0.11999999731779099 0.0 -0.11999999731779099 0.0 0.0 -0.11999999731779099 0.0 -0.11999999731779099 0.0 -0.18000000715255737 0.0 0.0 -0.18000000715255737 0.0 0.0 -0.18000000715255737 0.0 0.0 0.0 0.0 0.0 -0.30000001192092896 0.0 0.0 0.0 0.0 0.0 0.0 -0.6600000262260437 0.0 -0.18000000715255737 0.0 0.0 -0.09000000357627869 0.0 -0.27000001072883606 0.0 0.0 0.0 -0.27000001072883606 0.0 0.0 0.0 -0.18000000715255737 0.0 0.0 -0.2800000011920929 0.0 0.0 0.0 -0.7599999904632568 -0.7599999904632568 -0.18000000715255737 0.0 0.0 -0.18000000715255737 0.0 0.0 0.0 -0.550000011920929 -0.6200000047683716 0.0 0.0 -0.27000001072883606 0.0 0.0 0.0 0.0 0.0 0.0 -0.6600000262260437 0.0 -0.18000000715255737 0.0 0.0 -0.09000000357627869 0.0 -0.27000001072883606 0.0 0.0 0.0 -0.27000001072883606 0.0 0.0 0.0 0.0 0.0 0.0 -0.18000000715255737 0.0 0.0 0.0 0.0 0.0 0.0 -0.6600000262260437 0.0 -0.7599999904632568 -0.7599999904632568
293 -0.18000000715255737 0.0 0.0 -0.14000000059604645 0.0 0.0 -0.09000000357627869 -0.2199999988079071 0.0 -0.18000000715255737 0.0 0.0 -0.2800000011920929 0.0 0.0 -0.18000000715255737 0.0 0.0 -0.18000000715255737 0.0 0.0 -0.18000000715255737 0.0 -0.18000000715255737 0.0 0.0 -0.09000000357627869 0.0 -0.27000001072883606 0.0 0.0 0.0 -0.27000001072883606 0.0 0.0 0.0 -0.18000000715255737 0.0 0.0 0.0 -0.11999999731779099 0.0 -0.11999999731779099 0.0 0.0 -0.5400000214576721 0.0 -0.11999999731779099 0.0 -0.11999999731779099 0.0 -0.18000000715255737 0.0 0.0 -0.18000000715255737 0.0 0.0 -0.18000000715255737 0.0 0.0 0.0 0.0 0.0 0.0 0.0 0.0 0.0 -0.6600000262260437 0.0 -0.18000000715255737 0.0 0.0 -0.09000000357627869 0.0 -0.27000001072883606 0.0 0.0 0.0 -0.27000001072883606 0.0 0.0 0.0 -0.18000000715255737 0.0 0.0 -0.2800000011920929 0.0 0.0 0.0 -0.7599999904632568 -0.7599999904632568 -0.18000000715255737 0.0 0.0 -0.18000000715255737 0.0 0.0 0.0 -0.550000011920929 -0.6200000047683716 0.0 0.0 -0.27000001072883606 0.0 0.0 0.0 0.0 0.0 0.0 -0.6600000262260437 0.0 -0.18000000715255737 0.0 0.0 -0.09000000357627869 0.0 -0.27000001072883606 0.0 0.0 0.0 -0.27000001072883606 0.0 0.0 0.0 0.0 0.0 0.0 -0.6600000262260437 0.0 0.0 0.0 0.0 -0.18000000715255737 0.0 0.0 -0.18000000715255737 0.0 0.0 -0.18000000715255737 0.0 0.0 -0.09000000357627869 0.0 -0.27000001072883606 0.0 0.0 -0.27000001072883606 0.0 0.0 0.0 0.0 -0.2800000011920929 0.0 0.0 0.0 -0.7599999904632568 -0.7599999904632568 -0.18000000715255737 0.0 0.0 -0.18000000715255737 0.0 0.0 0.0 0.0 -0.699999988079071 0.0 0.0 -0.18000000715255737 0.0 0.0 -0.18000000715255737 0.0 0.0 0.0 0.0 0.0 -0.699999988079071 0.0 0.0 0.0 0.0 0.0 0.0 0.0 -0.6600000262260437 0.0 -0.6600000262260437 0.0 0.0 0.0 -0.2800000011920929 0.0 0.0 -0.7599999904632568 -0.7599999904632568
294 0.0 -0.18000000715255737 -0.2800000011920929 0.0 0.0 0.0 -0.7599999904632568 -0.18000000715255737 0.0 0.0 -0.18000000715255737 0.0 0.0 -0.09000000357627869 0.0 -0.27000001072883606 0.0 0.0 0.0 -0.27000001072883606 0.0 0.0 0.0 -0.18000000715255737 0.0 0.0 0.0 -0.11999999731779099 0.0 -0.11999999731779099 0.0 0.0 -0.5400000214576721 -0.11999999731779099 0.0 -0.11999999731779099 0.0 -0.18000000715255737 0.0 0.0 -0.18000000715255737 0.0 0.0 -0.18000000715255737 0.0 0.0 0.0 0.0 0.0 -0.30000001192092896 0.0 0.0 0.0 0.0 0.0 0.0 -0.6600000262260437 0.0 -0.18000000715255737 0.0 0.0 -0.09000000357627869 0.0 -0.27000001072883606 0.0 0.0 0.0 -0.27000001072883606 0.0 0.0 0.0 -0.18000000715255737 0.0 0.0 -0.2800000011920929 0.0 0.0 0.0 -0.7599999904632568 -0.7599999904632568 -0.18000000715255737 0.0 0.0 -0.18000000715255737 0.0 0.0 0.0 -0.550000011920929 -0.6200000047683716 0.0 0.0 -0.27000001072883606 0.0 0.0 0.0 0.0 0.0 0.0 -0.6600000262260437 0.0 -0.18000000715255737 0.0 0.0 -0.09000000357627869 0.0 -0.27000001072883606 0.0 0.0 0.0 -0.27000001072883606 0.0 0.0 0.0 0.0 0.0 0.0 -0.6600000262260437 0.0 0.0 0.0 0.0 -0.18000000715255737 0.0 0.0 -0.18000000715255737 0.0 0.0 -0.18000000715255737 0.0 0.0 -0.699999988079071 0.0 -0.800000011920929 0.0 -0.18000000715255737 0.0 0.0 -0.18000000715255737 0.0 0.0 0.0 0.0 0.0 -0.699999988079071 0.0 0.0 0.0 -0.800000011920929 0.0 0.0 0.0 0.0 -0.18000000715255737 0.0 0.0 -0.18000000715255737 0.0 0.0 0.0 0.0 -0.6600000262260437 0.0 0.0 0.0 -0.6600000262260437 0.0 -0.27000001072883606 0.0 0.0 0.0 0.0 -0.18000000715255737 0.0 0.0 -0.2800000011920929 0.0 0.0 0.0 -0.7599999904632568 -0.7599999904632568
295 -0.2800000011920929 0.0 -0.7599999904632568 -0.18000000715255737 0.0 0.0 -0.18000000715255737 0.0 0.0 -0.18000000715255737 0.0 0.0 -0.18000000715255737 0.0 0.0 -0.09000000357627869 0.0 -0.27000001072883606 0.0 0.0 0.0 -0.18000000715255737 0.0 0.0 0.0 -0.11999999731779099 0.0 -0.11999999731779099 -0.11999999731779099 -0.18000000715255737 0.0 0.0 -0.18000000715255737 0.0 0.0 -0.18000000715255737 0.0 0.0 0.0 0.0 0.0 -0.30000001192092896 0.0 0.0 0.0 0.0 0.0 0.0 -0.6600000262260437 0.0 -0.18000000715255737 0.0 0.0 -0.09000000357627869 0.0 -0.27000001072883606 0.0 0.0 0.0 -0.27000001072883606 0.0 0.0 0.0 -0.18000000715255737 0.0 0.0 -0.2800000011920929 0.0 0.0 0.0 -0.7599999904632568 -0.7599999904632568 -0.18000000715255737 0.0 0.0 -0.18000000715255737 0.0 0.0 0.0 -0.550000011920929 -0.6200000047683716 0.0 0.0 -0.27000001072883606 0.0 0.0 0.0 0.0 0.0 0.0 -0.6600000262260437 0.0 -0.18000000715255737 0.0 0.0 -0.09000000357627869 0.0 -0.27000001072883606 0.0 0.0 0.0 -0.27000001072883606 0.0 0.0 0.0 0.0 0.0 -0.18000000715255737 0.0 0.0 0.0 -0.699999988079071 0.0 0.0 -0.800000011920929 0.0 0.0 0.0 0.0 0.0 0.0 0.0 -0.6600000262260437 0.0 0.0 0.0 -0.6600000262260437 0.0 -0.27000001072883606 0.0 0.0 -0.18000000715255737 0.0 0.0 -0.2800000011920929 0.0 0.0 0.0 -0.7599999904632568 -0.7599999904632568 0.0 -0.30000001192092896 0.0 0.0
296 -0.18000000715255737 -0.09000000357627869 0.0 -0.27000001072883606 0.0 0.0 0.0 0.0 -0.18000000715255737 0.0 0.0 0.0 -0.11999999731779099 0.0 -0.18000000715255737 0.0 0.0 -0.18000000715255737 0.0 0.0 0.0 0.0 0.0 -0.6600000262260437 0.0 -0.18000000715255737 0.0 0.0 -0.09000000357627869 0.0 -0.27000001072883606 0.0 0.0 0.0 -0.27000001072883606 0.0 0.0 0.0 -0.18000000715255737 0.0 0.0 -0.2800000011920929 0.0 0.0 0.0 -0.7599999904632568 -0.7599999904632568 -0.18000000715255737 0.0 0.0 -0.18000000715255737 0.0 0.0 0.0 -0.550000011920929 -0.6200000047683716 0.0 0.0 -0.27000001072883606 0.0 0.0 0.0 0.0 0.0 0.0 -0.6600000262260437 0.0 -0.18000000715255737 0.0 0.0 -0.09000000357627869 0.0 -0.27000001072883606 0.0 0.0 0.0 -0.27000001072883606 0.0 0.0 0.0 0.0 0.0 0.0 -0.6600000262260437 0.0 0.0 0.0 -0.18000000715255737 0.0 0.0 -0.18000000715255737 0.0 0.0 -0.18000000715255737 0.0 0.0 0.0 0.0 0.0 -0.699999988079071 0.0 0.0 -0.800000011920929 0.0 0.0 -0.800000011920929 0.0 0.0 -0.18000000715255737 0.0 0.0 -0.18000000715255737 0.0 0.0 0.0 0.0 0.0 0.0 0.0 -0.18000000715255737 0.0 0.0 -0.18000000715255737 0.0 0.0 0.0 0.0 0.0 -0.6600000262260437 0.0 -0.6600000262260437 0.0 -0.18000000715255737 0.0 0.0 -0.2800000011920929 0.0 0.0 0.0 -0.7599999904632568 -0.7599999904632568 0.0 -0.30000001192092896 0.0 0.0
297 0.0 0.0 0.0 -0.18000000715255737 0.0 0.0 0.0 0.0 0.0 -0.6600000262260437 0.0 -0.18000000715255737 0.0 0.0 -0.09000000357627869 0.0 -0.27000001072883606 0.0 0.0 0.0 -0.27000001072883606 0.0 0.0 0.0 -0.18000000715255737 0.0 0.0 -0.2800000011920929 0.0 0.0 0.0 -0.7599999904632568 -0.7599999904632568 -0.18000000715255737 0.0 0.0 -0.18000000715255737 0.0 0.0 0.0 -0.550000011920929 -0.6200000047683716 0.0 0.0 -0.27000001072883606 0.0 0.0 0.0 0.0 0.0 0.0 -0.6600000262260437 0.0 -0.18000000715255737 0.0 0.0 -0.09000000357627869 0.0 -0.27000001072883606 0.0 0.0 0.0 -0.27000001072883606 0.0 0.0 0.0 0.0 0.0 0.0 -0.6600000262260437 0.0 0.0 0.0 0.0 -0.18000000715255737 0.0 0.0 0.0 -0.2800000011920929 0.0 0.0 0.0 -0.7599999904632568 -0.7599999904632568 -0.18000000715255737 0.0 0.0 -0.18000000715255737 0.0 0.0 0.0 0.0 0.0 -0.699999988079071 0.0 0.0 -0.800000011920929 0.0 0.0 -0.800000011920929 0.0 0.0 -0.18000000715255737 0.0 0.0 -0.18000000715255737 0.0 0.0 0.0 0.0 0.0 -0.699999988079071 0.0 0.0 -0.800000011920929 0.0 0.0 0.0 0.0 -0.18000000715255737 0.0 0.0 -0.18000000715255737 0.0 0.0 0.0 0.0 0.0 -0.6600000262260437 0.0 0.0 0.0 -0.6600000262260437 0.0 -0.27000001072883606 0.0 0.0 0.0 0.0 0.0 -0.18000000715255737 0.0 0.0 -0.2800000011920929 0.0 0.0 0.0 -0.7599999904632568 -0.7599999904632568 -0.18000000715255737 0.0 0.0 -0.09000000357627869 0.0 -0.27000001072883606 0.0 0.0 0.0 -0.27000001072883606 0.0 0.0 -0.18000000715255737 0.0 0.0 -0.18000000715255737 0.0 -0.18000000715255737 0.0 0.0 0.0 0.0 -0.30000001192092896 0.0 0.0 0.0 0.0 0.0 0.0 -0.6600000262260437 0.0 0.0 -0.18000000715255737 0.0 0.0 0.0 0.0 -0.30000001192092896 0.0 0.0 0.0
298 -0.18000000715255737 0.0 -0.09000000357627869 0.0 -0.27000001072883606 0.0 0.0 0.0 -0.27000001072883606 0.0 0.0 0.0 -0.18000000715255737 0.0 0.0 0.0 -0.11999999731779099 0.0 -0.11999999731779099 0.0 0.0 -0.5400000214576721 -0.11999999731779099 -0.11999999731779099 0.0 0.0 0.0 -0.6600000262260437 0.0 -0.18000000715255737 0.0 0.0 -0.09000000357627869 0.0 -0.27000001072883606 0.0 0.0 0.0 -0.27000001072883606 0.0 0.0 0.0 -0.18000000715255737 0.0 0.0 -0.2800000011920929 0.0 0.0 0.0 -0.7599999904632568 -0.7599999904632568 -0.18000000715255737 0.0 0.0 -0.18000000715255737 0.0 0.0 0.0 -0.550000011920929 -0.27000001072883606 0.0 0.0 0.0 0.0 0.0 0.0 -0.6600000262260437 0.0 -0.18000000715255737 0.0 0.0 -0.09000000357627869 0.0 -0.27000001072883606 0.0 0.0 0.0 -0.27000001072883606 0.0 0.0 0.0 0.0 0.0 0.0 -0.6600000262260437 0.0 0.0 0.0 0.0 -0.18000000715255737 0.0 0.0 -0.18000000715255737 0.0 0.0 -0.18000000715255737 0.0 0.0 -0.09000000357627869 0.0 -0.27000001072883606 0.0 0.0 -0.27000001072883606 0.0 0.0 -0.2800000011920929 0.0 0.0 0.0 -0.7599999904632568 -0.7599999904632568 -0.18000000715255737 0.0 0.0 -0.18000000715255737 0.0 0.0 0.0 0.0 0.0 -0.699999988079071 0.0 0.0 -0.800000011920929 0.0 0.0 -0.800000011920929 0.0 0.0 -0.18000000715255737 0.0 0.0 -0.18000000715255737 0.0 0.0 0.0 0.0 0.0 -0.699999988079071 0.0 0.0 -0.800000011920929 0.0 0.0 -0.800000011920929 0.0 0.0 0.0 0.0 -0.18000000715255737 0.0 0.0 -0.18000000715255737 0.0 0.0 0.0 0.0 0.0 -0.6600000262260437 0.0 -0.6600000262260437 -0.18000000715255737 0.0 0.0 -0.2800000011920929 0.0 0.0 0.0 -0.7599999904632568 -0.7599999904632568
299 -0.18000000715255737 0.0 -0.09000000357627869 0.0 -0.27000001072883606 0.0 0.0 0.0 -0.27000001072883606 0.0 0.0 0.0 -0.18000000715255737 0.0 0.0 0.0 -0.11999999731779099 0.0 -0.11999999731779099 0.0 0.0 -0.5400000214576721 0.0 -0.11999999731779099 -0.11999999731779099 0.0 0.0 -0.18000000715255737 0.0 0.0 -0.09000000357627869 0.0 -0.27000001072883606 0.0 0.0 0.0 -0.27000001072883606 0.0 0.0 0.0 -0.18000000715255737 0.0 0.0 -0.2800000011920929 0.0 0.0 0.0 -0.7599999904632568 -0.7599999904632568 -0.27000001072883606 0.0 0.0 0.0 0.0 0.0 0.0 -0.6600000262260437 0.0 -0.18000000715255737 0.0 0.0 -0.09000000357627869 0.0 -0.27000001072883606 0.0 0.0 0.0 -0.27000001072883606 0.0 0.0 0.0 0.0 0.0 0.0 -0.6600000262260437 0.0 0.0 0.0 0.0 -0.18000000715255737 0.0 0.0 -0.18000000715255737 0.0 0.0 -0.18000000715255737 0.0 0.0 -0.09000000357627869 0.0 -0.27000001072883606 0.0 0.0 0.0 -0.27000001072883606 0.0 0.0 0.0 0.0 -0.2800000011920929 0.0 0.0 0.0 -0.7599999904632568 -0.7599999904632568 -0.18000000715255737 0.0 0.0 -0.18000000715255737 0.0 0.0 0.0 0.0 0.0 -0.699999988079071 0.0 0.0 0.0 0.0 -0.18000000715255737 0.0 0.0 -0.18000000715255737 0.0 0.0 0.0 0.0 0.0 -0.699999988079071 0.0 0.0 -0.800000011920929 0.0 0.0 -0.800000011920929 0.0 0.0 0.0 0.0 0.0 -0.18000000715255737 0.0 -0.18000000715255737 0.0 0.0 0.0 0.0 0.0 -0.6600000262260437 0.0 -0.7599999904632568
3 -0.18000000715255737 0.0 0.0 -0.14000000059604645 0.0 0.0 -0.09000000357627869 -0.2199999988079071 0.0 0.0 0.0 0.0 0.0 0.0 -0.6600000262260437 0.0 -0.18000000715255737 0.0 0.0 -0.18000000715255737 0.0 0.0 0.0 0.0 0.0 -0.699999988079071 0.0 0.0 -0.800000011920929 0.0 0.0 -0.800000011920929 0.0 0.0 -0.18000000715255737 0.0 0.0 -0.18000000715255737 0.0 0.0 0.0 0.0 0.0 -0.699999988079071 0.0 0.0 -0.800000011920929 0.0 0.0 -0.800000011920929 0.0 0.0 -0.18000000715255737 0.0 0.0 -0.18000000715255737 0.0 0.0 0.0 0.0 0.0 -0.699999988079071 0.0 0.0 -0.800000011920929 0.0 0.0 -0.800000011920929 -0.09000000357627869 0.0 -0.27000001072883606 0.0 0.0 0.0 -0.18000000715255737 0.0 0.0 -0.27000001072883606 0.0 0.0 0.0 0.0 0.0 -0.6600000262260437 -0.2800000011920929 0.0 0.0 -0.7599999904632568 -0.18000000715255737 0.0 0.0 -0.09000000357627869 0.0 -0.27000001072883606 0.0 0.0 0.0 -0.27000001072883606 0.0 0.0 0.0 0.0 -0.18000000715255737 0.0 -0.18000000715255737 0.0 -0.18000000715255737 0.0 0.0 0.0 0.0 0.0 0.0 0.0 -0.6600000262260437 0.0 0.0 0.0 0.0 -0.6600000262260437 0.0 0.0 -0.18000000715255737 0.0 0.0 0.0 -0.11999999731779099 0.0 -0.11999999731779099 0.0 0.0 -0.5400000214576721 0.0 -0.11999999731779099 0.0 -0.11999999731779099 0.0 0.0 -0.11999999731779099 0.0 -0.11999999731779099 0.0 0.0 -0.5400000214576721 0.0 -0.11999999731779099 0.0 -0.11999999731779099 0.0 -0.18000000715255737 0.0 0.0 -0.18000000715255737 0.0 0.0 -0.18000000715255737 0.0 0.0 -0.27000001072883606 0.0 0.0 0.0 0.0 -0.18000000715255737 0.0 0.0 0.0 -0.11999999731779099 0.0 -0.11999999731779099 0.0 -0.11999999731779099 0.0 -0.11999999731779099 0.0 -0.11999999731779099 0.0 -0.09000000357627869 0.0 0.0 0.0 -0.27000001072883606 0.0 0.0 -0.18000000715255737 0.0 0.0 0.0 -0.550000011920929 -0.6200000047683716 0.0 0.0 0.0 0.0 0.0 0.0 0.0 -0.6600000262260437 0.0 0.0 0.0 -0.10999999940395355 0.0 0.0 -0.23000000417232513 0.0 0.0 -0.05000000074505806 0.0 0.0 0.0 0.0 0.0 -0.5099999904632568 0.0 -0.5099999904632568 0.0 0.0 0.0 -0.2800000011920929 0.0 0.0 0.0 -0.7599999904632568 -0.7599999904632568 -0.18000000715255737 0.0 0.0 -0.14000000059604645 0.0 0.0 -0.09000000357627869 -0.2199999988079071 0.0 0.0 0.0 0.0 0.0 0.0 -0.18000000715255737 0.0 0.0 -0.029999999329447746 -0.15000000596046448 0.0 -0.5099999904632568 0.0 0.0 0.0 -0.25 0.0 -0.20000000298023224 0.0 -0.27000001072883606 0.0 -0.14000000059604645 0.0 -0.18000000715255737 -0.18000000715255737 0.0 0.0 -0.09000000357627869 0.0 -0.27000001072883606 0.0 0.0 0.0 -0.27000001072883606 0.0 -0.18000000715255737 0.0 0.0 -0.14000000059604645 0.0 0.0 -0.09000000357627869 -0.2199999988079071 0.0 0.0 0.0 -0.18000000715255737 0.0 0.0 0.0 -0.550000011920929 -0.6200000047683716 0.0 0.0 0.0 0.0 -0.6600000262260437 0.0 -0.27000001072883606 0.0 0.0 0.0 -0.18000000715255737 0.0 0.0 -0.09000000357627869 0.0 -0.27000001072883606 0.0 0.0 0.0 -0.27000001072883606 0.0 0.0 0.0 -0.18000000715255737 0.0 0.0 -0.09000000357627869 0.0 -0.27000001072883606 0.0 0.0 0.0 -0.27000001072883606 0.0 0.0 0.0 -0.09000000357627869 0.0 -0.27000001072883606 -0.18000000715255737 0.0 0.0 -0.27000001072883606 0.0 0.0 -0.18000000715255737 0.0 0.0 -0.550000011920929 -0.2800000011920929 0.0 0.0 0.0 -0.7599999904632568 -0.7599999904632568 0.0 -0.27000001072883606 0.0 0.0
30 -0.18000000715255737 0.0 0.0 -0.18000000715255737 0.0 -0.18000000715255737 0.0 0.0 0.0 0.0 0.0 -0.30000001192092896 0.0 0.0 0.0 0.0 0.0 0.0 0.0 -0.6600000262260437 0.0 -0.27000001072883606 0.0 0.0 0.0 -0.18000000715255737 0.0 0.0 0.0 -0.11999999731779099 0.0 -0.11999999731779099 0.0 -0.11999999731779099 0.0 -0.11999999731779099 0.0 -0.11999999731779099 0.0 -0.18000000715255737 0.0 0.0 -0.09000000357627869 0.0 -0.27000001072883606 0.0 0.0 0.0 -0.27000001072883606 0.0 0.0 0.0 0.0 0.0 0.0 -0.6600000262260437 0.0 -0.18000000715255737 0.0 0.0 0.0 -0.550000011920929 -0.6200000047683716 0.0 0.0 -0.18000000715255737 0.0 0.0 -0.18000000715255737 0.0 0.0 -0.18000000715255737 0.0 0.0 0.0 0.0 0.0 -0.30000001192092896 0.0 0.0 0.0 -0.18000000715255737 0.0 0.0 0.0 0.0 0.0 -0.30000001192092896 0.0 0.0 0.0 0.0 -0.800000011920929 0.0 0.0
300 -0.18000000715255737 0.0 -0.14000000059604645 0.0 0.0 -0.09000000357627869 -0.2199999988079071 0.0 -0.18000000715255737 0.0 0.0 -0.09000000357627869 0.0 -0.27000001072883606 0.0 0.0 0.0 -0.27000001072883606 0.0 0.0 0.0 -0.18000000715255737 0.0 0.0 0.0 -0.11999999731779099 0.0 -0.11999999731779099 0.0 0.0 -0.5400000214576721 0.0 -0.11999999731779099 0.0 -0.11999999731779099 0.0 0.0 0.0 0.0 -0.18000000715255737 0.0 0.0 -0.09000000357627869 0.0 -0.27000001072883606 0.0 0.0 0.0 -0.27000001072883606 0.0 0.0 0.0 -0.18000000715255737 0.0 0.0 -0.2800000011920929 0.0 0.0 0.0 -0.7599999904632568 -0.7599999904632568 -0.27000001072883606 0.0 0.0 0.0 0.0 0.0 -0.18000000715255737 0.0 0.0 -0.09000000357627869 0.0 -0.27000001072883606 0.0 0.0 0.0 -0.27000001072883606 0.0 0.0 0.0 0.0 0.0 0.0 -0.6600000262260437 0.0 0.0 0.0 0.0 -0.18000000715255737 0.0 0.0 -0.18000000715255737 0.0 0.0 -0.18000000715255737 0.0 0.0 -0.09000000357627869 0.0 -0.27000001072883606 0.0 0.0 0.0 -0.27000001072883606 0.0 0.0 0.0 0.0 -0.2800000011920929 0.0 0.0 0.0 -0.7599999904632568 -0.7599999904632568 -0.18000000715255737 0.0 -0.18000000715255737 0.0 0.0 -0.18000000715255737 0.0 0.0 0.0 0.0 0.0 -0.699999988079071 0.0 0.0 -0.800000011920929 0.0 0.0 -0.800000011920929 0.0 0.0 0.0 0.0 0.0 -0.6600000262260437 0.0
301 -0.09000000357627869 0.0 -0.27000001072883606 0.0 0.0 -0.27000001072883606 0.0 0.0 0.0 0.0 -0.11999999731779099 0.0 -0.11999999731779099 0.0 0.0 -0.5400000214576721 0.0 -0.11999999731779099 -0.18000000715255737 0.0 0.0 -0.09000000357627869 0.0 -0.27000001072883606 0.0 0.0 0.0 -0.27000001072883606 0.0 0.0 0.0 -0.18000000715255737 0.0 0.0 -0.09000000357627869 0.0 -0.27000001072883606 0.0 0.0 0.0 -0.27000001072883606 0.0 0.0 0.0 0.0 0.0 0.0 -0.6600000262260437 0.0 0.0 0.0 0.0 -0.18000000715255737 0.0 0.0 -0.18000000715255737 0.0 0.0 -0.18000000715255737 0.0 0.0 -0.09000000357627869 0.0 -0.27000001072883606 0.0 0.0 0.0 -0.27000001072883606 0.0 0.0 0.0 0.0 -0.2800000011920929 0.0 0.0 0.0 -0.7599999904632568 -0.7599999904632568 -0.18000000715255737 0.0 0.0 0.0 -0.18000000715255737 0.0 0.0 -0.18000000715255737 0.0 0.0 0.0 0.0 0.0 -0.699999988079071 0.0 0.0 -0.800000011920929 0.0 0.0 -0.800000011920929 0.0
302 -0.09000000357627869 0.0 -0.27000001072883606 0.0 0.0 0.0 -0.27000001072883606 0.0 0.0 0.0 -0.11999999731779099 0.0 -0.11999999731779099 0.0 0.0 -0.5400000214576721 -0.18000000715255737 0.0 0.0 -0.09000000357627869 0.0 -0.27000001072883606 0.0 0.0 0.0 -0.27000001072883606 0.0 0.0 0.0 -0.27000001072883606 0.0 0.0 0.0 0.0 0.0 0.0 -0.6600000262260437 -0.18000000715255737 0.0 0.0 -0.09000000357627869 0.0 -0.27000001072883606 0.0 0.0 0.0 -0.27000001072883606 0.0 0.0 0.0 0.0 0.0 0.0 -0.6600000262260437 0.0 0.0 0.0 0.0 -0.18000000715255737 0.0 0.0 -0.18000000715255737 0.0 0.0 -0.18000000715255737 0.0 0.0 -0.09000000357627869 0.0 -0.27000001072883606 0.0 0.0 0.0 -0.27000001072883606 0.0 0.0 0.0 0.0 -0.2800000011920929 0.0 0.0 0.0 -0.7599999904632568 -0.7599999904632568 -0.18000000715255737 0.0 0.0 -0.18000000715255737 0.0 0.0 0.0 0.0 0.0 -0.699999988079071 0.0 0.0 -0.800000011920929 0.0 0.0 -0.18000000715255737 0.0 0.0 -0.18000000715255737 0.0 0.0 0.0 0.0 0.0 0.0 0.0 0.0
303 -0.18000000715255737 0.0 0.0 -0.09000000357627869 0.0 -0.27000001072883606 0.0 0.0 0.0 -0.27000001072883606 0.0 0.0 0.0 -0.27000001072883606 0.0 0.0 0.0 0.0 0.0 0.0 -0.6600000262260437 0.0 -0.18000000715255737 0.0 0.0 -0.09000000357627869 0.0 -0.27000001072883606 0.0 0.0 0.0 -0.27000001072883606 0.0 0.0 0.0 0.0 0.0 0.0 -0.6600000262260437 0.0 0.0 0.0 0.0 -0.18000000715255737 0.0 0.0 -0.18000000715255737 0.0 0.0 -0.18000000715255737 0.0 0.0 -0.09000000357627869 0.0 -0.27000001072883606 0.0 0.0 0.0 -0.27000001072883606 0.0 0.0 0.0 0.0 -0.2800000011920929 0.0 0.0 0.0 -0.7599999904632568 -0.7599999904632568 -0.18000000715255737 0.0 0.0 -0.18000000715255737 0.0 0.0 0.0 0.0 0.0 -0.699999988079071 0.0 0.0 -0.800000011920929 0.0 0.0 -0.800000011920929 0.0 -0.18000000715255737 0.0 0.0 -0.18000000715255737 0.0 0.0 0.0 0.0 0.0 -0.699999988079071 0.0 0.0 -0.800000011920929 0.0 0.0 -0.800000011920929 0.0 0.0 0.0 0.0 0.0 -0.18000000715255737 0.0 0.0 -0.18000000715255737 0.0 0.0 0.0 0.0 0.0 -0.6600000262260437 0.0 -0.7599999904632568
304 -0.18000000715255737 0.0 0.0 -0.09000000357627869 -0.27000001072883606 0.0 -0.27000001072883606 0.0 0.0 0.0 0.0 -0.27000001072883606 0.0 0.0 0.0 0.0 0.0 0.0 -0.6600000262260437 0.0 -0.18000000715255737 0.0 0.0 -0.09000000357627869 0.0 -0.27000001072883606 0.0 0.0 0.0 -0.27000001072883606 0.0 0.0 0.0 0.0 0.0 0.0 -0.6600000262260437 0.0 0.0 0.0 0.0 -0.18000000715255737 0.0 0.0 -0.09000000357627869 0.0 -0.27000001072883606 0.0 0.0 0.0 -0.2800000011920929 0.0 0.0 0.0 -0.7599999904632568 -0.7599999904632568 -0.18000000715255737 0.0 0.0 -0.18000000715255737 0.0 0.0 0.0 0.0 0.0 -0.699999988079071 0.0 0.0 -0.800000011920929 0.0 0.0 -0.800000011920929 0.0 0.0 -0.18000000715255737 0.0 0.0 -0.18000000715255737 0.0 0.0 0.0 0.0 0.0 -0.699999988079071 0.0 0.0 -0.800000011920929 0.0 0.0 -0.800000011920929 0.0 0.0 0.0 0.0 -0.18000000715255737 0.0 0.0 -0.18000000715255737 0.0 0.0 0.0 0.0 0.0 -0.6600000262260437 0.0 -0.18000000715255737 0.0 0.0 -0.2800000011920929 0.0 0.0 0.0 -0.7599999904632568 -0.7599999904632568 -0.18000000715255737 0.0 -0.09000000357627869 0.0 -0.27000001072883606 0.0 0.0 0.0 -0.27000001072883606 0.0 0.0 0.0 -0.18000000715255737 0.0 0.0 -0.18000000715255737 0.0 0.0 -0.18000000715255737 0.0 0.0 0.0 -0.30000001192092896 0.0 0.0 0.0 0.0 0.0 -0.6600000262260437 0.0 -0.18000000715255737 0.0 0.0 -0.11999999731779099 0.0 -0.11999999731779099 -0.11999999731779099 0.0 -0.11999999731779099 0.0 -0.11999999731779099 0.0 -0.18000000715255737 0.0 0.0 -0.18000000715255737 0.0 0.0 -0.18000000715255737 0.0 0.0 0.0 0.0 0.0 -0.30000001192092896 0.0 0.0 0.0
305 -0.11999999731779099 0.0 -0.11999999731779099 0.0 -0.18000000715255737 0.0 0.0 -0.09000000357627869 0.0 -0.27000001072883606 0.0 0.0 0.0 -0.27000001072883606 0.0 0.0 0.0 -0.18000000715255737 0.0 0.0 -0.2800000011920929 0.0 0.0 0.0 -0.7599999904632568 -0.7599999904632568 -0.27000001072883606 0.0 0.0 0.0 0.0 0.0 0.0 -0.6600000262260437 0.0 -0.18000000715255737 0.0 0.0 -0.09000000357627869 0.0 -0.27000001072883606 0.0 0.0 0.0 -0.27000001072883606 0.0 0.0 0.0 0.0 0.0 0.0 -0.6600000262260437 0.0 0.0 0.0 0.0 -0.18000000715255737 0.0 0.0 -0.18000000715255737 0.0 0.0 -0.18000000715255737 0.0 0.0 -0.09000000357627869 0.0 -0.27000001072883606 0.0 0.0 0.0 0.0 -0.2800000011920929 0.0 0.0 0.0 -0.7599999904632568 -0.7599999904632568 -0.18000000715255737 0.0 0.0 -0.18000000715255737 0.0 0.0 0.0 0.0 0.0 -0.699999988079071 0.0 0.0 -0.800000011920929 0.0 0.0 -0.800000011920929 0.0 0.0 -0.18000000715255737 0.0 0.0 -0.18000000715255737 0.0 0.0 0.0 0.0 0.0 -0.699999988079071 0.0 0.0 -0.800000011920929 0.0 0.0 -0.800000011920929 0.0 0.0 0.0 0.0 0.0 -0.18000000715255737 0.0 0.0 -0.18000000715255737 0.0 0.0 0.0 0.0 0.0 -0.6600000262260437 0.0 0.0 0.0 -0.6600000262260437 0.0 -0.27000001072883606 0.0 0.0 0.0 -0.18000000715255737 0.0 0.0 -0.2800000011920929 0.0 0.0 0.0 -0.7599999904632568 -0.7599999904632568 -0.18000000715255737 0.0 0.0 -0.09000000357627869 0.0 -0.27000001072883606 0.0 0.0 0.0 -0.27000001072883606 0.0 0.0 0.0 0.0 0.0 0.0 -0.6600000262260437 0.0
306 0.0 -0.18000000715255737 0.0 0.0 -0.2800000011920929 0.0 0.0 0.0 -0.7599999904632568 -0.7599999904632568 -0.27000001072883606 0.0 0.0 0.0 0.0 0.0 -0.6600000262260437 0.0 -0.18000000715255737 0.0 0.0 -0.09000000357627869 0.0 -0.27000001072883606 0.0 0.0 0.0 0.0 0.0 0.0 -0.6600000262260437 0.0 0.0 -0.2800000011920929 0.0 0.0 0.0 -0.7599999904632568 -0.7599999904632568 -0.18000000715255737 0.0 0.0 -0.18000000715255737 0.0 0.0 0.0 0.0 0.0 -0.699999988079071 0.0 0.0 -0.800000011920929 0.0 0.0 -0.800000011920929 0.0 0.0 -0.18000000715255737 0.0 0.0 -0.18000000715255737 0.0 0.0 0.0 0.0 0.0 -0.699999988079071 0.0 0.0 -0.800000011920929 0.0 0.0 -0.800000011920929 0.0 0.0 0.0 0.0 0.0 -0.18000000715255737 0.0 0.0 -0.18000000715255737 0.0 0.0 0.0 0.0 0.0 -0.6600000262260437 0.0 0.0 0.0 -0.6600000262260437 0.0 -0.27000001072883606 0.0 0.0 0.0 -0.18000000715255737 0.0 0.0 -0.18000000715255737 0.0 0.0 -0.18000000715255737 0.0 -0.18000000715255737 0.0 0.0 -0.18000000715255737 0.0 0.0 0.0 -0.18000000715255737 0.0 0.0 -0.2800000011920929 0.0 0.0 0.0 -0.7599999904632568 -0.7599999904632568 -0.18000000715255737 0.0 0.0 -0.09000000357627869 0.0 -0.27000001072883606 0.0 0.0 0.0 -0.27000001072883606 0.0 0.0 0.0 -0.18000000715255737 0.0 0.0 -0.18000000715255737 0.0 0.0 0.0 0.0 -0.18000000715255737 0.0 0.0 -0.18000000715255737 0.0 0.0 -0.18000000715255737 0.0 0.0 0.0 0.0 -0.30000001192092896 0.0 0.0 0.0 0.0 -0.6600000262260437 0.0 -0.18000000715255737 0.0 0.0 0.0 -0.11999999731779099 0.0 -0.11999999731779099 0.0 -0.11999999731779099 0.0 -0.11999999731779099 0.0 -0.11999999731779099 0.0 0.0 0.0 -0.18000000715255737 0.0 0.0 0.0 0.0
307 -0.18000000715255737 0.0 0.0 0.0 -0.11999999731779099 0.0 -0.11999999731779099 0.0 -0.18000000715255737 0.0 -0.18000000715255737 0.0 0.0 -0.18000000715255737 0.0 0.0 -0.09000000357627869 0.0 -0.27000001072883606 0.0 0.0 -0.27000001072883606 0.0 0.0 -0.18000000715255737 0.0 0.0 -0.2800000011920929 0.0 0.0 0.0 -0.7599999904632568 -0.7599999904632568 -0.18000000715255737 0.0 0.0 -0.18000000715255737 0.0 0.0 0.0 -0.6200000047683716 0.0 -0.27000001072883606 0.0 0.0 0.0 0.0 0.0 0.0 -0.6600000262260437 0.0 -0.18000000715255737 0.0 0.0 -0.09000000357627869 0.0 -0.27000001072883606 0.0 0.0 0.0 -0.27000001072883606 0.0 0.0 0.0 0.0 0.0 0.0 -0.6600000262260437 0.0 0.0 0.0 0.0 -0.18000000715255737 0.0 -0.18000000715255737 0.0 0.0 -0.18000000715255737 0.0 0.0 0.0 0.0 0.0 -0.699999988079071 0.0 0.0 -0.800000011920929 0.0 0.0 -0.800000011920929 0.0 0.0 -0.18000000715255737 0.0 0.0 -0.18000000715255737 0.0 0.0 0.0 0.0 0.0 -0.699999988079071 0.0 0.0 -0.800000011920929 0.0 0.0 -0.800000011920929 0.0 0.0 0.0 0.0 0.0 -0.18000000715255737 0.0 0.0 -0.18000000715255737 0.0 0.0 0.0 0.0 0.0 -0.6600000262260437 0.0 0.0 0.0 -0.6600000262260437 0.0 -0.27000001072883606 0.0 0.0 0.0 -0.18000000715255737 0.0 0.0 -0.18000000715255737 0.0 0.0 -0.18000000715255737 0.0 0.0 -0.18000000715255737 0.0 0.0 -0.18000000715255737 0.0 0.0 -0.18000000715255737 0.0 0.0 -0.18000000715255737 0.0 0.0 -0.2800000011920929 0.0 0.0 0.0 -0.7599999904632568 -0.7599999904632568 -0.18000000715255737 0.0 0.0 -0.09000000357627869 0.0 -0.27000001072883606 0.0 0.0 0.0 -0.27000001072883606 0.0 0.0 0.0 0.0 0.0 -0.18000000715255737 0.0 0.0 -0.18000000715255737 0.0 -0.18000000715255737 0.0 0.0 0.0 0.0 0.0 0.0 -0.6600000262260437 0.0
308 -0.18000000715255737 0.0 0.0 -0.2800000011920929 0.0 0.0 0.0 -0.7599999904632568 -0.7599999904632568 -0.18000000715255737 0.0 -0.18000000715255737 0.0 0.0 0.0 0.0 0.0 -0.6600000262260437 0.0 -0.18000000715255737 0.0 0.0 -0.699999988079071 0.0 0.0 -0.800000011920929 0.0 0.0 -0.18000000715255737 0.0 0.0 -0.18000000715255737 0.0 0.0 0.0 0.0 0.0 -0.699999988079071 0.0 0.0 -0.800000011920929 0.0 -0.800000011920929 0.0 0.0 0.0 0.0 0.0 -0.18000000715255737 0.0 0.0 -0.18000000715255737 0.0 0.0 0.0 0.0 0.0 -0.6600000262260437 0.0 0.0 0.0 -0.6600000262260437 0.0 -0.27000001072883606 0.0 0.0 0.0 -0.18000000715255737 0.0 0.0 -0.18000000715255737 0.0 0.0 -0.18000000715255737 0.0 0.0 0.0 0.0 0.0 -0.30000001192092896 0.0 0.0 0.0 -0.18000000715255737 0.0 0.0 -0.18000000715255737 0.0 0.0 -0.18000000715255737 0.0 0.0 0.0 0.0 0.0 -0.30000001192092896 0.0 0.0 0.0 -0.18000000715255737 0.0 0.0 -0.2800000011920929 0.0 0.0 0.0 -0.7599999904632568 -0.7599999904632568 -0.18000000715255737 0.0 0.0 -0.09000000357627869 0.0 -0.27000001072883606 0.0 0.0 0.0 -0.27000001072883606 0.0 0.0 0.0 -0.18000000715255737 0.0 0.0 -0.18000000715255737 0.0 0.0 0.0 0.0 0.0 -0.699999988079071 0.0 0.0 -0.800000011920929 0.0 0.0 -0.800000011920929 0.0 0.0 -0.18000000715255737 0.0 0.0 -0.18000000715255737 0.0 0.0 -0.18000000715255737 0.0 0.0 0.0 0.0 0.0 -0.30000001192092896 0.0 0.0 0.0 0.0 0.0 0.0 -0.6600000262260437 0.0 0.0 0.0 -0.11999999731779099 0.0 -0.11999999731779099 0.0 -0.11999999731779099 0.0
309 0.0 -0.30000001192092896 0.0 0.0 -0.18000000715255737 0.0 0.0 0.0 0.0 0.0 -0.6600000262260437 0.0 -0.27000001072883606 0.0 0.0 0.0 -0.18000000715255737 0.0 0.0 0.0 -0.11999999731779099 0.0 -0.18000000715255737 0.0 0.0 -0.09000000357627869 0.0 -0.27000001072883606 0.0 0.0 0.0 -0.27000001072883606 0.0 0.0 0.0 0.0 0.0 0.0 -0.6600000262260437 0.0 -0.2800000011920929 0.0 0.0 0.0 -0.7599999904632568 0.0 -0.6600000262260437 0.0 -0.18000000715255737 0.0 0.0 -0.699999988079071 0.0 -0.800000011920929 0.0 0.0 0.0 0.0 -0.18000000715255737 0.0 0.0 -0.18000000715255737 0.0 0.0 0.0 0.0 0.0 -0.6600000262260437 0.0 0.0 0.0 -0.6600000262260437 0.0 -0.27000001072883606 0.0 0.0 0.0 -0.18000000715255737 0.0 0.0 -0.18000000715255737 0.0 0.0 -0.18000000715255737 0.0 0.0 0.0 0.0 0.0 -0.30000001192092896 0.0 0.0 0.0 -0.18000000715255737 0.0 0.0 -0.18000000715255737 0.0 0.0 -0.18000000715255737 0.0 0.0 0.0 0.0 0.0 -0.30000001192092896 0.0 0.0 0.0 -0.18000000715255737 0.0 0.0 -0.2800000011920929 0.0 0.0 0.0 -0.7599999904632568 -0.7599999904632568 -0.18000000715255737 0.0 0.0 -0.09000000357627869 0.0 -0.27000001072883606 0.0 0.0 0.0 -0.27000001072883606 0.0 0.0 0.0 -0.18000000715255737 0.0 0.0 -0.18000000715255737 0.0 0.0 0.0 0.0 0.0 -0.699999988079071 0.0 0.0 -0.800000011920929 0.0 0.0 -0.800000011920929 0.0 0.0 -0.18000000715255737 0.0 0.0 -0.18000000715255737 0.0 0.0 -0.18000000715255737 0.0 0.0 0.0 0.0 0.0 -0.30000001192092896 0.0 0.0 0.0 0.0 0.0 0.0 -0.6600000262260437 0.0 -0.18000000715255737 0.0 0.0 0.0 -0.11999999731779099 -0.11999999731779099 -0.11999999731779099 0.0 -0.11999999731779099 0.0 -0.11999999731779099 0.0 0.0 -0.27000001072883606 0.0 0.0
31 -0.18000000715255737 -0.18000000715255737 0.0 0.0 0.0 0.0 0.0 -0.18000000715255737 0.0 0.0 -0.18000000715255737 0.0 0.0 -0.18000000715255737 0.0 0.0 0.0 0.0 0.0 -0.30000001192092896 0.0 0.0 0.0 -0.18000000715255737 0.0 -0.18000000715255737 0.0 0.0 -0.18000000715255737 0.0 0.0 -0.18000000715255737 0.0 0.0 0.0 0.0 0.0 -0.6600000262260437 0.0 -0.27000001072883606 0.0 0.0 0.0 -0.18000000715255737 0.0 0.0 0.0 -0.11999999731779099 0.0 -0.11999999731779099 0.0 -0.11999999731779099 0.0 -0.11999999731779099 0.0 -0.11999999731779099 0.0 -0.18000000715255737 0.0 0.0 -0.09000000357627869 0.0 -0.27000001072883606 0.0 0.0 0.0 -0.27000001072883606 0.0 0.0 0.0 0.0 0.0 0.0 -0.6600000262260437 0.0 -0.18000000715255737 0.0 0.0 0.0 -0.550000011920929 -0.6200000047683716 0.0 0.0 -0.18000000715255737 0.0 0.0 -0.18000000715255737 0.0 0.0 -0.18000000715255737 0.0 0.0 0.0 0.0 0.0 -0.30000001192092896 0.0 0.0 0.0 -0.18000000715255737 0.0 0.0 -0.029999999329447746 -0.15000000596046448 0.0 -0.5099999904632568 0.0 0.0 0.0 -0.18000000715255737 0.0 0.0 -0.18000000715255737 0.0 -0.18000000715255737 0.0 0.0 0.0 0.0 0.0 -0.18000000715255737 0.0 0.0 0.0 0.0 0.0 -0.30000001192092896 0.0 0.0 0.0 -0.699999988079071 0.0 0.0 -0.800000011920929 0.0 -0.800000011920929 0.0 0.0
310 0.0 0.0 -0.7599999904632568 0.0 0.0 -0.6600000262260437 0.0 0.0 0.0 0.0 -0.18000000715255737 0.0 0.0 -0.18000000715255737 0.0 0.0 0.0 0.0 0.0 -0.6600000262260437 0.0 0.0 0.0 -0.6600000262260437 0.0 -0.27000001072883606 0.0 0.0 0.0 -0.18000000715255737 0.0 0.0 -0.18000000715255737 0.0 0.0 -0.18000000715255737 0.0 0.0 0.0 0.0 0.0 -0.30000001192092896 0.0 0.0 0.0 -0.18000000715255737 0.0 0.0 -0.18000000715255737 0.0 0.0 -0.18000000715255737 0.0 0.0 0.0 0.0 0.0 -0.30000001192092896 0.0 0.0 0.0 -0.18000000715255737 0.0 0.0 -0.2800000011920929 0.0 0.0 0.0 -0.7599999904632568 -0.7599999904632568 -0.18000000715255737 0.0 0.0 -0.09000000357627869 0.0 -0.27000001072883606 0.0 0.0 0.0 -0.27000001072883606 0.0 0.0 0.0 -0.18000000715255737 0.0 0.0 -0.18000000715255737 0.0 0.0 0.0 0.0 0.0 -0.699999988079071 0.0 0.0 -0.800000011920929 0.0 0.0 -0.800000011920929 0.0 0.0 -0.18000000715255737 0.0 0.0 -0.18000000715255737 0.0 0.0 -0.18000000715255737 0.0 0.0 0.0 0.0 0.0 -0.30000001192092896 0.0 0.0 0.0 0.0 0.0 0.0 -0.6600000262260437 0.0 -0.18000000715255737 0.0 0.0 0.0 -0.11999999731779099 -0.11999999731779099 -0.11999999731779099 0.0 -0.11999999731779099 0.0 -0.09000000357627869 0.0 -0.27000001072883606 0.0 0.0 -0.27000001072883606 0.0 0.0 0.0 -0.18000000715255737 0.0 0.0
311 0.0 -0.18000000715255737 0.0 0.0 -0.2800000011920929 0.0 0.0 0.0 -0.7599999904632568 -0.7599999904632568 -0.18000000715255737 0.0 0.0 -0.18000000715255737 0.0 0.0 -0.27000001072883606 0.0 0.0 0.0 0.0 0.0 0.0 -0.6600000262260437 0.0 -0.18000000715255737 0.0 -0.09000000357627869 0.0 -0.27000001072883606 0.0 0.0 -0.18000000715255737 0.0 0.0 -0.18000000715255737 0.0 0.0 0.0 0.0 0.0 -0.699999988079071 0.0 0.0 -0.800000011920929 0.0 0.0 -0.800000011920929 0.0 0.0 -0.18000000715255737 0.0 0.0 -0.18000000715255737 0.0 0.0 0.0 0.0 0.0 -0.699999988079071 0.0 0.0 0.0 0.0 -0.18000000715255737 0.0 0.0 -0.18000000715255737 0.0 0.0 0.0 0.0 0.0 -0.6600000262260437 0.0 0.0 0.0 -0.6600000262260437 0.0 -0.27000001072883606 0.0 0.0 0.0 -0.18000000715255737 0.0 0.0 -0.18000000715255737 0.0 0.0 -0.18000000715255737 0.0 0.0 0.0 0.0 0.0 -0.30000001192092896 -0.18000000715255737 0.0 0.0 -0.18000000715255737 0.0 0.0 -0.18000000715255737 0.0 0.0 0.0 0.0 0.0 -0.30000001192092896 0.0 0.0 0.0 -0.18000000715255737 0.0 0.0 -0.2800000011920929 0.0 0.0 0.0 -0.7599999904632568 -0.7599999904632568 -0.18000000715255737 0.0 0.0 -0.09000000357627869 0.0 -0.27000001072883606 0.0 0.0 0.0 -0.27000001072883606 0.0 0.0 0.0 -0.18000000715255737 0.0 0.0 -0.18000000715255737 0.0 0.0 0.0 0.0 0.0 -0.699999988079071 0.0 0.0 -0.800000011920929 0.0 0.0 -0.800000011920929 0.0 0.0 -0.18000000715255737 0.0 0.0 -0.18000000715255737 0.0 0.0 -0.18000000715255737 0.0 0.0 0.0 0.0 0.0 -0.30000001192092896 0.0 0.0 0.0 0.0 0.0 0.0 -0.6600000262260437 0.0 -0.18000000715255737 0.0 0.0 0.0 -0.11999999731779099 0.0 -0.11999999731779099 0.0 -0.11999999731779099 0.0 -0.11999999731779099 0.0 -0.11999999731779099 0.0 -0.09000000357627869 0.0 -0.27000001072883606 0.0 0.0 -0.27000001072883606 0.0 0.0 0.0 -0.18000000715255737 0.0 0.0 -0.18000000715255737 0.0 0.0 -0.18000000715255737 0.0 0.0 0.0 0.0 0.0 -0.30000001192092896 0.0 0.0 0.0
312 0.0 0.0 0.0 0.0 0.0 0.0 -0.6600000262260437 0.0 -0.18000000715255737 0.0 -0.18000000715255737 0.0 0.0 0.0 0.0 -0.699999988079071 0.0 0.0 -0.800000011920929 0.0 0.0 -0.800000011920929 0.0 0.0 -0.18000000715255737 0.0 0.0 -0.18000000715255737 0.0 0.0 0.0 0.0 0.0 -0.699999988079071 0.0 0.0 -0.800000011920929 0.0 0.0 -0.800000011920929 0.0 0.0 0.0 0.0 0.0 -0.18000000715255737 0.0 0.0 -0.18000000715255737 0.0 0.0 0.0 0.0 0.0 -0.6600000262260437 0.0 0.0 0.0 -0.6600000262260437 0.0 -0.27000001072883606 0.0 0.0 0.0 -0.18000000715255737 0.0 0.0 -0.18000000715255737 0.0 0.0 -0.18000000715255737 0.0 0.0 0.0 0.0 0.0 -0.30000001192092896 0.0 0.0 0.0 -0.18000000715255737 0.0 0.0 -0.18000000715255737 0.0 0.0 -0.18000000715255737 0.0 0.0 0.0 0.0 0.0 -0.18000000715255737 0.0 0.0 -0.2800000011920929 0.0 0.0 0.0 -0.7599999904632568 -0.7599999904632568 -0.18000000715255737 0.0 0.0 -0.09000000357627869 0.0 -0.27000001072883606 0.0 0.0 0.0 -0.27000001072883606 0.0 0.0 0.0 -0.18000000715255737 0.0 0.0 -0.18000000715255737 0.0 0.0 0.0 0.0 0.0 -0.699999988079071 0.0 0.0 -0.800000011920929 0.0 0.0 -0.800000011920929 0.0 0.0 -0.18000000715255737 0.0 0.0 -0.18000000715255737 0.0 0.0 -0.18000000715255737 0.0 0.0 0.0 0.0 0.0 -0.30000001192092896 0.0 0.0 0.0 0.0 0.0 0.0 -0.6600000262260437 0.0 -0.18000000715255737 0.0 0.0 0.0 -0.11999999731779099 0.0 -0.11999999731779099 0.0 -0.11999999731779099 0.0 -0.11999999731779099 0.0 -0.11999999731779099 0.0 -0.09000000357627869 0.0 -0.27000001072883606 0.0 0.0 0.0 -0.27000001072883606 0.0 0.0 0.0 -0.18000000715255737 0.0 0.0 -0.18000000715255737 0.0 -0.18000000715255737 0.0 0.0
313 0.0 -0.30000001192092896 0.0 0.0 0.0 0.0 0.0 -0.6600000262260437 0.0 -0.27000001072883606 0.0 0.0 0.0 -0.18000000715255737 0.0 0.0 0.0 0.0 0.0 0.0 0.0 -0.6600000262260437 0.0 0.0 0.0 0.0 0.0 0.0 0.0 -0.18000000715255737 0.0 0.0 -0.18000000715255737 0.0 0.0 0.0 0.0 0.0 -0.6600000262260437 0.0 -0.27000001072883606 0.0 0.0 0.0 -0.18000000715255737 0.0 0.0 -0.18000000715255737 0.0 0.0 -0.18000000715255737 0.0 0.0 0.0 0.0 0.0 -0.30000001192092896 0.0 0.0 0.0 -0.18000000715255737 0.0 0.0 -0.18000000715255737 0.0 0.0 -0.18000000715255737 0.0 0.0 0.0 0.0 0.0 -0.30000001192092896 0.0 0.0 0.0 -0.18000000715255737 0.0 0.0 -0.2800000011920929 0.0 0.0 0.0 -0.7599999904632568 -0.7599999904632568 -0.18000000715255737 0.0 0.0 -0.09000000357627869 0.0 -0.27000001072883606 0.0 0.0 0.0 -0.27000001072883606 0.0 0.0 0.0 -0.18000000715255737 0.0 0.0 -0.18000000715255737 0.0 0.0 0.0 0.0 0.0 -0.699999988079071 0.0 0.0 -0.800000011920929 0.0 0.0 -0.800000011920929 0.0 0.0 -0.18000000715255737 0.0 0.0 -0.18000000715255737 0.0 0.0 -0.18000000715255737 0.0 0.0 0.0 0.0 0.0 -0.30000001192092896 0.0 0.0 0.0 0.0 0.0 0.0 -0.6600000262260437 0.0 -0.18000000715255737 0.0 0.0 0.0 -0.11999999731779099 0.0 -0.11999999731779099 0.0 -0.11999999731779099 0.0 -0.11999999731779099 0.0 -0.11999999731779099 0.0 -0.09000000357627869 0.0 -0.27000001072883606 0.0 0.0 0.0 -0.27000001072883606 0.0 0.0 0.0 -0.18000000715255737 0.0 0.0 -0.18000000715255737 0.0 0.0 -0.18000000715255737 0.0 0.0 0.0
314 0.0 0.0 0.0 -0.6600000262260437 0.0 -0.699999988079071 0.0 0.0 -0.800000011920929 0.0 0.0 -0.800000011920929 0.0 0.0 0.0 0.0 -0.18000000715255737 0.0 0.0 -0.18000000715255737 0.0 0.0 0.0 0.0 0.0 0.0 -0.6600000262260437 0.0 -0.27000001072883606 0.0 0.0 0.0 -0.18000000715255737 0.0 0.0 -0.18000000715255737 0.0 0.0 -0.18000000715255737 0.0 0.0 0.0 0.0 0.0 -0.18000000715255737 0.0 0.0 -0.18000000715255737 0.0 0.0 -0.18000000715255737 0.0 0.0 0.0 0.0 0.0 -0.30000001192092896 0.0 0.0 0.0 -0.18000000715255737 0.0 0.0 -0.2800000011920929 0.0 0.0 0.0 -0.7599999904632568 -0.7599999904632568 -0.18000000715255737 0.0 0.0 -0.09000000357627869 0.0 -0.27000001072883606 0.0 0.0 0.0 -0.27000001072883606 0.0 0.0 0.0 -0.18000000715255737 0.0 0.0 -0.18000000715255737 0.0 0.0 0.0 0.0 0.0 -0.699999988079071 0.0 0.0 -0.800000011920929 0.0 0.0 -0.800000011920929 0.0 0.0 -0.18000000715255737 0.0 0.0 -0.18000000715255737 0.0 0.0 -0.18000000715255737 0.0 0.0 0.0 0.0 0.0 -0.30000001192092896 0.0 0.0 0.0 0.0 0.0 0.0 -0.6600000262260437 0.0 -0.18000000715255737 0.0 0.0 0.0 -0.11999999731779099 0.0 -0.11999999731779099 0.0 -0.11999999731779099 0.0 -0.11999999731779099 0.0 -0.11999999731779099 0.0 -0.09000000357627869 0.0 -0.27000001072883606 0.0 0.0 0.0 -0.27000001072883606 0.0 0.0 0.0 -0.18000000715255737 0.0 0.0 -0.18000000715255737 0.0 0.0 -0.18000000715255737 0.0 0.0 0.0 0.0 0.0 -0.30000001192092896 0.0 0.0 0.0 -0.18000000715255737 0.0 0.0 -0.18000000715255737 0.0 0.0 0.0 0.0 -0.699999988079071 0.0 0.0
315 0.0 0.0 0.0 -0.6600000262260437 0.0 -0.18000000715255737 0.0 0.0 -0.18000000715255737 0.0 0.0 0.0 0.0 0.0 -0.699999988079071 0.0 0.0 -0.800000011920929 0.0 0.0 -0.800000011920929 0.0 0.0 0.0 0.0 0.0 0.0 0.0 -0.18000000715255737 0.0 0.0 -0.18000000715255737 0.0 0.0 0.0 0.0 0.0 0.0 -0.18000000715255737 0.0 -0.18000000715255737 0.0 0.0 -0.18000000715255737 0.0 0.0 -0.18000000715255737 0.0 0.0 -0.18000000715255737 0.0 0.0 0.0 0.0 -0.18000000715255737 0.0 0.0 -0.2800000011920929 0.0 0.0 0.0 -0.7599999904632568 -0.7599999904632568 -0.18000000715255737 0.0 0.0 -0.09000000357627869 0.0 -0.27000001072883606 0.0 0.0 0.0 -0.27000001072883606 0.0 0.0 0.0 -0.18000000715255737 0.0 0.0 -0.18000000715255737 0.0 0.0 0.0 0.0 0.0 -0.699999988079071 0.0 0.0 -0.18000000715255737 0.0 0.0 -0.18000000715255737 0.0 0.0 -0.18000000715255737 0.0 0.0 0.0 0.0 0.0 -0.30000001192092896 0.0 0.0 0.0 0.0 0.0 0.0 -0.6600000262260437 0.0 -0.18000000715255737 0.0 0.0 0.0 -0.11999999731779099 0.0 -0.11999999731779099 0.0 -0.11999999731779099 0.0 -0.11999999731779099 0.0 -0.11999999731779099 0.0 -0.09000000357627869 0.0 -0.27000001072883606 0.0 0.0 0.0 -0.27000001072883606 0.0 0.0 0.0 -0.18000000715255737 0.0 0.0 -0.18000000715255737 0.0 0.0 -0.18000000715255737 0.0 0.0 0.0 0.0 0.0 -0.30000001192092896 0.0 0.0 0.0 -0.18000000715255737 0.0 0.0 -0.18000000715255737 0.0 0.0 0.0 -0.699999988079071 0.0 -0.23000000417232513 -0.27000001072883606 0.0 0.0 0.0 0.0 -0.699999988079071 0.0 0.0 -0.800000011920929 0.0 -0.800000011920929 0.0 0.0
316 0.0 -0.800000011920929 0.0 0.0 -0.800000011920929 0.0 0.0 0.0 0.0 0.0 -0.18000000715255737 0.0 0.0 -0.18000000715255737 0.0 0.0 -0.18000000715255737 0.0 0.0 -0.18000000715255737 0.0 0.0 -0.18000000715255737 0.0 0.0 0.0 0.0 -0.18000000715255737 0.0 -0.18000000715255737 0.0 0.0 -0.18000000715255737 0.0 0.0 -0.2800000011920929 0.0 0.0 0.0 -0.7599999904632568 -0.7599999904632568 -0.18000000715255737 0.0 0.0 -0.09000000357627869 0.0 -0.27000001072883606 0.0 0.0 0.0 -0.27000001072883606 0.0 0.0 0.0 -0.18000000715255737 0.0 0.0 -0.18000000715255737 0.0 0.0 0.0 0.0 0.0 -0.699999988079071 0.0 0.0 -0.800000011920929 0.0 -0.800000011920929 0.0 -0.18000000715255737 0.0 0.0 -0.18000000715255737 0.0 0.0 -0.18000000715255737 0.0 0.0 0.0 0.0 0.0 0.0 0.0 0.0 -0.6600000262260437 0.0 -0.18000000715255737 0.0 0.0 0.0 -0.11999999731779099 0.0 -0.11999999731779099 0.0 -0.11999999731779099 0.0 -0.11999999731779099 0.0 -0.11999999731779099 0.0 -0.09000000357627869 0.0 -0.27000001072883606 0.0 0.0 0.0 -0.27000001072883606 0.0 0.0 0.0 -0.18000000715255737 0.0 0.0 -0.18000000715255737 0.0 0.0 -0.18000000715255737 0.0 0.0 0.0 0.0 0.0 -0.30000001192092896 0.0 0.0 -0.18000000715255737 0.0 0.0 -0.18000000715255737 0.0 0.0 0.0 0.0 0.0 -0.699999988079071 0.0 0.0 -0.800000011920929 0.0 0.0 -0.550000011920929 0.0 -0.27000001072883606 0.0 0.0 -0.18000000715255737 0.0 0.0 0.0 0.0 0.0 -0.699999988079071 0.0 0.0 -0.800000011920929 0.0 0.0 -0.800000011920929 0.0 0.0
317 -0.800000011920929 0.0 -0.800000011920929 0.0 0.0 0.0 0.0 -0.18000000715255737 0.0 0.0 -0.18000000715255737 0.0 -0.2800000011920929 0.0 0.0 -0.18000000715255737 0.0 0.0 -0.09000000357627869 0.0 -0.27000001072883606 0.0 0.0 -0.18000000715255737 0.0 0.0 -0.18000000715255737 0.0 0.0 0.0 0.0 0.0 -0.699999988079071 0.0 0.0 -0.800000011920929 0.0 -0.18000000715255737 0.0 0.0 -0.18000000715255737 0.0 0.0 -0.18000000715255737 0.0 0.0 0.0 0.0 0.0 -0.30000001192092896 0.0 0.0 0.0 0.0 0.0 0.0 -0.6600000262260437 0.0 -0.18000000715255737 0.0 0.0 0.0 -0.11999999731779099 0.0 -0.11999999731779099 0.0 -0.11999999731779099 0.0 -0.11999999731779099 0.0 -0.11999999731779099 0.0 -0.09000000357627869 0.0 -0.27000001072883606 0.0 0.0 0.0 -0.27000001072883606 0.0 0.0 0.0 -0.18000000715255737 0.0 0.0 -0.18000000715255737 0.0 0.0 -0.18000000715255737 0.0 0.0 0.0 0.0 0.0 -0.30000001192092896 0.0 0.0 0.0 -0.18000000715255737 0.0 0.0 -0.18000000715255737 0.0 0.0 0.0 0.0 0.0 -0.699999988079071 0.0 0.0 -0.800000011920929 0.0 0.0 -0.800000011920929 0.0 0.0 -0.10999999940395355 0.0 0.0 -0.23000000417232513 0.0 0.0 -0.18000000715255737 0.0 0.0 0.0 -0.550000011920929 -0.6200000047683716 0.0 0.0 0.0 -0.27000001072883606 0.0 0.0 0.0 0.0 0.0 0.0 0.0 -0.699999988079071 0.0 0.0 -0.800000011920929 0.0 0.0 -0.800000011920929 0.0 0.0
318 0.0 0.0 0.0 -0.6600000262260437 0.0 -0.18000000715255737 0.0 0.0 0.0 0.0 0.0 -0.699999988079071 0.0 0.0 -0.800000011920929 0.0 0.0 -0.800000011920929 0.0 0.0 0.0 0.0 -0.18000000715255737 0.0 0.0 -0.2800000011920929 0.0 0.0 0.0 -0.7599999904632568 -0.7599999904632568 -0.18000000715255737 0.0 0.0 -0.18000000715255737 0.0 0.0 -0.18000000715255737 0.0 -0.18000000715255737 0.0 0.0 -0.18000000715255737 0.0 0.0 -0.18000000715255737 0.0 0.0 0.0 0.0 0.0 -0.30000001192092896 0.0 0.0 0.0 0.0 0.0 0.0 -0.6600000262260437 0.0 -0.18000000715255737 0.0 0.0 0.0 -0.11999999731779099 0.0 -0.11999999731779099 0.0 -0.11999999731779099 0.0 -0.11999999731779099 0.0 -0.11999999731779099 0.0 -0.09000000357627869 0.0 -0.27000001072883606 0.0 0.0 0.0 -0.27000001072883606 0.0 0.0 0.0 -0.18000000715255737 0.0 0.0 -0.18000000715255737 0.0 0.0 -0.18000000715255737 0.0 0.0 0.0 0.0 0.0 -0.30000001192092896 0.0 0.0 0.0 -0.18000000715255737 0.0 0.0 -0.18000000715255737 0.0 0.0 0.0 0.0 0.0 -0.699999988079071 0.0 0.0 -0.800000011920929 0.0 0.0 -0.800000011920929 0.0 0.0 -0.10999999940395355 0.0 0.0 -0.23000000417232513 0.0 -0.18000000715255737 0.0 0.0 -0.18000000715255737 0.0 0.0 -0.18000000715255737 0.0 0.0 0.0 0.0 0.0 -0.30000001192092896 0.0 0.0 0.0 0.0 -0.09000000357627869 0.0 -0.27000001072883606 0.0 0.0 0.0 0.0 -0.18000000715255737 0.0 0.0 0.0 -0.550000011920929 -0.6200000047683716 0.0 0.0 -0.18000000715255737 0.0 0.0 -0.09000000357627869 0.0 -0.27000001072883606 0.0 0.0 0.0 -0.27000001072883606 0.0 0.0 0.0 0.0 -0.18000000715255737 0.0 0.0 0.0 0.0 -0.699999988079071 0.0 0.0 -0.800000011920929 0.0 0.0 -0.800000011920929 0.0 0.0
319 -0.18000000715255737 0.0 0.0 -0.18000000715255737 0.0 0.0 0.0 0.0 0.0 -0.6600000262260437 -0.18000000715255737 0.0 0.0 0.0 -0.09000000357627869 0.0 -0.27000001072883606 0.0 0.0 0.0 -0.27000001072883606 0.0 0.0 0.0 -0.18000000715255737 0.0 0.0 -0.18000000715255737 0.0 0.0 -0.18000000715255737 0.0 0.0 0.0 0.0 0.0 -0.30000001192092896 0.0 0.0 0.0 -0.18000000715255737 0.0 0.0 -0.18000000715255737 0.0 0.0 0.0 0.0 0.0 -0.699999988079071 0.0 0.0 -0.800000011920929 0.0 0.0 -0.800000011920929 0.0 0.0 -0.10999999940395355 0.0 0.0 -0.23000000417232513 0.0 -0.18000000715255737 0.0 0.0 -0.18000000715255737 0.0 0.0 -0.18000000715255737 0.0 0.0 0.0 0.0 0.0 -0.30000001192092896 0.0 0.0 0.0 -0.18000000715255737 0.0 0.0 0.0 -0.550000011920929 0.0 0.0 0.0 -0.18000000715255737 0.0 0.0 -0.18000000715255737 0.0 0.0 -0.09000000357627869 0.0 -0.27000001072883606 0.0 0.0 0.0 -0.18000000715255737 0.0 0.0 -0.27000001072883606 0.0 0.0 0.0 -0.18000000715255737 0.0 0.0 0.0 -0.550000011920929 -0.6200000047683716 0.0 0.0 -0.18000000715255737 0.0 0.0 0.0 -0.18000000715255737 0.0 0.0 -0.09000000357627869 0.0 -0.27000001072883606 0.0 0.0 0.0 -0.27000001072883606 0.0 0.0 0.0 -0.05000000074505806 0.0 0.0 0.0 0.0 0.0 -0.5099999904632568 0.0 -0.5099999904632568 0.0 0.0 -0.18000000715255737 0.0 0.0 0.0 0.0 0.0 -0.699999988079071 0.0 0.0 -0.800000011920929 0.0 0.0 -0.800000011920929 0.0 0.0
32 -0.18000000715255737 0.0 0.0 0.0 -0.11999999731779099 0.0 -0.11999999731779099 0.0 0.0 -0.5400000214576721 0.0 -0.11999999731779099 -0.11999999731779099 -0.18000000715255737 0.0 0.0 -0.18000000715255737 0.0 0.0 -0.18000000715255737 0.0 0.0 -0.18000000715255737 0.0 0.0 0.0 0.0 0.0 -0.18000000715255737 0.0 0.0 -0.18000000715255737 0.0 0.0 -0.18000000715255737 0.0 0.0 0.0 0.0 0.0 -0.30000001192092896 0.0 0.0 0.0 0.0 0.0 0.0 -0.6600000262260437 0.0 -0.27000001072883606 0.0 0.0 -0.18000000715255737 0.0 0.0 -0.18000000715255737 0.0 0.0 -0.09000000357627869 0.0 -0.27000001072883606 0.0 0.0 0.0 -0.27000001072883606 0.0 0.0 0.0 0.0 0.0 0.0 -0.6600000262260437 0.0 -0.18000000715255737 0.0 0.0 0.0 -0.550000011920929 -0.6200000047683716 0.0 0.0 -0.18000000715255737 0.0 0.0 -0.18000000715255737 0.0 0.0 -0.18000000715255737 0.0 0.0 0.0 0.0 0.0 -0.30000001192092896 0.0 0.0 0.0 -0.18000000715255737 0.0 0.0 -0.029999999329447746 -0.15000000596046448 0.0 -0.5099999904632568 0.0 0.0 0.0 -0.25 0.0 -0.20000000298023224 0.0 -0.27000001072883606 0.0 -0.14000000059604645 -0.18000000715255737 0.0 0.0 -0.18000000715255737 0.0 0.0 -0.18000000715255737 0.0 0.0 0.0 0.0 0.0 -0.30000001192092896 0.0 0.0 -0.18000000715255737 0.0 0.0 0.0 -0.11999999731779099 0.0 -0.11999999731779099 0.0 -0.11999999731779099 0.0 0.0 0.0 -0.18000000715255737 0.0 -0.18000000715255737 0.0 -0.18000000715255737 0.0 0.0 0.0 0.0 0.0 -0.30000001192092896 0.0 0.0 0.0
320 -0.09000000357627869 0.0 -0.27000001072883606 0.0 0.0 -0.18000000715255737 0.0 0.0 -0.18000000715255737 0.0 0.0 -0.18000000715255737 0.0 0.0 0.0 0.0 0.0 -0.30000001192092896 0.0 0.0 0.0 -0.18000000715255737 0.0 0.0 -0.18000000715255737 0.0 0.0 0.0 0.0 0.0 -0.699999988079071 0.0 0.0 -0.800000011920929 0.0 0.0 -0.800000011920929 0.0 0.0 -0.10999999940395355 0.0 0.0 -0.23000000417232513 0.0 -0.18000000715255737 0.0 0.0 -0.18000000715255737 0.0 0.0 -0.18000000715255737 0.0 0.0 0.0 0.0 0.0 -0.30000001192092896 0.0 0.0 0.0 -0.18000000715255737 0.0 0.0 0.0 -0.550000011920929 -0.6200000047683716 0.0 0.0 0.0 0.0 0.0 -0.18000000715255737 0.0 0.0 -0.18000000715255737 0.0 0.0 0.0 0.0 0.0 -0.6600000262260437 0.0 -0.09000000357627869 0.0 -0.27000001072883606 0.0 0.0 0.0 -0.18000000715255737 0.0 0.0 -0.27000001072883606 0.0 0.0 0.0 -0.18000000715255737 0.0 0.0 0.0 -0.550000011920929 -0.6200000047683716 0.0 0.0 -0.18000000715255737 0.0 0.0 -0.18000000715255737 0.0 0.0 -0.18000000715255737 0.0 0.0 -0.18000000715255737 0.0 0.0 0.0 0.0 0.0 -0.18000000715255737 0.0 0.0 -0.09000000357627869 0.0 -0.27000001072883606 0.0 0.0 0.0 -0.27000001072883606 0.0 0.0 0.0 -0.05000000074505806 0.0 0.0 0.0 0.0 -0.27000001072883606 0.0 0.0 0.0 0.0 0.0 0.0 -0.699999988079071 0.0 0.0 -0.800000011920929 0.0 0.0 -0.800000011920929 0.0 0.0
321 -0.18000000715255737 0.0 0.0 -0.18000000715255737 0.0 0.0 -0.18000000715255737 0.0 0.0 0.0 0.0 0.0 -0.30000001192092896 0.0 0.0 0.0 -0.18000000715255737 0.0 0.0 -0.18000000715255737 0.0 0.0 0.0 0.0 0.0 -0.699999988079071 0.0 0.0 -0.800000011920929 0.0 -0.10999999940395355 0.0 0.0 -0.23000000417232513 0.0 -0.18000000715255737 0.0 0.0 -0.18000000715255737 0.0 0.0 -0.18000000715255737 0.0 0.0 0.0 0.0 0.0 -0.30000001192092896 0.0 0.0 0.0 -0.18000000715255737 0.0 0.0 0.0 -0.550000011920929 -0.6200000047683716 0.0 0.0 0.0 0.0 0.0 -0.18000000715255737 0.0 0.0 -0.18000000715255737 0.0 0.0 0.0 0.0 0.0 -0.6600000262260437 0.0 -0.09000000357627869 0.0 -0.27000001072883606 0.0 0.0 0.0 -0.18000000715255737 0.0 0.0 -0.27000001072883606 0.0 0.0 0.0 -0.18000000715255737 0.0 0.0 0.0 -0.550000011920929 -0.6200000047683716 0.0 0.0 0.0 -0.18000000715255737 0.0 -0.09000000357627869 0.0 -0.27000001072883606 0.0 0.0 0.0 0.0
322 -0.18000000715255737 0.0 0.0 -0.18000000715255737 0.0 0.0 0.0 -0.18000000715255737 0.0 0.0 -0.18000000715255737 0.0 0.0 0.0 0.0 0.0 -0.699999988079071 0.0 0.0 -0.800000011920929 0.0 -0.10999999940395355 0.0 0.0 -0.23000000417232513 0.0 -0.18000000715255737 0.0 0.0 -0.18000000715255737 0.0 0.0 -0.18000000715255737 0.0 0.0 0.0 0.0 0.0 -0.30000001192092896 0.0 0.0 0.0 -0.18000000715255737 0.0 0.0 0.0 -0.550000011920929 -0.6200000047683716 0.0 0.0 0.0 0.0 0.0 -0.18000000715255737 0.0 0.0 -0.18000000715255737 0.0 0.0 0.0 0.0 0.0 -0.6600000262260437 0.0 -0.09000000357627869 0.0 -0.27000001072883606 0.0 0.0 0.0 -0.18000000715255737 0.0 0.0 -0.27000001072883606 0.0 0.0 0.0 -0.18000000715255737 0.0 0.0 0.0 -0.550000011920929 -0.6200000047683716 0.0 0.0 -0.18000000715255737 0.0 0.0 -0.2800000011920929 0.0 0.0 0.0 -0.7599999904632568 -0.18000000715255737 0.0 0.0 -0.18000000715255737 0.0 0.0 -0.18000000715255737 0.0 0.0 0.0 0.0 0.0 -0.30000001192092896 0.0 0.0 0.0 -0.18000000715255737 0.0 0.0 -0.09000000357627869 0.0 -0.27000001072883606 0.0 0.0 0.0 -0.27000001072883606 0.0 0.0 0.0 -0.05000000074505806 0.0 0.0 -0.800000011920929 0.0 -0.800000011920929 0.0
323 -0.18000000715255737 0.0 0.0 -0.18000000715255737 0.0 0.0 0.0 0.0 0.0 -0.699999988079071 0.0 0.0 -0.800000011920929 0.0 0.0 -0.800000011920929 0.0 0.0 -0.10999999940395355 0.0 0.0 -0.23000000417232513 0.0 -0.18000000715255737 0.0 0.0 -0.18000000715255737 0.0 0.0 -0.18000000715255737 0.0 0.0 0.0 0.0 -0.18000000715255737 0.0 0.0 0.0 -0.550000011920929 -0.6200000047683716 0.0 0.0 0.0 0.0 0.0 -0.18000000715255737 0.0 0.0 -0.18000000715255737 0.0 0.0 0.0 0.0 0.0 -0.6600000262260437 0.0 -0.09000000357627869 0.0 -0.27000001072883606 0.0 0.0 0.0 -0.18000000715255737 0.0 0.0 -0.27000001072883606 0.0 0.0 0.0 -0.18000000715255737 0.0 0.0 0.0 -0.550000011920929 -0.6200000047683716 0.0 0.0 -0.18000000715255737 0.0 0.0 -0.2800000011920929 0.0 0.0 0.0 -0.7599999904632568 -0.7599999904632568 -0.18000000715255737 0.0 0.0 -0.18000000715255737 0.0 0.0 -0.18000000715255737 0.0 0.0 0.0 0.0 0.0 -0.30000001192092896 0.0 0.0 0.0 -0.18000000715255737 0.0 0.0 -0.09000000357627869 0.0 -0.27000001072883606 0.0 0.0 0.0 -0.27000001072883606 0.0 -0.05000000074505806 0.0 0.0 0.0 0.0 0.0 -0.5099999904632568 0.0 -0.18000000715255737 0.0 0.0 0.0 -0.800000011920929 0.0 0.0 -0.800000011920929 0.0
324 -0.18000000715255737 0.0 0.0 -0.10999999940395355 0.0 0.0 -0.23000000417232513 0.0 -0.18000000715255737 0.0 0.0 -0.18000000715255737 0.0 0.0 0.0 -0.550000011920929 -0.6200000047683716 0.0 0.0 0.0 0.0 0.0 -0.18000000715255737 0.0 0.0 -0.18000000715255737 0.0 0.0 0.0 0.0 0.0 -0.6600000262260437 0.0 -0.09000000357627869 0.0 -0.27000001072883606 0.0 0.0 0.0 -0.18000000715255737 0.0 0.0 -0.27000001072883606 0.0 0.0 0.0 -0.18000000715255737 0.0 0.0 0.0 -0.550000011920929 -0.6200000047683716 0.0 0.0 -0.18000000715255737 0.0 0.0 -0.2800000011920929 0.0 0.0 0.0 -0.7599999904632568 -0.7599999904632568 -0.18000000715255737 0.0 0.0 -0.18000000715255737 0.0 0.0 -0.18000000715255737 0.0 0.0 0.0 0.0 0.0 -0.30000001192092896 0.0 0.0 0.0 -0.18000000715255737 0.0 0.0 -0.09000000357627869 0.0 -0.27000001072883606 0.0 0.0 0.0 -0.27000001072883606 0.0 0.0 0.0 -0.05000000074505806 0.0 0.0 0.0 -0.5099999904632568 0.0 -0.18000000715255737 0.0 0.0 -0.18000000715255737 0.0 0.0 -0.18000000715255737 0.0 0.0 0.0 0.0 0.0 -0.09000000357627869 0.0 -0.18000000715255737 0.0 0.0 -0.27000001072883606 0.0 0.0 0.0 -0.800000011920929 0.0 0.0 -0.800000011920929 0.0
325 0.0 0.0 0.0 -0.18000000715255737 0.0 0.0 -0.18000000715255737 0.0 0.0 -0.18000000715255737 0.0 0.0 0.0 0.0 0.0 -0.699999988079071 0.0 -0.10999999940395355 0.0 0.0 -0.23000000417232513 0.0 -0.18000000715255737 0.0 0.0 -0.18000000715255737 0.0 0.0 -0.18000000715255737 0.0 0.0 0.0 0.0 -0.18000000715255737 0.0 0.0 0.0 -0.550000011920929 -0.6200000047683716 0.0 0.0 0.0 0.0 0.0 -0.18000000715255737 0.0 0.0 -0.18000000715255737 0.0 0.0 0.0 0.0 0.0 -0.6600000262260437 0.0 -0.09000000357627869 0.0 -0.27000001072883606 0.0 0.0 0.0 -0.18000000715255737 0.0 0.0 -0.27000001072883606 0.0 0.0 0.0 -0.18000000715255737 0.0 0.0 0.0 -0.550000011920929 -0.6200000047683716 0.0 0.0 -0.18000000715255737 0.0 0.0 -0.2800000011920929 0.0 0.0 0.0 -0.7599999904632568 -0.7599999904632568 -0.18000000715255737 0.0 0.0 -0.18000000715255737 0.0 0.0 -0.18000000715255737 0.0 0.0 0.0 0.0 0.0 -0.30000001192092896 0.0 0.0 0.0 -0.18000000715255737 0.0 0.0 -0.09000000357627869 0.0 -0.27000001072883606 0.0 0.0 0.0 -0.27000001072883606 0.0 0.0 0.0 -0.05000000074505806 0.0 0.0 0.0 0.0 0.0 -0.5099999904632568 0.0 -0.18000000715255737 0.0 0.0 -0.18000000715255737 0.0 0.0 -0.18000000715255737 0.0 0.0 -0.09000000357627869 0.0 -0.27000001072883606 0.0 0.0 0.0 -0.18000000715255737 0.0 0.0 -0.27000001072883606 0.0 0.0 0.0 -0.18000000715255737 0.0 -0.18000000715255737 0.0 0.0 0.0 0.0 0.0 -0.699999988079071 0.0 0.0 -0.800000011920929 0.0 0.0 -0.800000011920929 0.0 0.0
326 0.0 0.0 -0.18000000715255737 0.0 0.0 -0.18000000715255737 0.0 0.0 -0.18000000715255737 0.0 0.0 0.0 0.0 -0.18000000715255737 0.0 0.0 -0.18000000715255737 0.0 0.0 0.0 0.0 0.0 -0.699999988079071 0.0 0.0 -0.800000011920929 0.0 0.0 -0.800000011920929 0.0 0.0 -0.10999999940395355 0.0 0.0 -0.23000000417232513 0.0 -0.18000000715255737 0.0 0.0 -0.18000000715255737 0.0 0.0 -0.18000000715255737 0.0 0.0 0.0 0.0 0.0 -0.18000000715255737 0.0 0.0 0.0 -0.550000011920929 -0.6200000047683716 0.0 0.0 0.0 0.0 0.0 -0.18000000715255737 0.0 0.0 -0.18000000715255737 0.0 0.0 0.0 0.0 0.0 -0.6600000262260437 0.0 -0.09000000357627869 0.0 -0.27000001072883606 0.0 0.0 0.0 -0.18000000715255737 0.0 0.0 -0.27000001072883606 0.0 0.0 0.0 -0.18000000715255737 0.0 0.0 0.0 -0.550000011920929 -0.6200000047683716 0.0 0.0 -0.18000000715255737 0.0 0.0 -0.2800000011920929 0.0 0.0 0.0 -0.7599999904632568 -0.7599999904632568 -0.18000000715255737 0.0 0.0 -0.18000000715255737 0.0 0.0 -0.18000000715255737 0.0 0.0 0.0 0.0 0.0 -0.30000001192092896 0.0 0.0 0.0 -0.18000000715255737 0.0 0.0 -0.09000000357627869 0.0 -0.27000001072883606 0.0 0.0 0.0 -0.27000001072883606 0.0 0.0 0.0 -0.05000000074505806 0.0 0.0 0.0 0.0 0.0 -0.5099999904632568 0.0 -0.5099999904632568 0.0 0.0 0.0 -0.18000000715255737 0.0 0.0 -0.18000000715255737 0.0 0.0 -0.18000000715255737 0.0 0.0 -0.09000000357627869 0.0 -0.27000001072883606 0.0 0.0 0.0 -0.18000000715255737 0.0 0.0 -0.27000001072883606 0.0 0.0 0.0 -0.18000000715255737 0.0 0.0 -0.18000000715255737 0.0 0.0 0.0 0.0 0.0 -0.699999988079071 0.0 0.0 -0.800000011920929 0.0 0.0 -0.800000011920929 0.0 0.0 0.0 0.0 -0.6600000262260437 0.0
327 -0.18000000715255737 0.0 0.0 -0.18000000715255737 0.0 0.0 0.0 0.0 0.0 -0.699999988079071 0.0 0.0 -0.800000011920929 0.0 0.0 -0.800000011920929 0.0 0.0 -0.10999999940395355 0.0 0.0 -0.23000000417232513 0.0 -0.18000000715255737 0.0 0.0 0.0 -0.550000011920929 -0.6200000047683716 0.0 0.0 0.0 0.0 0.0 -0.18000000715255737 0.0 0.0 -0.18000000715255737 0.0 0.0 0.0 0.0 0.0 -0.6600000262260437 0.0 -0.09000000357627869 0.0 -0.27000001072883606 0.0 0.0 0.0 -0.18000000715255737 0.0 0.0 -0.27000001072883606 0.0 0.0 0.0 -0.18000000715255737 0.0 0.0 0.0 -0.550000011920929 -0.6200000047683716 0.0 0.0 -0.18000000715255737 0.0 0.0 -0.2800000011920929 0.0 0.0 0.0 -0.7599999904632568 -0.7599999904632568 -0.18000000715255737 0.0 0.0 -0.18000000715255737 0.0 0.0 -0.18000000715255737 0.0 0.0 0.0 0.0 0.0 -0.30000001192092896 0.0 0.0 0.0 -0.18000000715255737 0.0 0.0 -0.09000000357627869 0.0 -0.27000001072883606 0.0 0.0 0.0 -0.27000001072883606 0.0 0.0 0.0 -0.05000000074505806 0.0 0.0 0.0 0.0 0.0 -0.5099999904632568 0.0 -0.5099999904632568 0.0 0.0 0.0 -0.18000000715255737 0.0 0.0 -0.18000000715255737 0.0 0.0 -0.18000000715255737 0.0 0.0 0.0 0.0 0.0 -0.30000001192092896 0.0 0.0 0.0 -0.09000000357627869 0.0 -0.27000001072883606 0.0 0.0 0.0 -0.18000000715255737 0.0 0.0 -0.27000001072883606 0.0 0.0 0.0 -0.18000000715255737 0.0 0.0 -0.18000000715255737 0.0 0.0 0.0 0.0 0.0 -0.699999988079071 0.0 0.0 -0.800000011920929 0.0 0.0 -0.800000011920929 0.0 0.0 0.0 0.0 -0.6600000262260437 0.0 -0.27000001072883606 0.0 0.0 0.0 -0.18000000715255737 0.0 -0.09000000357627869 0.0 -0.27000001072883606 0.0 0.0 0.0 -0.27000001072883606 0.0
328 -0.18000000715255737 0.0 0.0 -0.029999999329447746 -0.15000000596046448 0.0 -0.5099999904632568 0.0 0.0 0.0 -0.25 0.0 -0.20000000298023224 0.0 -0.27000001072883606 0.0 -0.14000000059604645 0.0 0.0 0.0 0.0 -0.10999999940395355 0.0 0.0 -0.23000000417232513 0.0 -0.18000000715255737 0.0 0.0 0.0 -0.550000011920929 -0.6200000047683716 0.0 0.0 0.0 0.0 0.0 -0.18000000715255737 0.0 0.0 -0.18000000715255737 0.0 0.0 0.0 0.0 0.0 -0.6600000262260437 0.0 -0.09000000357627869 0.0 -0.27000001072883606 0.0 0.0 0.0 -0.18000000715255737 0.0 0.0 -0.27000001072883606 0.0 0.0 0.0 -0.18000000715255737 0.0 0.0 0.0 -0.550000011920929 -0.6200000047683716 0.0 0.0 -0.18000000715255737 0.0 0.0 -0.2800000011920929 0.0 0.0 0.0 -0.7599999904632568 -0.7599999904632568 -0.18000000715255737 0.0 0.0 -0.18000000715255737 0.0 0.0 -0.18000000715255737 0.0 0.0 0.0 0.0 0.0 -0.30000001192092896 0.0 0.0 0.0 -0.18000000715255737 0.0 0.0 -0.09000000357627869 0.0 -0.27000001072883606 0.0 0.0 0.0 -0.27000001072883606 0.0 0.0 0.0 -0.05000000074505806 0.0 0.0 0.0 0.0 0.0 -0.5099999904632568 0.0 -0.5099999904632568 0.0 0.0 0.0 -0.18000000715255737 0.0 0.0 -0.18000000715255737 0.0 0.0 -0.18000000715255737 0.0 0.0 0.0 0.0 0.0 -0.30000001192092896 0.0 0.0 0.0 -0.09000000357627869 0.0 -0.27000001072883606 0.0 0.0 0.0 -0.18000000715255737 0.0 0.0 -0.27000001072883606 0.0 0.0 0.0 -0.18000000715255737 0.0 0.0 -0.18000000715255737 0.0 0.0 0.0 0.0 0.0 -0.699999988079071 0.0 0.0 -0.800000011920929 0.0 0.0 -0.800000011920929 0.0 0.0 0.0 0.0 -0.6600000262260437 0.0 -0.27000001072883606 0.0 0.0 0.0 -0.18000000715255737 0.0 0.0 -0.09000000357627869 0.0 -0.27000001072883606 0.0 0.0 0.0 -0.27000001072883606 0.0 0.0 0.0 -0.18000000715255737 0.0 0.0 -0.550000011920929 -0.6200000047683716 0.0 0.0
329 -0.18000000715255737 0.0 0.0 -0.18000000715255737 0.0 0.0 -0.18000000715255737 0.0 0.0 0.0 -0.18000000715255737 0.0 0.0 -0.18000000715255737 0.0 0.0 0.0 0.0 0.0 -0.699999988079071 0.0 0.0 0.0 0.0 -0.10999999940395355 0.0 0.0 -0.23000000417232513 0.0 -0.18000000715255737 0.0 0.0 -0.18000000715255737 0.0 0.0 0.0 -0.550000011920929 -0.6200000047683716 0.0 0.0 0.0 0.0 0.0 -0.18000000715255737 0.0 0.0 0.0 0.0 0.0 -0.6600000262260437 0.0 -0.09000000357627869 0.0 -0.27000001072883606 0.0 0.0 0.0 -0.18000000715255737 0.0 0.0 -0.27000001072883606 0.0 0.0 0.0 -0.18000000715255737 0.0 0.0 0.0 -0.550000011920929 -0.6200000047683716 0.0 0.0 -0.18000000715255737 0.0 0.0 -0.2800000011920929 0.0 0.0 0.0 -0.7599999904632568 -0.7599999904632568 -0.18000000715255737 0.0 0.0 -0.18000000715255737 0.0 0.0 -0.18000000715255737 0.0 0.0 0.0 0.0 0.0 -0.30000001192092896 0.0 0.0 0.0 -0.18000000715255737 0.0 0.0 -0.09000000357627869 0.0 -0.27000001072883606 0.0 0.0 0.0 -0.27000001072883606 0.0 0.0 0.0 -0.05000000074505806 0.0 0.0 0.0 0.0 0.0 -0.5099999904632568 0.0 -0.5099999904632568 0.0 0.0 0.0 -0.18000000715255737 0.0 0.0 -0.18000000715255737 0.0 0.0 -0.18000000715255737 0.0 0.0 0.0 0.0 0.0 -0.30000001192092896 0.0 0.0 -0.09000000357627869 0.0 -0.27000001072883606 0.0 0.0 0.0 -0.18000000715255737 0.0 0.0 -0.27000001072883606 0.0 0.0 0.0 -0.18000000715255737 0.0 0.0 -0.18000000715255737 0.0 0.0 0.0 0.0 0.0 -0.699999988079071 0.0 0.0 -0.800000011920929 0.0 0.0 -0.800000011920929 0.0 0.0 0.0 0.0 -0.6600000262260437 0.0 -0.27000001072883606 0.0 0.0 0.0 -0.18000000715255737 0.0 0.0 -0.09000000357627869 0.0 -0.27000001072883606 0.0 0.0 0.0 -0.27000001072883606 0.0 0.0 -0.18000000715255737 0.0 0.0 0.0 -0.550000011920929 -0.6200000047683716 0.0 0.0 0.0 0.0 0.0
33 -0.18000000715255737 0.0 0.0 0.0 -0.11999999731779099 0.0 -0.11999999731779099 0.0 -0.11999999731779099 0.0 -0.18000000715255737 0.0 0.0 -0.18000000715255737 0.0 0.0 -0.18000000715255737 0.0 0.0 0.0 0.0 0.0 -0.30000001192092896 0.0 -0.18000000715255737 0.0 0.0 -0.18000000715255737 0.0 0.0 -0.18000000715255737 0.0 0.0 0.0 0.0 0.0 -0.30000001192092896 0.0 0.0 0.0 -0.18000000715255737 0.0 0.0 -0.18000000715255737 0.0 0.0 -0.18000000715255737 0.0 0.0 0.0 0.0 0.0 -0.30000001192092896 0.0 0.0 0.0 -0.18000000715255737 0.0 0.0 -0.2800000011920929 0.0 0.0 0.0 -0.18000000715255737 0.0 0.0 -0.18000000715255737 0.0 0.0 0.0 0.0 0.0 -0.6600000262260437 0.0 0.0 -0.18000000715255737 0.0 0.0 0.0 -0.11999999731779099 0.0 -0.11999999731779099 0.0 -0.11999999731779099 0.0 -0.11999999731779099 0.0 -0.11999999731779099 0.0 -0.18000000715255737 0.0 0.0 -0.09000000357627869 0.0 -0.27000001072883606 0.0 0.0 0.0 0.0 0.0 -0.6600000262260437 0.0 -0.18000000715255737 0.0 0.0 0.0 -0.550000011920929 -0.6200000047683716 0.0 0.0 -0.18000000715255737 0.0 0.0 -0.18000000715255737 0.0 0.0 -0.18000000715255737 0.0 0.0 0.0 0.0 0.0 -0.30000001192092896 0.0 0.0 0.0 -0.18000000715255737 0.0 0.0 -0.029999999329447746 -0.15000000596046448 0.0 -0.5099999904632568 0.0 0.0 0.0 -0.25 0.0 -0.20000000298023224 0.0 -0.27000001072883606 0.0 -0.14000000059604645 0.0 -0.18000000715255737 0.0 0.0 -0.18000000715255737 0.0 0.0 -0.18000000715255737 0.0 0.0 0.0 0.0 -0.11999999731779099 0.0 -0.11999999731779099 0.0 -0.11999999731779099 0.0 -0.10999999940395355 0.0 0.0 -0.23000000417232513 0.0 -0.18000000715255737 0.0 0.0 -0.18000000715255737 0.0 0.0 -0.18000000715255737 0.0 0.0 0.0 0.0 0.0 -0.30000001192092896 0.0 0.0 0.0 -0.18000000715255737 0.0 0.0 -0.18000000715255737 0.0 0.0 -0.18000000715255737 0.0 0.0 0.0 0.0 0.0 -0.30000001192092896 0.0 0.0 0.0 0.0 0.0 0.0 0.0 0.0 -0.18000000715255737 0.0 0.0 0.0 -0.11999999731779099 0.0 -0.11999999731779099 -0.11999999731779099 0.0 -0.11999999731779099 0.0 -0.27000001072883606 0.0 0.0 0.0
330 -0.699999988079071 0.0 -0.800000011920929 0.0 0.0 -0.800000011920929 0.0 0.0 -0.30000001192092896 0.0 0.0 -0.18000000715255737 0.0 0.0 -0.18000000715255737 0.0 0.0 0.0 0.0 0.0 -0.699999988079071 0.0 0.0 -0.800000011920929 0.0 0.0 -0.800000011920929 0.0 0.0 -0.10999999940395355 0.0 0.0 -0.23000000417232513 0.0 -0.18000000715255737 0.0 0.0 0.0 0.0 0.0 -0.6600000262260437 -0.09000000357627869 0.0 -0.27000001072883606 0.0 0.0 0.0 -0.18000000715255737 0.0 0.0 -0.27000001072883606 0.0 -0.18000000715255737 0.0 0.0 0.0 -0.550000011920929 -0.6200000047683716 0.0 0.0 -0.18000000715255737 0.0 0.0 -0.2800000011920929 0.0 0.0 0.0 -0.7599999904632568 -0.7599999904632568 -0.18000000715255737 0.0 0.0 -0.18000000715255737 0.0 0.0 -0.18000000715255737 0.0 0.0 0.0 0.0 0.0 -0.18000000715255737 0.0 0.0 -0.09000000357627869 0.0 -0.27000001072883606 0.0 0.0 0.0 -0.27000001072883606 0.0 0.0 0.0 -0.05000000074505806 0.0 0.0 0.0 0.0 0.0 -0.5099999904632568 0.0 -0.5099999904632568 0.0 0.0 0.0 -0.18000000715255737 0.0 0.0 -0.18000000715255737 0.0 0.0 -0.18000000715255737 0.0 0.0 0.0 0.0 0.0 -0.30000001192092896 0.0 0.0 0.0 -0.09000000357627869 0.0 -0.27000001072883606 0.0 0.0 0.0 -0.18000000715255737 0.0 0.0 -0.27000001072883606 0.0 0.0 0.0 -0.18000000715255737 0.0 0.0 -0.18000000715255737 0.0 0.0 0.0 0.0 0.0 -0.699999988079071 0.0 0.0 -0.800000011920929 0.0 0.0 -0.800000011920929 0.0 0.0 0.0 0.0 -0.6600000262260437 0.0 -0.27000001072883606 0.0 0.0 0.0 -0.18000000715255737 0.0 0.0 -0.09000000357627869 0.0 -0.27000001072883606 0.0 0.0 0.0 -0.27000001072883606 0.0 0.0 0.0 -0.18000000715255737 0.0 0.0 0.0 -0.550000011920929 -0.6200000047683716 0.0 0.0 0.0 0.0 0.0 -0.6600000262260437 0.0 0.0 0.0 -0.6600000262260437 0.0
331 0.0 0.0 -0.09000000357627869 0.0 -0.27000001072883606 0.0 0.0 -0.18000000715255737 0.0 0.0 0.0 -0.550000011920929 -0.6200000047683716 0.0 -0.18000000715255737 0.0 0.0 -0.2800000011920929 0.0 0.0 0.0 -0.7599999904632568 -0.7599999904632568 -0.18000000715255737 0.0 0.0 -0.18000000715255737 0.0 0.0 -0.18000000715255737 0.0 0.0 0.0 0.0 0.0 -0.30000001192092896 0.0 0.0 0.0 -0.18000000715255737 0.0 0.0 -0.09000000357627869 0.0 -0.27000001072883606 0.0 0.0 0.0 -0.27000001072883606 0.0 0.0 0.0 -0.05000000074505806 0.0 0.0 0.0 0.0 0.0 -0.5099999904632568 0.0 -0.5099999904632568 0.0 0.0 0.0 -0.18000000715255737 0.0 0.0 -0.18000000715255737 0.0 0.0 -0.18000000715255737 0.0 0.0 0.0 0.0 0.0 -0.30000001192092896 0.0 0.0 0.0 -0.09000000357627869 0.0 -0.27000001072883606 0.0 0.0 0.0 -0.18000000715255737 0.0 0.0 -0.27000001072883606 0.0 0.0 0.0 -0.18000000715255737 0.0 0.0 -0.18000000715255737 0.0 0.0 0.0 0.0 0.0 -0.699999988079071 0.0 0.0 -0.800000011920929 0.0 0.0 -0.800000011920929 0.0 0.0 0.0 0.0 -0.6600000262260437 0.0 -0.27000001072883606 0.0 0.0 0.0 -0.18000000715255737 0.0 0.0 -0.09000000357627869 0.0 -0.27000001072883606 0.0 0.0 0.0 -0.27000001072883606 0.0 0.0 0.0 -0.18000000715255737 0.0 0.0 0.0 -0.550000011920929 -0.6200000047683716 0.0 0.0 0.0 0.0 0.0 -0.6600000262260437 0.0 0.0 0.0 -0.6600000262260437 0.0 -0.27000001072883606 0.0 0.0 0.0 -0.18000000715255737 0.0 0.0 -0.27000001072883606 0.0 0.0
332 0.0 -0.23000000417232513 0.0 -0.09000000357627869 0.0 -0.27000001072883606 0.0 0.0 0.0 -0.18000000715255737 0.0 0.0 -0.27000001072883606 0.0 -0.18000000715255737 0.0 0.0 0.0 -0.550000011920929 -0.18000000715255737 0.0 0.0 -0.2800000011920929 0.0 0.0 0.0 -0.7599999904632568 -0.7599999904632568 -0.18000000715255737 0.0 0.0 -0.18000000715255737 0.0 0.0 -0.18000000715255737 0.0 0.0 0.0 0.0 0.0 -0.30000001192092896 0.0 0.0 0.0 -0.18000000715255737 0.0 0.0 -0.09000000357627869 0.0 -0.27000001072883606 0.0 0.0 0.0 -0.27000001072883606 0.0 0.0 0.0 -0.05000000074505806 0.0 0.0 0.0 0.0 0.0 -0.5099999904632568 0.0 -0.5099999904632568 0.0 0.0 0.0 -0.18000000715255737 0.0 0.0 -0.18000000715255737 0.0 0.0 -0.18000000715255737 0.0 0.0 0.0 0.0 0.0 -0.30000001192092896 0.0 0.0 0.0 -0.09000000357627869 0.0 -0.27000001072883606 0.0 0.0 0.0 -0.18000000715255737 0.0 0.0 -0.27000001072883606 0.0 0.0 0.0 -0.18000000715255737 0.0 0.0 -0.18000000715255737 0.0 0.0 0.0 0.0 0.0 -0.699999988079071 0.0 0.0 -0.800000011920929 0.0 0.0 -0.800000011920929 0.0 0.0 0.0 0.0 -0.6600000262260437 0.0 -0.27000001072883606 0.0 0.0 0.0 -0.18000000715255737 0.0 0.0 -0.09000000357627869 0.0 -0.27000001072883606 0.0 0.0 0.0 -0.27000001072883606 0.0 0.0 0.0 -0.18000000715255737 0.0 0.0 0.0 -0.550000011920929 -0.6200000047683716 0.0 0.0 0.0 0.0 0.0 -0.6600000262260437 0.0 0.0 0.0 -0.6600000262260437 0.0 -0.27000001072883606 0.0 0.0 0.0 -0.18000000715255737 0.0 0.0 -0.09000000357627869 0.0 -0.27000001072883606 0.0 0.0 -0.27000001072883606 0.0 0.0 0.0 -0.18000000715255737 0.0 -0.18000000715255737 0.0 0.0 -0.18000000715255737 0.0 0.0 0.0 0.0 0.0 -0.30000001192092896 0.0 0.0
333 0.0 -0.800000011920929 0.0 0.0 0.0 -0.18000000715255737 0.0 0.0 0.0 -0.11999999731779099 0.0 -0.11999999731779099 0.0 -0.09000000357627869 0.0 -0.27000001072883606 0.0 0.0 -0.27000001072883606 0.0 0.0 -0.18000000715255737 0.0 0.0 -0.18000000715255737 0.0 0.0 -0.18000000715255737 0.0 -0.18000000715255737 0.0 0.0 -0.18000000715255737 0.0 0.0 0.0 0.0 0.0 -0.699999988079071 0.0 0.0 -0.800000011920929 0.0 0.0 -0.800000011920929 0.0 0.0 -0.10999999940395355 0.0 0.0 -0.23000000417232513 0.0 -0.09000000357627869 0.0 -0.27000001072883606 0.0 0.0 0.0 -0.18000000715255737 0.0 -0.18000000715255737 0.0 0.0 0.0 -0.550000011920929 -0.6200000047683716 0.0 0.0 -0.18000000715255737 0.0 0.0 -0.2800000011920929 0.0 0.0 0.0 -0.18000000715255737 0.0 0.0 -0.18000000715255737 0.0 0.0 0.0 -0.18000000715255737 0.0 0.0 -0.09000000357627869 0.0 -0.27000001072883606 0.0 0.0 0.0 -0.27000001072883606 0.0 0.0 0.0 -0.05000000074505806 0.0 0.0 0.0 0.0 0.0 -0.5099999904632568 0.0 -0.5099999904632568 0.0 0.0 0.0 -0.18000000715255737 0.0 0.0 -0.18000000715255737 0.0 0.0 -0.18000000715255737 0.0 0.0 0.0 0.0 0.0 -0.30000001192092896 -0.09000000357627869 0.0 -0.27000001072883606 0.0 0.0 0.0 -0.18000000715255737 0.0 0.0 -0.27000001072883606 0.0 0.0 0.0 -0.18000000715255737 0.0 0.0 -0.18000000715255737 0.0 0.0 0.0 0.0 0.0 -0.699999988079071 0.0 0.0 -0.800000011920929 0.0 0.0 -0.800000011920929 0.0 0.0 0.0 0.0 -0.6600000262260437 0.0 -0.27000001072883606 0.0 0.0 0.0 -0.18000000715255737 0.0 0.0 -0.09000000357627869 0.0 -0.27000001072883606 0.0 0.0 0.0 -0.27000001072883606 0.0 0.0 0.0 -0.18000000715255737 0.0 0.0 0.0 -0.550000011920929 -0.6200000047683716 0.0 0.0 0.0 0.0 0.0 -0.6600000262260437 0.0 0.0 0.0 -0.6600000262260437 0.0 -0.27000001072883606 0.0 0.0 0.0 -0.18000000715255737 0.0 0.0 -0.09000000357627869 0.0 -0.27000001072883606 0.0 0.0 0.0 -0.18000000715255737 0.0 0.0 -0.18000000715255737 0.0 0.0 -0.18000000715255737 0.0 0.0 0.0 0.0 0.0 -0.30000001192092896 0.0 0.0 0.0 -0.10999999940395355 0.0 0.0
334 0.0 0.0 0.0 0.0 -0.18000000715255737 0.0 0.0 0.0 0.0 0.0 -0.699999988079071 0.0 0.0 -0.800000011920929 0.0 0.0 -0.800000011920929 0.0 0.0 -0.18000000715255737 -0.2800000011920929 0.0 0.0 0.0 -0.7599999904632568 -0.18000000715255737 0.0 0.0 -0.18000000715255737 0.0 0.0 -0.09000000357627869 0.0 0.0 -0.27000001072883606 0.0 0.0 0.0 -0.05000000074505806 0.0 0.0 0.0 0.0 0.0 -0.5099999904632568 0.0 -0.5099999904632568 0.0 0.0 0.0 -0.18000000715255737 0.0 0.0 -0.18000000715255737 0.0 0.0 -0.18000000715255737 0.0 0.0 0.0 0.0 0.0 -0.30000001192092896 0.0 0.0 0.0 -0.09000000357627869 0.0 -0.27000001072883606 0.0 0.0 0.0 -0.18000000715255737 0.0 0.0 -0.27000001072883606 0.0 0.0 0.0 -0.18000000715255737 0.0 0.0 -0.18000000715255737 0.0 0.0 0.0 0.0 0.0 -0.699999988079071 0.0 0.0 -0.800000011920929 0.0 0.0 -0.800000011920929 0.0 0.0 0.0 0.0 -0.6600000262260437 0.0 -0.27000001072883606 0.0 0.0 0.0 -0.18000000715255737 0.0 0.0 -0.09000000357627869 0.0 -0.27000001072883606 0.0 0.0 0.0 -0.27000001072883606 0.0 0.0 0.0 -0.18000000715255737 0.0 0.0 0.0 -0.550000011920929 -0.6200000047683716 0.0 0.0 0.0 0.0 0.0 -0.6600000262260437 0.0 0.0 0.0 -0.6600000262260437 0.0 -0.27000001072883606 0.0 0.0 0.0 -0.18000000715255737 0.0 0.0 -0.09000000357627869 0.0 -0.27000001072883606 0.0 0.0 0.0 -0.27000001072883606 0.0 0.0 0.0 -0.18000000715255737 0.0 0.0 -0.18000000715255737 0.0 0.0 -0.18000000715255737 0.0 0.0 0.0 0.0 0.0 -0.10999999940395355 0.0 0.0 -0.23000000417232513 0.0 -0.18000000715255737 0.0 -0.18000000715255737 0.0 0.0 0.0 0.0
335 -0.800000011920929 0.0 0.0 0.0 0.0 -0.18000000715255737 0.0 0.0 -0.18000000715255737 0.0 0.0 -0.18000000715255737 0.0 0.0 -0.18000000715255737 0.0 0.0 0.0 0.0 -0.05000000074505806 0.0 0.0 0.0 0.0 0.0 -0.5099999904632568 0.0 -0.5099999904632568 0.0 0.0 0.0 -0.18000000715255737 0.0 0.0 -0.18000000715255737 0.0 0.0 -0.18000000715255737 0.0 0.0 0.0 0.0 0.0 -0.30000001192092896 0.0 0.0 0.0 -0.09000000357627869 0.0 -0.27000001072883606 0.0 0.0 0.0 -0.18000000715255737 0.0 0.0 -0.27000001072883606 0.0 0.0 0.0 -0.18000000715255737 0.0 0.0 -0.18000000715255737 0.0 0.0 0.0 0.0 0.0 -0.699999988079071 0.0 0.0 -0.800000011920929 0.0 0.0 0.0 0.0 -0.6600000262260437 0.0 -0.27000001072883606 0.0 0.0 0.0 -0.18000000715255737 0.0 0.0 -0.09000000357627869 0.0 -0.27000001072883606 0.0 0.0 0.0 -0.27000001072883606 0.0 0.0 0.0 -0.18000000715255737 0.0 0.0 0.0 -0.550000011920929 -0.6200000047683716 0.0 0.0 0.0 0.0 0.0 -0.6600000262260437 0.0 0.0 0.0 -0.6600000262260437 0.0 -0.27000001072883606 0.0 0.0 0.0 -0.18000000715255737 0.0 0.0 -0.09000000357627869 0.0 -0.27000001072883606 0.0 0.0 0.0 -0.27000001072883606 0.0 0.0 0.0 -0.18000000715255737 0.0 0.0 -0.18000000715255737 0.0 0.0 -0.18000000715255737 0.0 0.0 0.0 0.0 0.0 -0.30000001192092896 0.0 0.0 0.0 -0.10999999940395355 0.0 0.0 -0.23000000417232513 0.0 -0.18000000715255737 0.0 0.0 -0.18000000715255737 0.0 0.0 -0.18000000715255737 0.0 0.0 0.0 0.0 0.0 -0.18000000715255737 0.0 -0.2800000011920929 0.0 0.0 0.0 -0.7599999904632568 -0.7599999904632568
336 0.0 0.0 -0.18000000715255737 0.0 0.0 -0.09000000357627869 0.0 -0.27000001072883606 0.0 0.0 0.0 -0.05000000074505806 0.0 0.0 0.0 -0.5099999904632568 -0.5099999904632568 0.0 0.0 0.0 -0.18000000715255737 0.0 0.0 -0.18000000715255737 0.0 0.0 -0.18000000715255737 0.0 0.0 0.0 0.0 0.0 -0.09000000357627869 0.0 -0.27000001072883606 0.0 0.0 0.0 -0.18000000715255737 0.0 0.0 -0.27000001072883606 0.0 0.0 0.0 -0.18000000715255737 0.0 0.0 -0.18000000715255737 0.0 0.0 0.0 0.0 0.0 -0.699999988079071 0.0 0.0 -0.800000011920929 0.0 0.0 -0.800000011920929 0.0 0.0 0.0 0.0 -0.6600000262260437 0.0 -0.27000001072883606 0.0 0.0 0.0 -0.18000000715255737 0.0 0.0 -0.09000000357627869 0.0 -0.27000001072883606 0.0 0.0 0.0 -0.27000001072883606 0.0 0.0 0.0 -0.18000000715255737 0.0 0.0 0.0 -0.550000011920929 -0.6200000047683716 0.0 0.0 0.0 0.0 0.0 -0.6600000262260437 0.0 0.0 0.0 -0.6600000262260437 0.0 -0.27000001072883606 0.0 0.0 0.0 -0.18000000715255737 0.0 0.0 -0.09000000357627869 0.0 -0.27000001072883606 0.0 0.0 0.0 -0.27000001072883606 0.0 0.0 0.0 -0.18000000715255737 0.0 0.0 -0.18000000715255737 0.0 0.0 -0.18000000715255737 0.0 0.0 0.0 0.0 0.0 -0.30000001192092896 0.0 0.0 0.0 -0.10999999940395355 0.0 0.0 -0.23000000417232513 0.0 -0.18000000715255737 0.0 0.0 -0.18000000715255737 0.0 0.0 -0.18000000715255737 0.0 -0.18000000715255737 0.0 0.0 -0.2800000011920929 0.0 0.0 0.0 -0.7599999904632568 -0.7599999904632568 -0.05000000074505806 0.0 0.0
337 0.0 0.0 0.0 -0.6600000262260437 0.0 -0.18000000715255737 0.0 0.0 -0.18000000715255737 0.0 0.0 0.0 0.0 -0.699999988079071 0.0 -0.800000011920929 0.0 0.0 -0.800000011920929 0.0 -0.18000000715255737 0.0 0.0 -0.18000000715255737 0.0 0.0 0.0 0.0 0.0 -0.699999988079071 0.0 0.0 -0.800000011920929 0.0 0.0 -0.800000011920929 0.0 0.0 0.0 -0.30000001192092896 0.0 0.0 -0.05000000074505806 0.0 0.0 0.0 -0.5099999904632568 0.0 -0.5099999904632568 0.0 0.0 0.0 -0.18000000715255737 0.0 0.0 -0.18000000715255737 0.0 0.0 -0.09000000357627869 0.0 -0.27000001072883606 0.0 0.0 0.0 -0.18000000715255737 0.0 0.0 -0.27000001072883606 0.0 -0.18000000715255737 0.0 0.0 -0.18000000715255737 0.0 0.0 0.0 0.0 0.0 -0.699999988079071 0.0 0.0 -0.800000011920929 0.0 0.0 0.0 -0.6600000262260437 0.0 -0.27000001072883606 0.0 0.0 0.0 -0.18000000715255737 0.0 0.0 -0.09000000357627869 0.0 -0.27000001072883606 0.0 0.0 0.0 -0.27000001072883606 0.0 0.0 0.0 -0.18000000715255737 0.0 0.0 0.0 -0.550000011920929 -0.6200000047683716 0.0 0.0 0.0 0.0 0.0 -0.6600000262260437 0.0 0.0 0.0 -0.6600000262260437 0.0 -0.27000001072883606 0.0 0.0 0.0 -0.18000000715255737 0.0 0.0 -0.09000000357627869 0.0 -0.27000001072883606 0.0 0.0 0.0 -0.27000001072883606 0.0 0.0 0.0 -0.18000000715255737 0.0 0.0 -0.18000000715255737 0.0 0.0 -0.18000000715255737 0.0 0.0 0.0 0.0 0.0 -0.30000001192092896 0.0 0.0 0.0 -0.10999999940395355 0.0 0.0 -0.23000000417232513 0.0 -0.18000000715255737 0.0 0.0 -0.18000000715255737 0.0 0.0 -0.18000000715255737 0.0 0.0 0.0 0.0 0.0 -0.30000001192092896 0.0 -0.18000000715255737 0.0 0.0 -0.2800000011920929 0.0 0.0 0.0 -0.7599999904632568 -0.7599999904632568 -0.05000000074505806 0.0 0.0 0.0 0.0 0.0 -0.5099999904632568 0.0 -0.2800000011920929 0.0 0.0 -0.7599999904632568 -0.7599999904632568
338 -0.18000000715255737 0.0 0.0 -0.14000000059604645 0.0 0.0 0.0 0.0 0.0 -0.6600000262260437 0.0 0.0 -0.18000000715255737 0.0 0.0 0.0 0.0 0.0 -0.699999988079071 0.0 0.0 -0.800000011920929 0.0 0.0 -0.800000011920929 0.0 0.0 -0.5099999904632568 0.0 0.0 0.0 -0.18000000715255737 -0.18000000715255737 0.0 0.0 -0.18000000715255737 0.0 0.0 0.0 -0.09000000357627869 0.0 -0.27000001072883606 0.0 0.0 0.0 -0.18000000715255737 0.0 0.0 -0.18000000715255737 0.0 0.0 0.0 0.0 0.0 0.0 0.0 -0.6600000262260437 0.0 -0.27000001072883606 0.0 0.0 0.0 -0.18000000715255737 0.0 0.0 -0.09000000357627869 0.0 -0.27000001072883606 0.0 0.0 0.0 -0.27000001072883606 0.0 0.0 0.0 -0.18000000715255737 0.0 0.0 0.0 -0.550000011920929 -0.6200000047683716 0.0 0.0 0.0 0.0 0.0 -0.6600000262260437 0.0 0.0 0.0 -0.6600000262260437 0.0 -0.27000001072883606 0.0 0.0 0.0 -0.18000000715255737 0.0 0.0 -0.09000000357627869 0.0 -0.27000001072883606 0.0 0.0 0.0 -0.27000001072883606 0.0 0.0 0.0 -0.18000000715255737 0.0 0.0 -0.18000000715255737 0.0 0.0 -0.18000000715255737 0.0 0.0 0.0 0.0 0.0 -0.30000001192092896 0.0 0.0 0.0 -0.10999999940395355 0.0 0.0 -0.23000000417232513 0.0 -0.18000000715255737 0.0 0.0 -0.18000000715255737 0.0 0.0 -0.18000000715255737 0.0 0.0 0.0 0.0 0.0 -0.30000001192092896 0.0 0.0 0.0 -0.18000000715255737 0.0 0.0 -0.2800000011920929 0.0 0.0 0.0 -0.7599999904632568 -0.7599999904632568 -0.05000000074505806 0.0 0.0 0.0 0.0 -0.5099999904632568 0.0 -0.2800000011920929 0.0 0.0 0.0 -0.7599999904632568 -0.7599999904632568 -0.18000000715255737 0.0 -0.09000000357627869 0.0 -0.27000001072883606 0.0 0.0 0.0 0.0 -0.2800000011920929 0.0 0.0 0.0 -0.7599999904632568 -0.7599999904632568 -0.18000000715255737 0.0 0.0 0.0 -0.550000011920929 -0.6200000047683716 0.0 0.0
339 0.0 0.0 0.0 0.0 0.0 0.0 -0.09000000357627869 -0.27000001072883606 0.0 0.0 0.0 -0.18000000715255737 0.0 -0.18000000715255737 0.0 0.0 0.0 0.0 0.0 -0.6600000262260437 0.0 -0.27000001072883606 0.0 0.0 0.0 -0.18000000715255737 0.0 0.0 -0.09000000357627869 0.0 -0.27000001072883606 0.0 0.0 0.0 -0.27000001072883606 0.0 0.0 0.0 -0.18000000715255737 0.0 0.0 0.0 -0.550000011920929 -0.6200000047683716 0.0 0.0 0.0 0.0 0.0 -0.6600000262260437 0.0 0.0 0.0 -0.6600000262260437 0.0 -0.27000001072883606 0.0 0.0 0.0 -0.18000000715255737 0.0 0.0 -0.09000000357627869 0.0 -0.27000001072883606 0.0 0.0 0.0 -0.27000001072883606 0.0 0.0 0.0 -0.18000000715255737 0.0 0.0 -0.18000000715255737 0.0 0.0 -0.18000000715255737 0.0 0.0 0.0 0.0 0.0 -0.30000001192092896 0.0 0.0 0.0 -0.10999999940395355 0.0 0.0 -0.23000000417232513 0.0 -0.18000000715255737 0.0 0.0 -0.18000000715255737 0.0 0.0 -0.18000000715255737 0.0 0.0 0.0 0.0 0.0 -0.30000001192092896 0.0 0.0 0.0 -0.18000000715255737 0.0 0.0 -0.2800000011920929 0.0 0.0 0.0 -0.7599999904632568 -0.7599999904632568 -0.05000000074505806 0.0 0.0 0.0 0.0 0.0 -0.5099999904632568 0.0 0.0 -0.2800000011920929 0.0 0.0 0.0 -0.7599999904632568 -0.7599999904632568 -0.18000000715255737 0.0 0.0 -0.09000000357627869 0.0 -0.27000001072883606 0.0 0.0 0.0 -0.27000001072883606 0.0 0.0 0.0 -0.27000001072883606 0.0 0.0 -0.6200000047683716 0.0 0.0
34 0.0 0.0 -0.18000000715255737 0.0 0.0 -0.09000000357627869 0.0 -0.27000001072883606 0.0 0.0 0.0 -0.27000001072883606 0.0 0.0 0.0 -0.18000000715255737 0.0 0.0 0.0 -0.11999999731779099 0.0 -0.11999999731779099 0.0 0.0 -0.5400000214576721 0.0 -0.11999999731779099 0.0 -0.11999999731779099 0.0 -0.18000000715255737 0.0 0.0 -0.18000000715255737 0.0 0.0 -0.18000000715255737 0.0 0.0 0.0 0.0 0.0 -0.30000001192092896 0.0 0.0 0.0 -0.18000000715255737 0.0 0.0 -0.18000000715255737 0.0 0.0 -0.18000000715255737 0.0 0.0 0.0 0.0 0.0 -0.30000001192092896 0.0 0.0 0.0 -0.18000000715255737 0.0 0.0 -0.18000000715255737 0.0 0.0 -0.18000000715255737 0.0 0.0 0.0 0.0 0.0 -0.30000001192092896 0.0 0.0 0.0 -0.18000000715255737 0.0 -0.2800000011920929 0.0 0.0 0.0 0.0 0.0 0.0 -0.6600000262260437 0.0 -0.18000000715255737 0.0 0.0 0.0 -0.550000011920929 -0.6200000047683716 0.0 0.0 -0.18000000715255737 0.0 0.0 -0.18000000715255737 0.0 0.0 -0.18000000715255737 0.0 0.0 0.0 0.0 0.0 -0.30000001192092896 0.0 0.0 0.0 -0.18000000715255737 0.0 0.0 -0.029999999329447746 -0.15000000596046448 0.0 -0.5099999904632568 0.0 0.0 0.0 -0.25 0.0 -0.20000000298023224 0.0 -0.27000001072883606 0.0 -0.14000000059604645 0.0 -0.18000000715255737 0.0 0.0 -0.18000000715255737 0.0 0.0 -0.18000000715255737 0.0 0.0 0.0 0.0 0.0 -0.30000001192092896 0.0 0.0 0.0 -0.18000000715255737 0.0 0.0 -0.18000000715255737 0.0 0.0 -0.18000000715255737 0.0 0.0 0.0 0.0 0.0 0.0 -0.18000000715255737 0.0 0.0 0.0 -0.11999999731779099 0.0 -0.11999999731779099 0.0 -0.11999999731779099 0.0 -0.11999999731779099 0.0 -0.11999999731779099 0.0 0.0 -0.27000001072883606 0.0 0.0 0.0 0.0 0.0 0.0 -0.27000001072883606 0.0 0.0 0.0 -0.18000000715255737 0.0 0.0 -0.2800000011920929 0.0 0.0 0.0 -0.7599999904632568 -0.7599999904632568 -0.10999999940395355 0.0 0.0 -0.23000000417232513 0.0 -0.18000000715255737 0.0 0.0 -0.18000000715255737 0.0 0.0 -0.18000000715255737 0.0 0.0 0.0 0.0 0.0 -0.30000001192092896 0.0 0.0 0.0 -0.18000000715255737 0.0 0.0 -0.18000000715255737 0.0 0.0 -0.18000000715255737 0.0 0.0 0.0 0.0 0.0 -0.30000001192092896 0.0 0.0 0.0 -0.18000000715255737 0.0 0.0 -0.18000000715255737 0.0 0.0 -0.18000000715255737 0.0 0.0 -0.27000001072883606 0.0 0.0 0.0 -0.18000000715255737 0.0 0.0 0.0 -0.11999999731779099 0.0 -0.11999999731779099 0.0 -0.11999999731779099 0.0 -0.11999999731779099 0.0 -0.11999999731779099 0.0 -0.18000000715255737 0.0 0.0 -0.18000000715255737 0.0 0.0 -0.18000000715255737 0.0 0.0 0.0 0.0 0.0 0.0 -0.18000000715255737 0.0 0.0 -0.27000001072883606 0.0 0.0 -0.27000001072883606 0.0 0.0 -0.18000000715255737 0.0 0.0 0.0 -0.11999999731779099 0.0 -0.18000000715255737 0.0 0.0 0.0 -0.11999999731779099 0.0 -0.11999999731779099 0.0 0.0 -0.5400000214576721 0.0 -0.11999999731779099 0.0 -0.11999999731779099 0.0 -0.18000000715255737 0.0 0.0 0.0 -0.11999999731779099 0.0 -0.11999999731779099 0.0 -0.11999999731779099 0.0 -0.11999999731779099 0.0 -0.11999999731779099 0.0 -0.27000001072883606 0.0 0.0 0.0 -0.27000001072883606 0.0 0.0 0.0 0.0 0.0 -0.14000000059604645 0.0 -0.09000000357627869
340 0.0 0.0 0.0 -0.6600000262260437 0.0 0.0 -0.699999988079071 0.0 -0.800000011920929 0.0 0.0 -0.800000011920929 0.0 0.0 -0.27000001072883606 0.0 0.0 0.0 -0.18000000715255737 0.0 0.0 -0.18000000715255737 0.0 0.0 0.0 0.0 0.0 -0.27000001072883606 0.0 0.0 -0.18000000715255737 0.0 0.0 -0.09000000357627869 0.0 -0.27000001072883606 0.0 -0.27000001072883606 0.0 0.0 0.0 -0.18000000715255737 0.0 0.0 0.0 -0.550000011920929 -0.6200000047683716 0.0 0.0 0.0 0.0 0.0 -0.6600000262260437 0.0 0.0 0.0 -0.6600000262260437 0.0 -0.27000001072883606 0.0 0.0 0.0 -0.18000000715255737 0.0 0.0 -0.09000000357627869 0.0 -0.27000001072883606 0.0 0.0 0.0 -0.27000001072883606 0.0 0.0 0.0 -0.18000000715255737 0.0 0.0 -0.18000000715255737 0.0 0.0 -0.18000000715255737 0.0 0.0 0.0 0.0 0.0 -0.30000001192092896 0.0 0.0 0.0 -0.10999999940395355 0.0 0.0 -0.23000000417232513 0.0 -0.18000000715255737 0.0 0.0 -0.18000000715255737 0.0 0.0 -0.18000000715255737 0.0 0.0 0.0 0.0 0.0 -0.30000001192092896 0.0 0.0 -0.18000000715255737 0.0 0.0 -0.2800000011920929 0.0 0.0 0.0 -0.7599999904632568 -0.7599999904632568 -0.05000000074505806 0.0 0.0 0.0 0.0 0.0 -0.5099999904632568 0.0 -0.5099999904632568 0.0 0.0 0.0 -0.2800000011920929 0.0 0.0 0.0 -0.7599999904632568 -0.7599999904632568 -0.18000000715255737 0.0 0.0 -0.09000000357627869 0.0 -0.27000001072883606 0.0 0.0 0.0 -0.27000001072883606 -0.27000001072883606 0.0 0.0 0.0 -0.18000000715255737 0.0 -0.14000000059604645 0.0 0.0 -0.09000000357627869 -0.2199999988079071 0.0 0.0 0.0 0.0
341 -0.18000000715255737 0.0 0.0 -0.14000000059604645 0.0 0.0 -0.09000000357627869 0.0 0.0 0.0 0.0 -0.6600000262260437 0.0 -0.18000000715255737 0.0 0.0 -0.18000000715255737 0.0 0.0 0.0 0.0 0.0 -0.699999988079071 0.0 0.0 -0.18000000715255737 0.0 0.0 -0.18000000715255737 0.0 0.0 0.0 0.0 0.0 -0.699999988079071 0.0 0.0 -0.800000011920929 0.0 0.0 -0.800000011920929 0.0 0.0 -0.18000000715255737 0.0 0.0 -0.18000000715255737 0.0 0.0 0.0 0.0 0.0 -0.699999988079071 0.0 0.0 -0.800000011920929 0.0 0.0 -0.800000011920929 0.0 -0.11999999731779099 0.0 -0.11999999731779099 0.0 0.0 -0.27000001072883606 0.0 0.0 -0.18000000715255737 0.0 0.0 -0.27000001072883606 0.0 0.0 -0.18000000715255737 0.0 0.0 0.0 -0.550000011920929 -0.6200000047683716 0.0 0.0 0.0 -0.6600000262260437 0.0 0.0 0.0 -0.6600000262260437 0.0 -0.27000001072883606 0.0 0.0 0.0 -0.18000000715255737 0.0 0.0 -0.09000000357627869 0.0 -0.27000001072883606 0.0 0.0 0.0 -0.27000001072883606 0.0 0.0 0.0 -0.18000000715255737 0.0 0.0 -0.18000000715255737 0.0 0.0 -0.18000000715255737 0.0 0.0 0.0 0.0 0.0 -0.30000001192092896 0.0 0.0 0.0 -0.10999999940395355 0.0 0.0 -0.23000000417232513 0.0 -0.18000000715255737 0.0 0.0 -0.18000000715255737 0.0 0.0 -0.18000000715255737 0.0 0.0 0.0 0.0 0.0 -0.30000001192092896 0.0 0.0 0.0 -0.18000000715255737 0.0 0.0 -0.2800000011920929 0.0 0.0 0.0 -0.7599999904632568 -0.7599999904632568 -0.05000000074505806 0.0 0.0 0.0 0.0 0.0 -0.5099999904632568 0.0 -0.5099999904632568 0.0 0.0 0.0 -0.2800000011920929 0.0 0.0 0.0 -0.7599999904632568 -0.7599999904632568 -0.18000000715255737 0.0 0.0 -0.09000000357627869 0.0 -0.27000001072883606 0.0 0.0 0.0 -0.27000001072883606 0.0 0.0 0.0 -0.27000001072883606 0.0 0.0 0.0 -0.18000000715255737 0.0 0.0 -0.14000000059604645 0.0 0.0 -0.09000000357627869 -0.2199999988079071 0.0 0.0 0.0 -0.09000000357627869 0.0 -0.18000000715255737 0.0 -0.27000001072883606 0.0 0.0 0.0 -0.18000000715255737 0.0 0.0 -0.27000001072883606 0.0 0.0 -0.18000000715255737 0.0 0.0 -0.09000000357627869 0.0 -0.27000001072883606 0.0 0.0 0.0 -0.27000001072883606 0.0 0.0 0.0 -0.2800000011920929 0.0 0.0 0.0 -0.7599999904632568 -0.7599999904632568 0.0 0.0 -0.6200000047683716 0.0 0.0
342 -0.18000000715255737 0.0 0.0 -0.14000000059604645 0.0 0.0 0.0 0.0 0.0 0.0 -0.6600000262260437 0.0 0.0 -0.800000011920929 0.0 0.0 0.0 -0.18000000715255737 0.0 -0.09000000357627869 -0.27000001072883606 0.0 0.0 0.0 -0.18000000715255737 0.0 0.0 -0.550000011920929 0.0 0.0 0.0 -0.6600000262260437 0.0 0.0 0.0 -0.6600000262260437 0.0 -0.27000001072883606 0.0 0.0 0.0 -0.18000000715255737 0.0 0.0 -0.09000000357627869 0.0 -0.27000001072883606 0.0 0.0 0.0 -0.27000001072883606 0.0 0.0 0.0 -0.18000000715255737 0.0 0.0 -0.18000000715255737 0.0 0.0 -0.18000000715255737 0.0 0.0 0.0 0.0 0.0 -0.10999999940395355 0.0 0.0 -0.23000000417232513 0.0 -0.18000000715255737 0.0 0.0 -0.18000000715255737 0.0 0.0 -0.18000000715255737 0.0 0.0 0.0 0.0 0.0 -0.30000001192092896 0.0 0.0 0.0 -0.18000000715255737 0.0 0.0 -0.2800000011920929 0.0 0.0 0.0 -0.7599999904632568 -0.7599999904632568 -0.05000000074505806 0.0 0.0 0.0 0.0 0.0 -0.5099999904632568 0.0 -0.5099999904632568 0.0 0.0 0.0 -0.2800000011920929 0.0 0.0 0.0 -0.7599999904632568 -0.7599999904632568 -0.18000000715255737 0.0 0.0 -0.09000000357627869 0.0 -0.27000001072883606 0.0 0.0 0.0 -0.27000001072883606 0.0 0.0 0.0 -0.27000001072883606 0.0 0.0 0.0 -0.18000000715255737 0.0 0.0 -0.14000000059604645 0.0 0.0 -0.09000000357627869 -0.2199999988079071 0.0 0.0 0.0 -0.09000000357627869 0.0 -0.27000001072883606 0.0 0.0 0.0 -0.18000000715255737 0.0 0.0 -0.27000001072883606 0.0 0.0 0.0 -0.18000000715255737 0.0 0.0 -0.550000011920929 -0.6200000047683716 0.0 0.0 0.0 -0.18000000715255737 0.0 0.0 -0.18000000715255737 0.0 0.0 -0.09000000357627869 0.0 -0.27000001072883606 0.0 0.0 0.0 -0.27000001072883606 0.0 0.0 0.0 0.0 -0.18000000715255737 0.0 0.0 -0.2800000011920929 0.0 0.0 0.0 -0.7599999904632568 -0.7599999904632568 -0.09000000357627869 0.0 -0.27000001072883606 0.0 0.0 0.0 -0.18000000715255737 0.0 0.0 -0.27000001072883606 0.0 0.0 0.0 -0.18000000715255737 0.0 0.0 -0.18000000715255737 0.0 0.0 0.0 0.0 -0.18000000715255737 0.0 0.0 -0.18000000715255737 0.0 0.0 0.0 -0.550000011920929 -0.6200000047683716 0.0 0.0 -0.18000000715255737 0.0 0.0
343 0.0 0.0 -0.18000000715255737 0.0 0.0 0.0 -0.550000011920929 -0.6200000047683716 0.0 0.0 0.0 0.0 0.0 -0.6600000262260437 0.0 0.0 -0.6600000262260437 0.0 -0.27000001072883606 0.0 0.0 0.0 -0.18000000715255737 0.0 0.0 -0.09000000357627869 0.0 -0.27000001072883606 0.0 0.0 0.0 -0.27000001072883606 0.0 0.0 0.0 -0.18000000715255737 0.0 0.0 -0.18000000715255737 0.0 0.0 -0.18000000715255737 0.0 0.0 0.0 0.0 0.0 -0.30000001192092896 0.0 0.0 0.0 -0.10999999940395355 0.0 0.0 -0.23000000417232513 0.0 -0.18000000715255737 0.0 0.0 -0.18000000715255737 0.0 0.0 -0.18000000715255737 0.0 0.0 0.0 0.0 0.0 -0.30000001192092896 0.0 0.0 0.0 -0.18000000715255737 0.0 0.0 -0.2800000011920929 0.0 0.0 0.0 -0.7599999904632568 -0.7599999904632568 -0.05000000074505806 0.0 0.0 0.0 0.0 0.0 -0.5099999904632568 0.0 -0.5099999904632568 0.0 0.0 0.0 -0.2800000011920929 0.0 0.0 0.0 -0.7599999904632568 -0.7599999904632568 -0.18000000715255737 0.0 0.0 -0.09000000357627869 0.0 -0.27000001072883606 0.0 0.0 0.0 -0.27000001072883606 0.0 0.0 0.0 -0.27000001072883606 0.0 0.0 0.0 -0.18000000715255737 0.0 0.0 -0.14000000059604645 0.0 0.0 -0.09000000357627869 -0.2199999988079071 0.0 0.0 0.0 -0.09000000357627869 0.0 -0.27000001072883606 0.0 0.0 -0.18000000715255737 0.0 0.0 -0.27000001072883606 0.0 0.0 0.0 -0.18000000715255737 0.0 0.0 0.0 -0.550000011920929 -0.6200000047683716 0.0 0.0 -0.18000000715255737 0.0 0.0 -0.550000011920929 0.0 -0.09000000357627869 -0.27000001072883606 0.0 0.0 0.0 -0.27000001072883606 0.0 0.0 0.0 -0.7599999904632568 0.0
344 0.0 0.0 0.0 -0.6600000262260437 0.0 -0.18000000715255737 0.0 0.0 -0.18000000715255737 0.0 0.0 0.0 0.0 0.0 -0.699999988079071 0.0 0.0 -0.800000011920929 0.0 0.0 -0.800000011920929 0.0 0.0 -0.18000000715255737 0.0 0.0 0.0 -0.699999988079071 0.0 0.0 -0.800000011920929 0.0 0.0 -0.800000011920929 0.0 0.0 0.0 -0.11999999731779099 0.0 -0.11999999731779099 0.0 -0.11999999731779099 0.0 -0.11999999731779099 0.0 -0.11999999731779099 0.0 0.0 -0.18000000715255737 0.0 0.0 0.0 -0.6200000047683716 0.0 0.0 0.0 0.0 -0.18000000715255737 0.0 0.0 -0.27000001072883606 0.0 0.0 0.0 -0.6600000262260437 0.0 0.0 -0.27000001072883606 0.0 0.0 -0.18000000715255737 0.0 0.0 -0.09000000357627869 0.0 -0.27000001072883606 0.0 0.0 0.0 -0.27000001072883606 0.0 0.0 0.0 -0.18000000715255737 0.0 0.0 -0.18000000715255737 0.0 0.0 -0.18000000715255737 0.0 0.0 0.0 0.0 0.0 -0.30000001192092896 0.0 0.0 -0.10999999940395355 0.0 0.0 -0.23000000417232513 0.0 -0.18000000715255737 0.0 0.0 -0.18000000715255737 0.0 0.0 -0.18000000715255737 0.0 0.0 0.0 0.0 0.0 -0.30000001192092896 0.0 0.0 -0.18000000715255737 0.0 0.0 -0.2800000011920929 0.0 0.0 0.0 -0.7599999904632568 -0.7599999904632568 -0.05000000074505806 0.0 0.0 0.0 0.0 0.0 -0.5099999904632568 0.0 -0.5099999904632568 0.0 0.0 0.0 -0.2800000011920929 0.0 0.0 0.0 -0.7599999904632568 -0.7599999904632568 -0.18000000715255737 0.0 0.0 -0.09000000357627869 0.0 -0.27000001072883606 0.0 0.0 0.0 -0.27000001072883606 0.0 0.0 0.0 -0.27000001072883606 0.0 0.0 0.0 -0.18000000715255737 0.0 0.0 -0.14000000059604645 0.0 0.0 -0.09000000357627869 -0.2199999988079071 0.0 0.0 0.0 -0.09000000357627869 0.0 -0.27000001072883606 0.0 0.0 0.0 -0.18000000715255737 0.0 0.0 -0.27000001072883606 0.0 0.0 0.0 -0.18000000715255737 0.0 0.0 0.0 -0.550000011920929 -0.6200000047683716 0.0 0.0 -0.18000000715255737 0.0 0.0 -0.18000000715255737 0.0 0.0 0.0 -0.550000011920929 -0.6200000047683716 0.0 0.0 0.0 -0.15000000596046448 0.0 -0.5099999904632568 0.0 0.0 -0.27000001072883606 0.0 -0.14000000059604645 0.0 0.0 -0.14000000059604645 0.0 0.0 -0.09000000357627869 -0.2199999988079071 0.0 0.0 0.0 -0.18000000715255737 0.0 0.0 0.0 -0.550000011920929 -0.6200000047683716 0.0 0.0 -0.18000000715255737 0.0 0.0 0.0 -0.18000000715255737 0.0 0.0 -0.09000000357627869 0.0 -0.27000001072883606 0.0 0.0 0.0 -0.27000001072883606 0.0 0.0 0.0 0.0 -0.7599999904632568 0.0 -0.27000001072883606 0.0
345 -0.18000000715255737 0.0 0.0 -0.14000000059604645 0.0 0.0 0.0 0.0 0.0 -0.6600000262260437 0.0 -0.18000000715255737 0.0 0.0 -0.18000000715255737 0.0 0.0 0.0 0.0 0.0 -0.699999988079071 0.0 0.0 -0.800000011920929 0.0 0.0 -0.800000011920929 0.0 0.0 -0.11999999731779099 0.0 -0.11999999731779099 0.0 0.0 0.0 -0.6600000262260437 -0.27000001072883606 0.0 0.0 0.0 -0.18000000715255737 0.0 0.0 -0.09000000357627869 0.0 -0.27000001072883606 0.0 0.0 0.0 -0.18000000715255737 0.0 0.0 -0.18000000715255737 0.0 0.0 -0.18000000715255737 0.0 -0.10999999940395355 0.0 0.0 -0.23000000417232513 0.0 -0.18000000715255737 0.0 0.0 -0.18000000715255737 0.0 0.0 -0.18000000715255737 0.0 0.0 0.0 0.0 0.0 -0.30000001192092896 0.0 0.0 0.0 -0.18000000715255737 0.0 0.0 -0.2800000011920929 0.0 0.0 0.0 -0.7599999904632568 -0.7599999904632568 -0.05000000074505806 0.0 0.0 0.0 0.0 0.0 -0.5099999904632568 0.0 -0.5099999904632568 0.0 0.0 0.0 -0.2800000011920929 0.0 0.0 0.0 -0.7599999904632568 -0.7599999904632568 -0.18000000715255737 0.0 0.0 -0.09000000357627869 0.0 -0.27000001072883606 0.0 0.0 0.0 -0.27000001072883606 0.0 0.0 0.0 -0.27000001072883606 0.0 0.0 0.0 -0.18000000715255737 0.0 0.0 -0.14000000059604645 0.0 0.0 -0.09000000357627869 -0.2199999988079071 0.0 0.0 0.0 -0.09000000357627869 0.0 -0.27000001072883606 0.0 0.0 0.0 -0.18000000715255737 0.0 0.0 -0.27000001072883606 0.0 0.0 0.0 -0.18000000715255737 0.0 0.0 0.0 -0.550000011920929 -0.6200000047683716 0.0 0.0 -0.18000000715255737 0.0 0.0 -0.18000000715255737 0.0 0.0 0.0 -0.550000011920929 -0.18000000715255737 0.0 0.0 -0.09000000357627869 0.0 -0.27000001072883606 0.0 0.0 0.0 -0.18000000715255737 0.0 -0.09000000357627869 0.0 -0.27000001072883606 0.0 0.0 0.0 0.0 -0.029999999329447746 -0.15000000596046448 0.0 -0.5099999904632568 0.0 0.0 0.0 -0.25 0.0 -0.20000000298023224 0.0 -0.27000001072883606 0.0 -0.14000000059604645 0.0 -0.18000000715255737 0.0 0.0 0.0 -0.550000011920929 -0.6200000047683716 0.0 0.0 -0.18000000715255737 0.0 0.0 -0.09000000357627869 0.0 -0.27000001072883606 0.0 0.0 0.0 -0.18000000715255737 0.0 0.0 -0.09000000357627869 0.0 -0.27000001072883606 0.0 0.0 0.0 -0.27000001072883606 0.0 0.0 0.0 -0.09000000357627869 0.0 -0.18000000715255737 0.0 -0.27000001072883606 0.0 0.0 0.0 0.0 -0.2800000011920929 0.0 0.0 0.0 -0.7599999904632568 -0.7599999904632568 -0.09000000357627869 0.0 -0.27000001072883606 0.0 0.0 0.0 -0.18000000715255737 0.0 0.0 -0.27000001072883606 0.0 0.0 0.0 0.0 -0.18000000715255737 0.0 0.0 0.0 -0.550000011920929 -0.6200000047683716 0.0 0.0
346 0.0 -0.18000000715255737 0.0 0.0 -0.09000000357627869 0.0 -0.27000001072883606 0.0 0.0 0.0 -0.27000001072883606 0.0 0.0 0.0 -0.18000000715255737 0.0 0.0 -0.18000000715255737 0.0 0.0 -0.10999999940395355 0.0 0.0 -0.23000000417232513 0.0 -0.18000000715255737 0.0 0.0 -0.18000000715255737 0.0 0.0 -0.18000000715255737 0.0 0.0 0.0 0.0 0.0 -0.30000001192092896 0.0 0.0 0.0 -0.18000000715255737 0.0 0.0 -0.2800000011920929 0.0 0.0 0.0 -0.7599999904632568 -0.7599999904632568 -0.05000000074505806 0.0 0.0 0.0 0.0 0.0 -0.5099999904632568 0.0 -0.5099999904632568 0.0 0.0 0.0 -0.2800000011920929 0.0 0.0 0.0 -0.7599999904632568 -0.7599999904632568 -0.18000000715255737 0.0 0.0 -0.09000000357627869 0.0 -0.27000001072883606 0.0 0.0 0.0 -0.27000001072883606 0.0 0.0 0.0 -0.27000001072883606 0.0 0.0 0.0 -0.18000000715255737 0.0 0.0 -0.14000000059604645 0.0 0.0 -0.09000000357627869 -0.2199999988079071 0.0 0.0 0.0 -0.09000000357627869 0.0 -0.27000001072883606 0.0 0.0 0.0 -0.18000000715255737 0.0 0.0 -0.27000001072883606 0.0 0.0 0.0 -0.18000000715255737 0.0 0.0 0.0 -0.550000011920929 -0.6200000047683716 0.0 0.0 -0.18000000715255737 0.0 0.0 -0.18000000715255737 0.0 0.0 0.0 -0.550000011920929 -0.6200000047683716 -0.18000000715255737 0.0 0.0 -0.09000000357627869 0.0 0.0 -0.27000001072883606 0.0 0.0 -0.18000000715255737 0.0 0.0 -0.09000000357627869 0.0 -0.27000001072883606 0.0 0.0 0.0 -0.27000001072883606 0.0 0.0 0.0 -0.2800000011920929 0.0 0.0 0.0 -0.7599999904632568 -0.7599999904632568 -0.15000000596046448 0.0 -0.5099999904632568 0.0 0.0 0.0 -0.20000000298023224 0.0 -0.27000001072883606 0.0 -0.14000000059604645 0.0 0.0 0.0 -0.550000011920929 -0.18000000715255737 0.0 0.0 -0.09000000357627869 0.0 -0.27000001072883606 0.0 0.0 0.0 -0.27000001072883606 0.0 0.0 0.0 0.0 0.0 0.0 0.0 -0.7599999904632568 -0.09000000357627869 0.0 -0.27000001072883606 0.0 0.0 0.0 -0.18000000715255737 0.0 0.0 -0.27000001072883606 0.0 0.0 0.0 -0.18000000715255737 0.0 0.0 -0.18000000715255737 0.0 -0.550000011920929 -0.6200000047683716 0.0 0.0 0.0
347 0.0 0.0 0.0 -0.18000000715255737 0.0 0.0 -0.10999999940395355 0.0 -0.23000000417232513 -0.18000000715255737 0.0 0.0 -0.18000000715255737 0.0 0.0 -0.18000000715255737 0.0 0.0 -0.18000000715255737 0.0 0.0 -0.2800000011920929 0.0 0.0 0.0 -0.7599999904632568 -0.7599999904632568 -0.05000000074505806 0.0 0.0 0.0 0.0 0.0 -0.5099999904632568 0.0 -0.5099999904632568 0.0 0.0 0.0 -0.2800000011920929 0.0 0.0 0.0 -0.7599999904632568 -0.7599999904632568 -0.18000000715255737 0.0 0.0 -0.09000000357627869 0.0 -0.27000001072883606 0.0 0.0 0.0 -0.27000001072883606 0.0 0.0 0.0 -0.27000001072883606 0.0 0.0 0.0 -0.18000000715255737 0.0 0.0 -0.14000000059604645 0.0 0.0 -0.09000000357627869 -0.2199999988079071 0.0 0.0 0.0 -0.09000000357627869 0.0 -0.27000001072883606 0.0 0.0 0.0 -0.18000000715255737 0.0 0.0 -0.27000001072883606 0.0 0.0 0.0 -0.18000000715255737 0.0 0.0 0.0 -0.550000011920929 -0.6200000047683716 0.0 0.0 -0.18000000715255737 0.0 0.0 -0.18000000715255737 0.0 0.0 0.0 -0.550000011920929 -0.6200000047683716 0.0 0.0 -0.18000000715255737 0.0 0.0 -0.09000000357627869 0.0 -0.27000001072883606 0.0 0.0 -0.27000001072883606 0.0 0.0 0.0 -0.18000000715255737 0.0 0.0 -0.09000000357627869 0.0 -0.27000001072883606 0.0 0.0 0.0 -0.27000001072883606 0.0 0.0 -0.2800000011920929 0.0 0.0 0.0 -0.7599999904632568 -0.7599999904632568 0.0 -0.029999999329447746 -0.15000000596046448 0.0 -0.5099999904632568 0.0 0.0 0.0 -0.20000000298023224 -0.27000001072883606 0.0 -0.14000000059604645 0.0 0.0 0.0 -0.550000011920929 -0.6200000047683716 0.0 0.0 -0.18000000715255737 0.0 0.0 -0.09000000357627869 0.0 -0.27000001072883606 0.0 0.0 0.0 -0.27000001072883606 0.0 0.0 0.0 0.0
348 0.0 -0.18000000715255737 0.0 0.0 -0.18000000715255737 0.0 0.0 0.0 0.0 0.0 -0.699999988079071 0.0 0.0 -0.800000011920929 0.0 0.0 -0.800000011920929 0.0 0.0 -0.11999999731779099 0.0 -0.11999999731779099 0.0 -0.11999999731779099 0.0 -0.18000000715255737 0.0 0.0 0.0 -0.6200000047683716 0.0 0.0 0.0 0.0 -0.10999999940395355 0.0 0.0 -0.23000000417232513 0.0 -0.18000000715255737 0.0 0.0 -0.18000000715255737 0.0 -0.18000000715255737 0.0 0.0 0.0 0.0 -0.30000001192092896 0.0 0.0 -0.18000000715255737 0.0 0.0 -0.2800000011920929 0.0 0.0 -0.05000000074505806 0.0 0.0 0.0 0.0 0.0 -0.5099999904632568 0.0 -0.5099999904632568 0.0 0.0 0.0 -0.2800000011920929 0.0 0.0 0.0 -0.7599999904632568 -0.7599999904632568 -0.18000000715255737 0.0 0.0 -0.09000000357627869 0.0 -0.27000001072883606 0.0 0.0 0.0 -0.27000001072883606 0.0 0.0 0.0 -0.27000001072883606 0.0 0.0 0.0 -0.18000000715255737 0.0 0.0 -0.14000000059604645 0.0 0.0 -0.09000000357627869 -0.2199999988079071 0.0 0.0 0.0 -0.09000000357627869 0.0 -0.27000001072883606 0.0 0.0 0.0 -0.18000000715255737 0.0 0.0 -0.27000001072883606 0.0 0.0 0.0 -0.18000000715255737 0.0 0.0 0.0 -0.550000011920929 -0.6200000047683716 0.0 0.0 -0.18000000715255737 0.0 0.0 -0.18000000715255737 0.0 0.0 0.0 -0.550000011920929 -0.6200000047683716 0.0 0.0 -0.18000000715255737 0.0 0.0 -0.09000000357627869 0.0 -0.27000001072883606 0.0 0.0 0.0 -0.27000001072883606 0.0 0.0 0.0 -0.18000000715255737 0.0 0.0 -0.09000000357627869 0.0 -0.27000001072883606 0.0 0.0 0.0 -0.27000001072883606 0.0 0.0 0.0 -0.2800000011920929 0.0 0.0 0.0 -0.7599999904632568 -0.7599999904632568 -0.2800000011920929 0.0 0.0 -0.7599999904632568 0.0 -0.09000000357627869 -0.27000001072883606 0.0 0.0 0.0 -0.27000001072883606 0.0 0.0 0.0 -0.11999999731779099 0.0 -0.11999999731779099 0.0 -0.18000000715255737 0.0 0.0 -0.029999999329447746 -0.15000000596046448 0.0 -0.5099999904632568 0.0 0.0 0.0 -0.25 0.0 -0.20000000298023224 0.0 -0.27000001072883606 0.0 -0.14000000059604645 0.0 0.0 -0.18000000715255737 0.0 0.0 -0.14000000059604645 0.0 0.0 -0.09000000357627869 -0.2199999988079071 0.0 0.0 0.0 -0.18000000715255737 0.0 0.0 0.0 -0.550000011920929 -0.6200000047683716 0.0 0.0 0.0 -0.6600000262260437 0.0 0.0 -0.18000000715255737 0.0 0.0 -0.09000000357627869 0.0 -0.27000001072883606 0.0 0.0 0.0 -0.27000001072883606 0.0 0.0 -0.18000000715255737 0.0 0.0 -0.09000000357627869 0.0 -0.27000001072883606 0.0 0.0 0.0 -0.27000001072883606 0.0 0.0 0.0 -0.09000000357627869 0.0 -0.18000000715255737 0.0 0.0 -0.27000001072883606 0.0 0.0 0.0 -0.2800000011920929 0.0 0.0 0.0 -0.7599999904632568 -0.09000000357627869 0.0 -0.18000000715255737 0.0 0.0 -0.27000001072883606 0.0 0.0 0.0
349 -0.800000011920929 0.0 -0.18000000715255737 0.0 0.0 -0.18000000715255737 0.0 0.0 -0.18000000715255737 0.0 0.0 0.0 0.0 0.0 -0.30000001192092896 0.0 0.0 0.0 -0.18000000715255737 0.0 0.0 -0.05000000074505806 0.0 0.0 0.0 0.0 0.0 -0.5099999904632568 0.0 -0.5099999904632568 0.0 0.0 0.0 -0.2800000011920929 0.0 0.0 0.0 -0.7599999904632568 -0.7599999904632568 -0.18000000715255737 0.0 0.0 -0.09000000357627869 0.0 -0.27000001072883606 0.0 0.0 0.0 -0.27000001072883606 0.0 0.0 0.0 -0.27000001072883606 0.0 0.0 0.0 -0.18000000715255737 0.0 0.0 -0.14000000059604645 0.0 0.0 -0.09000000357627869 -0.2199999988079071 0.0 0.0 0.0 -0.09000000357627869 0.0 -0.27000001072883606 0.0 0.0 0.0 -0.18000000715255737 0.0 0.0 -0.27000001072883606 0.0 0.0 0.0 -0.18000000715255737 0.0 0.0 0.0 -0.550000011920929 -0.6200000047683716 0.0 0.0 -0.18000000715255737 0.0 0.0 -0.18000000715255737 0.0 0.0 0.0 -0.550000011920929 -0.6200000047683716 0.0 0.0 -0.18000000715255737 0.0 0.0 -0.09000000357627869 0.0 -0.27000001072883606 0.0 0.0 0.0 -0.27000001072883606 0.0 0.0 0.0 -0.18000000715255737 0.0 0.0 -0.09000000357627869 0.0 -0.27000001072883606 0.0 0.0 0.0 -0.27000001072883606 0.0 0.0 0.0 -0.2800000011920929 0.0 0.0 0.0 -0.7599999904632568 -0.7599999904632568 -0.2800000011920929 0.0 0.0 0.0 -0.7599999904632568 -0.18000000715255737 0.0 0.0 -0.09000000357627869 0.0 -0.27000001072883606 0.0 0.0 0.0 -0.27000001072883606 0.0 0.0 0.0 -0.18000000715255737 0.0 0.0 -0.11999999731779099 -0.11999999731779099 0.0 -0.5400000214576721 0.0 -0.11999999731779099 0.0 -0.11999999731779099 0.0 -0.18000000715255737 0.0 0.0 -0.029999999329447746 -0.15000000596046448 0.0 -0.5099999904632568 0.0 0.0 0.0 -0.25 0.0 -0.20000000298023224 0.0 -0.27000001072883606 0.0 -0.14000000059604645 0.0 -0.18000000715255737 0.0 -0.18000000715255737 0.0 0.0 0.0 0.0 0.0 -0.18000000715255737 0.0 0.0 0.0 -0.550000011920929 -0.6200000047683716 0.0 0.0 -0.18000000715255737 0.0 0.0 -0.09000000357627869 0.0 -0.27000001072883606 0.0 0.0 0.0 -0.27000001072883606 0.0 0.0 0.0 -0.09000000357627869 0.0 -0.27000001072883606 0.0 0.0 0.0 -0.18000000715255737 0.0 0.0 -0.27000001072883606 0.0 0.0 0.0 -0.2800000011920929 0.0 0.0 0.0 -0.7599999904632568 -0.7599999904632568 -0.09000000357627869 0.0 -0.27000001072883606 0.0 0.0 0.0 -0.18000000715255737 0.0 0.0 -0.27000001072883606 0.0 0.0 0.0 -0.18000000715255737 0.0 0.0 -0.18000000715255737 0.0 0.0 -0.550000011920929 -0.6200000047683716 0.0 -0.18000000715255737 0.0 0.0 -0.550000011920929 -0.6200000047683716 0.0 0.0
35 -0.18000000715255737 0.0 0.0 -0.029999999329447746 0.0 0.0 -0.25 0.0 -0.20000000298023224 0.0 -0.27000001072883606 0.0 -0.14000000059604645 0.0 -0.18000000715255737 0.0 0.0 -0.09000000357627869 0.0 -0.27000001072883606 0.0 0.0 0.0 -0.27000001072883606 0.0 0.0 0.0 -0.18000000715255737 0.0 0.0 0.0 -0.11999999731779099 0.0 -0.11999999731779099 0.0 0.0 -0.5400000214576721 0.0 -0.11999999731779099 0.0 -0.11999999731779099 0.0 -0.18000000715255737 0.0 0.0 -0.18000000715255737 0.0 0.0 -0.18000000715255737 0.0 0.0 0.0 0.0 0.0 -0.30000001192092896 0.0 0.0 0.0 -0.18000000715255737 0.0 0.0 -0.18000000715255737 0.0 0.0 -0.18000000715255737 0.0 0.0 0.0 0.0 0.0 -0.18000000715255737 0.0 0.0 -0.18000000715255737 0.0 0.0 -0.18000000715255737 0.0 0.0 0.0 0.0 0.0 -0.30000001192092896 0.0 0.0 0.0 0.0 -0.2800000011920929 0.0 0.0 0.0 0.0 0.0 -0.6600000262260437 0.0 -0.18000000715255737 0.0 0.0 0.0 -0.550000011920929 -0.6200000047683716 0.0 0.0 -0.18000000715255737 0.0 0.0 -0.18000000715255737 0.0 0.0 -0.18000000715255737 0.0 0.0 -0.18000000715255737 0.0 0.0 -0.029999999329447746 -0.15000000596046448 0.0 -0.5099999904632568 0.0 0.0 0.0 -0.25 0.0 -0.20000000298023224 0.0 -0.27000001072883606 0.0 -0.14000000059604645 0.0 -0.18000000715255737 0.0 0.0 -0.18000000715255737 0.0 0.0 -0.18000000715255737 0.0 0.0 0.0 0.0 0.0 -0.30000001192092896 0.0 0.0 0.0 -0.18000000715255737 0.0 0.0 -0.18000000715255737 0.0 0.0 -0.18000000715255737 0.0 0.0 0.0 0.0 0.0 -0.30000001192092896 0.0 0.0 0.0 -0.18000000715255737 0.0 0.0 0.0 -0.11999999731779099 0.0 -0.11999999731779099 0.0 -0.11999999731779099 0.0 -0.11999999731779099 0.0 -0.11999999731779099 0.0 -0.18000000715255737 0.0 0.0 -0.09000000357627869 0.0 -0.27000001072883606 0.0 0.0 -0.27000001072883606 0.0 0.0 0.0 -0.18000000715255737 0.0 0.0 -0.029999999329447746 -0.15000000596046448 0.0 -0.5099999904632568 0.0 0.0 0.0 -0.25 0.0 -0.27000001072883606 0.0 -0.18000000715255737 0.0 0.0 0.0 0.0 0.0 0.0 0.0 -0.6600000262260437 0.0 -0.18000000715255737 0.0 0.0 0.0 -0.550000011920929 -0.6200000047683716 0.0 0.0 -0.27000001072883606 0.0 0.0 0.0 0.0 0.0 0.0 0.0 0.0 -0.2800000011920929 0.0 0.0 0.0 -0.7599999904632568 -0.7599999904632568 0.0 -0.18000000715255737 0.0 0.0 -0.18000000715255737 0.0 0.0 -0.18000000715255737 0.0 0.0 0.0 0.0 0.0 -0.30000001192092896 0.0 0.0 0.0 -0.18000000715255737 0.0 0.0 0.0 -0.18000000715255737 0.0 0.0 0.0 -0.11999999731779099 0.0 -0.11999999731779099 0.0 -0.11999999731779099 0.0 -0.11999999731779099 0.0 -0.11999999731779099 -0.27000001072883606 0.0 0.0 0.0 0.0 0.0 -0.7599999904632568
350 0.0 -0.18000000715255737 0.0 0.0 -0.2800000011920929 0.0 0.0 -0.05000000074505806 0.0 0.0 0.0 -0.5099999904632568 0.0 0.0 0.0 -0.2800000011920929 0.0 0.0 0.0 -0.7599999904632568 -0.18000000715255737 0.0 0.0 -0.09000000357627869 0.0 -0.27000001072883606 0.0 0.0 0.0 -0.27000001072883606 0.0 0.0 0.0 -0.27000001072883606 0.0 0.0 0.0 -0.18000000715255737 0.0 0.0 -0.14000000059604645 0.0 0.0 -0.09000000357627869 -0.2199999988079071 0.0 0.0 0.0 -0.09000000357627869 0.0 -0.27000001072883606 0.0 0.0 0.0 -0.18000000715255737 0.0 0.0 -0.27000001072883606 0.0 0.0 0.0 -0.18000000715255737 0.0 0.0 0.0 -0.550000011920929 -0.6200000047683716 0.0 0.0 -0.18000000715255737 0.0 0.0 -0.18000000715255737 0.0 0.0 0.0 -0.550000011920929 -0.6200000047683716 0.0 0.0 -0.18000000715255737 0.0 0.0 -0.09000000357627869 0.0 -0.27000001072883606 0.0 0.0 0.0 -0.27000001072883606 0.0 0.0 0.0 -0.18000000715255737 0.0 0.0 -0.09000000357627869 0.0 -0.27000001072883606 0.0 0.0 0.0 -0.27000001072883606 0.0 0.0 0.0 -0.2800000011920929 0.0 0.0 0.0 -0.7599999904632568 -0.7599999904632568 -0.2800000011920929 0.0 0.0 0.0 -0.7599999904632568 -0.7599999904632568 0.0 0.0 0.0 0.0 -0.18000000715255737 0.0 0.0 -0.09000000357627869 0.0 -0.27000001072883606 0.0 0.0 0.0 -0.27000001072883606 0.0 0.0 0.0 0.0 0.0 -0.029999999329447746 -0.15000000596046448 0.0 -0.5099999904632568 0.0 0.0 0.0 -0.25 0.0 -0.20000000298023224 0.0 -0.27000001072883606 0.0 -0.14000000059604645 0.0 -0.6200000047683716 0.0 -0.09000000357627869 0.0 -0.27000001072883606 0.0 0.0 0.0 -0.27000001072883606 0.0 0.0 0.0 0.0 -0.27000001072883606 0.0 0.0 0.0
351 0.0 0.0 -0.2800000011920929 0.0 0.0 0.0 -0.7599999904632568 -0.7599999904632568 -0.5099999904632568 0.0 0.0 0.0 -0.18000000715255737 0.0 0.0 -0.18000000715255737 0.0 0.0 0.0 -0.550000011920929 -0.6200000047683716 0.0 0.0 0.0 -0.27000001072883606 0.0 -0.05000000074505806 0.0 0.0 0.0 -0.5099999904632568 0.0 -0.5099999904632568 0.0 0.0 0.0 -0.2800000011920929 0.0 0.0 -0.18000000715255737 0.0 0.0 -0.09000000357627869 0.0 -0.27000001072883606 0.0 -0.27000001072883606 0.0 0.0 0.0 -0.27000001072883606 0.0 0.0 0.0 -0.18000000715255737 0.0 0.0 -0.14000000059604645 0.0 0.0 -0.09000000357627869 -0.2199999988079071 0.0 0.0 0.0 -0.09000000357627869 0.0 -0.27000001072883606 0.0 0.0 0.0 -0.18000000715255737 0.0 0.0 -0.27000001072883606 0.0 0.0 0.0 -0.18000000715255737 0.0 0.0 0.0 -0.550000011920929 -0.6200000047683716 0.0 0.0 -0.18000000715255737 0.0 0.0 -0.18000000715255737 0.0 0.0 0.0 -0.550000011920929 -0.6200000047683716 0.0 0.0 -0.18000000715255737 0.0 0.0 -0.09000000357627869 0.0 -0.27000001072883606 0.0 0.0 0.0 -0.27000001072883606 0.0 0.0 0.0 -0.18000000715255737 0.0 0.0 -0.09000000357627869 0.0 -0.27000001072883606 0.0 0.0 0.0 -0.27000001072883606 0.0 0.0 0.0 -0.2800000011920929 0.0 0.0 0.0 -0.7599999904632568 -0.7599999904632568 -0.2800000011920929 0.0 0.0 0.0 -0.7599999904632568 -0.7599999904632568 0.0 0.0 0.0 -0.18000000715255737 0.0 -0.18000000715255737 0.0 0.0 -0.18000000715255737 0.0 -0.18000000715255737 0.0 0.0 -0.09000000357627869 0.0 -0.27000001072883606 0.0 0.0 0.0 -0.27000001072883606 0.0 0.0 0.0 -0.18000000715255737 0.0 0.0 -0.18000000715255737 0.0 -0.18000000715255737 0.0 0.0 0.0 0.0 -0.30000001192092896 0.0 0.0 0.0 0.0 -0.11999999731779099 0.0 0.0 -0.18000000715255737 0.0 0.0 -0.029999999329447746 -0.15000000596046448 0.0 -0.5099999904632568 0.0 0.0 0.0 -0.25 0.0 -0.20000000298023224 0.0 -0.27000001072883606 0.0 -0.14000000059604645 0.0 0.0 0.0 -0.09000000357627869 -0.2199999988079071 0.0 0.0 0.0 -0.18000000715255737 0.0 0.0 0.0 -0.550000011920929 -0.6200000047683716 0.0 0.0 -0.27000001072883606 0.0 0.0 0.0
352 0.0 -0.18000000715255737 0.0 0.0 -0.27000001072883606 0.0 0.0 -0.27000001072883606 0.0 0.0 0.0 -0.18000000715255737 0.0 0.0 -0.14000000059604645 0.0 0.0 -0.09000000357627869 -0.2199999988079071 0.0 0.0 0.0 -0.09000000357627869 0.0 -0.27000001072883606 0.0 0.0 0.0 -0.18000000715255737 0.0 0.0 -0.27000001072883606 0.0 0.0 0.0 -0.18000000715255737 0.0 0.0 0.0 -0.550000011920929 -0.6200000047683716 0.0 0.0 -0.18000000715255737 0.0 0.0 -0.18000000715255737 0.0 0.0 0.0 -0.550000011920929 -0.6200000047683716 0.0 0.0 -0.18000000715255737 0.0 0.0 -0.09000000357627869 0.0 -0.27000001072883606 0.0 0.0 0.0 -0.27000001072883606 0.0 0.0 0.0 -0.18000000715255737 0.0 0.0 -0.09000000357627869 0.0 -0.27000001072883606 0.0 0.0 0.0 -0.27000001072883606 0.0 0.0 0.0 -0.2800000011920929 0.0 0.0 0.0 -0.7599999904632568 -0.7599999904632568 -0.2800000011920929 0.0 0.0 0.0 -0.7599999904632568 -0.7599999904632568 0.0 0.0 0.0 -0.18000000715255737 0.0 0.0 -0.18000000715255737 0.0 0.0 -0.18000000715255737 0.0 0.0 -0.18000000715255737 0.0 -0.18000000715255737 0.0 0.0 -0.09000000357627869 0.0 -0.27000001072883606 0.0 0.0 0.0 -0.27000001072883606 0.0 0.0 0.0 0.0 0.0 -0.6600000262260437 0.0 -0.27000001072883606 0.0 -0.27000001072883606 0.0 0.0 -0.18000000715255737 0.0 -0.18000000715255737 0.0 -0.18000000715255737 0.0 0.0 -0.18000000715255737 0.0 0.0 -0.18000000715255737 0.0 0.0 0.0 0.0 0.0 -0.30000001192092896 0.0 0.0 0.0 -0.18000000715255737 0.0 0.0 0.0 -0.11999999731779099 0.0 -0.11999999731779099 0.0 0.0 -0.5400000214576721 0.0 -0.11999999731779099 0.0 -0.11999999731779099 0.0 -0.18000000715255737 0.0 0.0 -0.18000000715255737 0.0 0.0 -0.18000000715255737 0.0 0.0 -0.2800000011920929 0.0 0.0 0.0 -0.7599999904632568 -0.7599999904632568 -0.18000000715255737 0.0 0.0 -0.029999999329447746 -0.15000000596046448 0.0 -0.5099999904632568 0.0 0.0 0.0 -0.25 0.0 -0.20000000298023224 0.0 -0.27000001072883606 0.0 -0.14000000059604645 0.0 -0.18000000715255737 0.0 0.0 -0.18000000715255737 0.0 0.0 -0.18000000715255737 0.0 0.0 0.0 0.0 0.0 -0.30000001192092896 0.0 0.0 -0.18000000715255737 0.0 0.0 -0.14000000059604645 0.0 0.0 -0.09000000357627869 -0.2199999988079071 0.0 0.0 0.0 -0.18000000715255737 0.0 0.0 0.0 -0.550000011920929 -0.6200000047683716 0.0 0.0 -0.18000000715255737 0.0 0.0 -0.09000000357627869 0.0 -0.27000001072883606 0.0 0.0 -0.27000001072883606 0.0 0.0 0.0 -0.09000000357627869 0.0 -0.27000001072883606 0.0 0.0 -0.18000000715255737 0.0 0.0 -0.27000001072883606 0.0 0.0 0.0 0.0 -0.18000000715255737 0.0 -0.27000001072883606 0.0 0.0 0.0
353 -0.18000000715255737 0.0 0.0 -0.09000000357627869 0.0 -0.27000001072883606 0.0 0.0 -0.27000001072883606 0.0 0.0 0.0 -0.27000001072883606 0.0 0.0 0.0 -0.18000000715255737 0.0 0.0 -0.14000000059604645 0.0 0.0 0.0 -0.09000000357627869 0.0 -0.27000001072883606 0.0 0.0 0.0 -0.18000000715255737 0.0 0.0 -0.27000001072883606 0.0 0.0 0.0 -0.18000000715255737 0.0 0.0 0.0 -0.550000011920929 -0.6200000047683716 0.0 0.0 -0.18000000715255737 0.0 0.0 -0.18000000715255737 0.0 0.0 0.0 -0.550000011920929 -0.6200000047683716 0.0 0.0 -0.18000000715255737 0.0 0.0 -0.09000000357627869 0.0 -0.27000001072883606 0.0 0.0 0.0 -0.27000001072883606 0.0 0.0 0.0 -0.18000000715255737 0.0 0.0 -0.09000000357627869 0.0 -0.27000001072883606 0.0 0.0 0.0 -0.27000001072883606 0.0 0.0 0.0 -0.2800000011920929 0.0 0.0 0.0 -0.7599999904632568 -0.7599999904632568 -0.2800000011920929 0.0 0.0 0.0 -0.7599999904632568 -0.7599999904632568 0.0 0.0 0.0 -0.18000000715255737 0.0 0.0 -0.18000000715255737 0.0 0.0 -0.18000000715255737 0.0 0.0 -0.18000000715255737 0.0 0.0 -0.09000000357627869 0.0 -0.27000001072883606 0.0 0.0 0.0 -0.27000001072883606 0.0 0.0 0.0 -0.18000000715255737 0.0 0.0 -0.18000000715255737 0.0 0.0 -0.30000001192092896 0.0 0.0 -0.18000000715255737 0.0 0.0 0.0 -0.11999999731779099 0.0 -0.11999999731779099 0.0 0.0 -0.5400000214576721 0.0 -0.11999999731779099 0.0 -0.11999999731779099 0.0 -0.18000000715255737 0.0 0.0 -0.029999999329447746 -0.15000000596046448 0.0 -0.5099999904632568 0.0 0.0 0.0 -0.25 0.0 -0.20000000298023224 0.0 -0.27000001072883606 0.0 -0.14000000059604645 0.0 0.0 0.0 0.0 -0.27000001072883606 0.0 0.0 0.0 -0.27000001072883606 0.0 0.0 0.0 -0.27000001072883606 0.0 0.0 -0.18000000715255737 0.0 -0.27000001072883606 0.0 0.0 0.0
354 0.0 -0.27000001072883606 0.0 0.0 0.0 -0.18000000715255737 0.0 0.0 -0.09000000357627869 0.0 -0.27000001072883606 0.0 0.0 0.0 -0.18000000715255737 0.0 0.0 -0.18000000715255737 0.0 0.0 0.0 -0.550000011920929 -0.6200000047683716 0.0 0.0 -0.18000000715255737 0.0 0.0 -0.18000000715255737 0.0 0.0 0.0 -0.550000011920929 -0.6200000047683716 0.0 0.0 -0.18000000715255737 0.0 0.0 -0.09000000357627869 0.0 -0.27000001072883606 0.0 0.0 0.0 -0.27000001072883606 0.0 0.0 0.0 -0.18000000715255737 0.0 0.0 -0.09000000357627869 0.0 -0.27000001072883606 0.0 0.0 0.0 -0.27000001072883606 0.0 0.0 0.0 -0.2800000011920929 0.0 0.0 0.0 -0.7599999904632568 -0.7599999904632568 -0.2800000011920929 0.0 0.0 0.0 -0.7599999904632568 -0.7599999904632568 0.0 0.0 0.0 -0.18000000715255737 0.0 0.0 -0.18000000715255737 0.0 0.0 -0.18000000715255737 0.0 0.0 -0.18000000715255737 0.0 0.0 -0.18000000715255737 0.0 0.0 0.0 -0.18000000715255737 0.0 0.0 -0.09000000357627869 0.0 -0.27000001072883606 0.0 0.0 0.0 -0.27000001072883606 0.0 0.0 0.0 0.0 -0.18000000715255737 0.0 0.0 0.0 -0.30000001192092896 0.0 0.0 0.0 0.0 -0.029999999329447746 -0.15000000596046448 0.0 -0.5099999904632568 0.0 0.0 0.0 -0.27000001072883606 0.0
355 -0.09000000357627869 0.0 -0.27000001072883606 0.0 0.0 -0.18000000715255737 0.0 0.0 0.0 -0.550000011920929 -0.18000000715255737 0.0 0.0 -0.18000000715255737 0.0 0.0 0.0 -0.550000011920929 -0.6200000047683716 0.0 0.0 -0.18000000715255737 0.0 0.0 -0.09000000357627869 0.0 -0.27000001072883606 0.0 0.0 0.0 -0.27000001072883606 0.0 0.0 0.0 -0.18000000715255737 0.0 0.0 -0.09000000357627869 0.0 -0.27000001072883606 0.0 0.0 0.0 -0.27000001072883606 0.0 0.0 0.0 -0.2800000011920929 0.0 0.0 0.0 -0.7599999904632568 -0.7599999904632568 -0.2800000011920929 0.0 0.0 0.0 -0.7599999904632568 -0.7599999904632568 0.0 0.0 0.0 -0.18000000715255737 0.0 0.0 -0.18000000715255737 0.0 0.0 -0.18000000715255737 0.0 0.0 -0.18000000715255737 0.0 0.0 -0.18000000715255737 0.0 0.0 0.0 0.0 0.0 -0.30000001192092896 0.0 0.0 0.0 -0.18000000715255737 0.0 0.0 -0.09000000357627869 0.0 -0.27000001072883606 0.0 0.0 0.0 -0.27000001072883606 0.0 0.0 0.0 0.0 0.0 -0.6600000262260437 0.0 -0.27000001072883606 0.0 0.0 0.0 -0.18000000715255737 0.0 0.0 -0.18000000715255737 0.0 0.0 -0.18000000715255737 0.0 0.0 -0.18000000715255737 0.0 0.0 0.0 0.0 0.0 -0.30000001192092896 0.0 0.0 0.0 -0.18000000715255737 0.0 0.0 0.0 -0.11999999731779099 0.0 -0.11999999731779099 0.0 0.0 -0.7599999904632568 -0.18000000715255737 0.0 0.0 -0.029999999329447746 -0.15000000596046448 0.0 -0.5099999904632568 0.0 0.0 0.0 -0.25
356 -0.18000000715255737 -0.18000000715255737 0.0 0.0 0.0 -0.6200000047683716 0.0 -0.18000000715255737 0.0 0.0 -0.09000000357627869 0.0 -0.27000001072883606 0.0 0.0 -0.18000000715255737 0.0 0.0 -0.09000000357627869 0.0 -0.27000001072883606 0.0 0.0 -0.2800000011920929 0.0 0.0 0.0 -0.7599999904632568 -0.7599999904632568 -0.2800000011920929 0.0 0.0 0.0 -0.7599999904632568 -0.7599999904632568 0.0 0.0 0.0 -0.18000000715255737 0.0 0.0 -0.18000000715255737 0.0 0.0 -0.18000000715255737 0.0 0.0 -0.18000000715255737 0.0 0.0 -0.18000000715255737 0.0 0.0 0.0 0.0 0.0 -0.30000001192092896 0.0 0.0 0.0 -0.18000000715255737 0.0 0.0 -0.09000000357627869 0.0 -0.27000001072883606 0.0 0.0 0.0 -0.27000001072883606 0.0 0.0 0.0 0.0 0.0 -0.6600000262260437 0.0 -0.27000001072883606 0.0 0.0 -0.18000000715255737 0.0 0.0 -0.18000000715255737 0.0 0.0 -0.18000000715255737 0.0 0.0 0.0 0.0 0.0 -0.30000001192092896 0.0 0.0 0.0
357 0.0 0.0 -0.18000000715255737 -0.09000000357627869 0.0 -0.27000001072883606 0.0 0.0 0.0 0.0 -0.18000000715255737 0.0 0.0 -0.2800000011920929 0.0 0.0 0.0 -0.7599999904632568 -0.2800000011920929 0.0 0.0 0.0 -0.7599999904632568 -0.7599999904632568 0.0 0.0 0.0 -0.18000000715255737 0.0 0.0 -0.18000000715255737 0.0 0.0 -0.18000000715255737 0.0 0.0 -0.18000000715255737 0.0 0.0 -0.18000000715255737 0.0 0.0 0.0 0.0 0.0 -0.30000001192092896 0.0 0.0 0.0 -0.18000000715255737 0.0 0.0 -0.09000000357627869 0.0 -0.27000001072883606 0.0 0.0 0.0 -0.27000001072883606 0.0 0.0 0.0 0.0 0.0 -0.6600000262260437 0.0 -0.27000001072883606 0.0 0.0 0.0 -0.27000001072883606 0.0 0.0 0.0 -0.18000000715255737 0.0 0.0 -0.18000000715255737 0.0 0.0 0.0 -0.18000000715255737 0.0 0.0 -0.18000000715255737 0.0 0.0 -0.18000000715255737 0.0 0.0 0.0 0.0 0.0 -0.30000001192092896 0.0 0.0 0.0 -0.18000000715255737 0.0 0.0 0.0 0.0 -0.7599999904632568 0.0
358 -0.09000000357627869 0.0 -0.27000001072883606 0.0 0.0 0.0 -0.18000000715255737 0.0 -0.18000000715255737 0.0 -0.18000000715255737 0.0 0.0 -0.18000000715255737 0.0 0.0 0.0 -0.550000011920929 -0.6200000047683716 0.0 -0.18000000715255737 0.0 0.0 -0.09000000357627869 0.0 -0.27000001072883606 0.0 0.0 0.0 -0.27000001072883606 0.0 0.0 0.0 -0.18000000715255737 0.0 0.0 -0.09000000357627869 0.0 -0.27000001072883606 0.0 0.0 0.0 -0.27000001072883606 0.0 0.0 0.0 -0.2800000011920929 0.0 0.0 0.0 -0.7599999904632568 -0.7599999904632568 -0.2800000011920929 0.0 0.0 0.0 -0.7599999904632568 -0.7599999904632568 0.0 0.0 0.0 -0.18000000715255737 0.0 0.0 -0.18000000715255737 0.0 0.0 -0.18000000715255737 0.0 0.0 -0.18000000715255737 0.0 0.0 -0.18000000715255737 0.0 0.0 0.0 0.0 0.0 -0.30000001192092896 0.0 0.0 0.0 -0.18000000715255737 0.0 0.0 -0.09000000357627869 0.0 -0.27000001072883606 0.0 0.0 0.0 -0.27000001072883606 0.0 0.0 0.0 0.0 0.0 -0.6600000262260437 0.0 -0.27000001072883606 0.0 0.0 0.0 -0.27000001072883606 0.0 0.0 0.0 -0.18000000715255737 0.0 0.0 -0.18000000715255737 0.0 0.0 0.0 0.0 -0.18000000715255737 0.0 0.0 -0.18000000715255737 0.0 0.0 -0.18000000715255737 0.0 0.0 0.0 0.0 0.0 -0.30000001192092896 0.0 0.0 0.0 -0.18000000715255737 0.0 0.0 0.0 -0.11999999731779099 0.0 -0.11999999731779099 0.0 0.0 -0.5400000214576721 0.0 -0.11999999731779099 0.0 -0.11999999731779099 0.0 -0.18000000715255737 0.0 0.0 -0.18000000715255737 0.0 0.0 0.0 0.0 0.0 -0.18000000715255737 0.0 0.0 -0.2800000011920929 0.0 0.0 -0.7599999904632568 -0.7599999904632568 -0.18000000715255737 0.0 0.0 -0.029999999329447746 -0.15000000596046448 0.0 -0.5099999904632568 0.0 0.0 0.0 -0.25 0.0 -0.20000000298023224 0.0 -0.27000001072883606 0.0 -0.14000000059604645 0.0 -0.18000000715255737 0.0 0.0 -0.18000000715255737 0.0 0.0 0.0 0.0 -0.6200000047683716 0.0 0.0 0.0
359 -0.18000000715255737 0.0 0.0 -0.09000000357627869 0.0 -0.27000001072883606 0.0 0.0 0.0 -0.27000001072883606 0.0 0.0 0.0 0.0 -0.2800000011920929 0.0 0.0 0.0 -0.7599999904632568 -0.7599999904632568 0.0 0.0 0.0 -0.18000000715255737 0.0 -0.18000000715255737 0.0 -0.18000000715255737 0.0 0.0 -0.18000000715255737 0.0 0.0 -0.18000000715255737 0.0 0.0 0.0 0.0 0.0 -0.30000001192092896 0.0 0.0 -0.18000000715255737 0.0 0.0 -0.09000000357627869 0.0 -0.27000001072883606 0.0 0.0 0.0 -0.27000001072883606 0.0 0.0 0.0 0.0 0.0 -0.6600000262260437 0.0 -0.27000001072883606 0.0 0.0 0.0 -0.27000001072883606 0.0 0.0 0.0 -0.18000000715255737 0.0 0.0 -0.18000000715255737 0.0 0.0 0.0 0.0 0.0 -0.699999988079071 0.0 0.0 -0.800000011920929 0.0 0.0 -0.800000011920929 0.0 0.0 -0.18000000715255737 0.0 0.0 -0.18000000715255737 0.0 0.0 -0.18000000715255737 0.0 0.0 0.0 0.0 0.0 -0.30000001192092896 0.0 0.0 0.0 -0.18000000715255737 0.0 0.0 0.0 -0.11999999731779099 0.0 -0.11999999731779099 0.0 0.0 -0.5400000214576721 0.0 -0.11999999731779099 0.0 -0.11999999731779099 0.0 -0.18000000715255737 0.0 0.0 -0.18000000715255737 0.0 0.0 0.0 0.0 0.0 -0.699999988079071 0.0 0.0 -0.800000011920929 0.0 0.0 -0.800000011920929 0.0 0.0 -0.18000000715255737 0.0 0.0 -0.2800000011920929 0.0 0.0 0.0 -0.7599999904632568 -0.7599999904632568 -0.18000000715255737 0.0 0.0 -0.029999999329447746 -0.15000000596046448 0.0 0.0 -0.25 0.0 -0.18000000715255737 0.0 0.0 0.0
36 0.0 -0.18000000715255737 0.0 0.0 -0.029999999329447746 -0.15000000596046448 0.0 -0.5099999904632568 0.0 0.0 0.0 -0.25 0.0 -0.20000000298023224 0.0 -0.27000001072883606 0.0 -0.14000000059604645 0.0 -0.18000000715255737 0.0 0.0 -0.09000000357627869 0.0 -0.27000001072883606 0.0 0.0 0.0 -0.27000001072883606 0.0 0.0 0.0 -0.18000000715255737 0.0 0.0 0.0 -0.11999999731779099 0.0 -0.11999999731779099 0.0 0.0 -0.5400000214576721 0.0 -0.11999999731779099 0.0 -0.11999999731779099 0.0 -0.18000000715255737 0.0 0.0 -0.18000000715255737 0.0 0.0 -0.18000000715255737 0.0 0.0 0.0 0.0 -0.18000000715255737 0.0 -0.18000000715255737 0.0 -0.18000000715255737 0.0 0.0 -0.18000000715255737 0.0 0.0 0.0 0.0 0.0 -0.30000001192092896 0.0 0.0 0.0 -0.18000000715255737 0.0 0.0 0.0 -0.550000011920929 -0.6200000047683716 0.0 0.0 -0.18000000715255737 0.0 0.0 -0.029999999329447746 -0.15000000596046448 0.0 -0.5099999904632568 0.0 0.0 -0.25 0.0 -0.20000000298023224 0.0 -0.27000001072883606 -0.14000000059604645 -0.18000000715255737 0.0 0.0 -0.18000000715255737 0.0 0.0 -0.18000000715255737 0.0 0.0 0.0 0.0 0.0 -0.30000001192092896 0.0 0.0 0.0 -0.18000000715255737 0.0 0.0 -0.18000000715255737 0.0 0.0 -0.18000000715255737 0.0 0.0 0.0 0.0 0.0 -0.30000001192092896 0.0 0.0 0.0 -0.18000000715255737 0.0 0.0 0.0 -0.11999999731779099 0.0 -0.11999999731779099 0.0 -0.11999999731779099 0.0 -0.11999999731779099 0.0 -0.11999999731779099 0.0 -0.18000000715255737 0.0 0.0 -0.029999999329447746 -0.15000000596046448 0.0 -0.5099999904632568 0.0 0.0 -0.25 0.0 -0.20000000298023224 0.0 -0.27000001072883606 -0.14000000059604645 0.0 -0.09000000357627869 0.0 -0.27000001072883606 0.0 0.0 -0.27000001072883606 0.0 0.0 0.0 -0.18000000715255737 0.0 0.0 -0.029999999329447746 -0.15000000596046448 0.0 -0.5099999904632568 0.0 0.0 0.0 -0.18000000715255737 0.0 0.0 0.0 -0.11999999731779099 0.0 0.0 0.0 0.0 -0.6600000262260437 0.0 -0.18000000715255737 0.0 0.0 0.0 -0.550000011920929 -0.6200000047683716 0.0 0.0 -0.18000000715255737 0.0 -0.18000000715255737 0.0 0.0 0.0 -0.550000011920929 -0.6200000047683716 0.0 0.0 0.0 0.0 -0.2800000011920929 0.0 0.0 0.0 -0.7599999904632568 -0.7599999904632568 -0.18000000715255737 0.0 0.0 -0.18000000715255737 0.0 0.0 0.0 0.0 -0.30000001192092896 0.0 0.0 0.0 -0.18000000715255737 0.0 0.0 0.0 -0.11999999731779099 0.0 -0.11999999731779099 0.0 -0.11999999731779099 0.0 -0.11999999731779099 -0.27000001072883606 0.0 0.0 0.0 -0.27000001072883606 0.0 0.0 0.0 -0.18000000715255737 0.0 0.0 -0.2800000011920929 0.0 0.0 0.0 -0.7599999904632568 -0.7599999904632568 0.0 0.0 -0.6200000047683716 0.0 0.0 -0.18000000715255737 0.0 0.0 -0.2800000011920929 0.0 0.0 0.0 -0.7599999904632568 -0.7599999904632568 -0.5099999904632568 0.0 0.0
360 0.0 -0.09000000357627869 0.0 -0.27000001072883606 0.0 0.0 0.0 -0.27000001072883606 0.0 0.0 0.0 0.0 0.0 0.0 -0.7599999904632568 -0.7599999904632568 -0.18000000715255737 0.0 0.0 -0.18000000715255737 0.0 0.0 -0.09000000357627869 0.0 -0.27000001072883606 0.0 0.0 0.0 -0.27000001072883606 0.0 0.0 0.0 0.0 0.0 -0.6600000262260437 0.0 -0.27000001072883606 0.0 0.0 0.0 -0.27000001072883606 0.0 0.0 0.0 -0.18000000715255737 0.0 0.0 -0.18000000715255737 0.0 0.0 0.0 0.0 0.0 -0.699999988079071 0.0 0.0 -0.800000011920929 0.0 -0.800000011920929 0.0 -0.18000000715255737 0.0 0.0 -0.18000000715255737 0.0 0.0 -0.18000000715255737 0.0 0.0 0.0 0.0 0.0 -0.30000001192092896 0.0 0.0 0.0 -0.18000000715255737 0.0 0.0 0.0 -0.11999999731779099 0.0 -0.11999999731779099 0.0 0.0 -0.5400000214576721 0.0 -0.11999999731779099 0.0 -0.11999999731779099 0.0 -0.18000000715255737 0.0 0.0 -0.18000000715255737 0.0 0.0 0.0 0.0 0.0 -0.699999988079071 0.0 0.0 -0.800000011920929 0.0 0.0 -0.800000011920929 0.0 0.0 -0.18000000715255737 0.0 0.0 -0.2800000011920929 0.0 0.0 0.0 -0.7599999904632568 -0.7599999904632568 -0.18000000715255737 0.0 0.0 -0.029999999329447746 0.0 -0.25 0.0 -0.20000000298023224 0.0 -0.18000000715255737 0.0 0.0 -0.18000000715255737 0.0 0.0 -0.18000000715255737 0.0 0.0 0.0 -0.30000001192092896 0.0 0.0 -0.09000000357627869 0.0 -0.27000001072883606 0.0 0.0 0.0
361 -0.18000000715255737 0.0 0.0 -0.18000000715255737 0.0 0.0 0.0 -0.550000011920929 -0.6200000047683716 0.0 0.0 0.0 0.0 0.0 0.0 0.0 -0.30000001192092896 0.0 0.0 -0.09000000357627869 0.0 -0.27000001072883606 0.0 0.0 0.0 -0.27000001072883606 0.0 0.0 0.0 0.0 -0.7599999904632568 -0.18000000715255737 0.0 0.0 -0.18000000715255737 0.0 0.0 -0.09000000357627869 0.0 -0.27000001072883606 0.0 0.0 0.0 -0.27000001072883606 0.0 0.0 0.0 0.0 0.0 -0.6600000262260437 0.0 -0.27000001072883606 0.0 0.0 0.0 -0.27000001072883606 0.0 0.0 0.0 -0.18000000715255737 0.0 0.0 -0.18000000715255737 0.0 0.0 0.0 0.0 0.0 -0.699999988079071 0.0 0.0 -0.800000011920929 0.0 0.0 -0.800000011920929 0.0 0.0 -0.18000000715255737 0.0 0.0 -0.18000000715255737 0.0 0.0 -0.18000000715255737 0.0 0.0 0.0 0.0 0.0 -0.30000001192092896 0.0 0.0 0.0 -0.18000000715255737 0.0 0.0 0.0 -0.11999999731779099 0.0 -0.11999999731779099 0.0 0.0 -0.5400000214576721 -0.11999999731779099 0.0 -0.11999999731779099 0.0 -0.18000000715255737 0.0 0.0 -0.18000000715255737 0.0 0.0 0.0 0.0 0.0 -0.699999988079071 0.0 0.0 -0.800000011920929 0.0 0.0 -0.800000011920929 0.0 0.0 -0.18000000715255737 0.0 0.0 -0.2800000011920929 0.0 0.0 0.0 -0.7599999904632568 -0.7599999904632568 -0.18000000715255737 0.0 0.0 -0.029999999329447746 -0.15000000596046448 0.0 0.0 -0.25 0.0 -0.18000000715255737 0.0 0.0 -0.18000000715255737 0.0 0.0 -0.18000000715255737 0.0 0.0 -0.09000000357627869 0.0 -0.27000001072883606 0.0 0.0 -0.27000001072883606 0.0 0.0 0.0 -0.18000000715255737 0.0 0.0 -0.2199999988079071 0.0 0.0 0.0
362 -0.18000000715255737 0.0 0.0 0.0 -0.550000011920929 -0.6200000047683716 0.0 0.0 0.0 -0.18000000715255737 0.0 0.0 0.0 -0.6200000047683716 0.0 -0.18000000715255737 0.0 0.0 -0.09000000357627869 0.0 -0.27000001072883606 0.0 0.0 0.0 -0.27000001072883606 0.0 0.0 0.0 0.0 -0.2800000011920929 0.0 0.0 -0.2800000011920929 0.0 0.0 0.0 -0.7599999904632568 -0.7599999904632568 0.0 0.0 0.0 -0.18000000715255737 0.0 0.0 -0.18000000715255737 0.0 0.0 -0.18000000715255737 0.0 0.0 -0.18000000715255737 0.0 0.0 -0.18000000715255737 0.0 0.0 0.0 0.0 0.0 -0.30000001192092896 0.0 0.0 0.0 -0.18000000715255737 0.0 0.0 -0.09000000357627869 0.0 -0.27000001072883606 0.0 0.0 0.0 -0.27000001072883606 0.0 0.0 0.0 0.0 0.0 -0.6600000262260437 0.0 -0.27000001072883606 0.0 0.0 0.0 -0.27000001072883606 0.0 0.0 0.0 -0.18000000715255737 0.0 0.0 -0.18000000715255737 0.0 0.0 0.0 0.0 0.0 -0.699999988079071 0.0 0.0 -0.800000011920929 0.0 0.0 -0.800000011920929 0.0 0.0 -0.18000000715255737 0.0 0.0 -0.18000000715255737 0.0 0.0 -0.18000000715255737 0.0 0.0 0.0 0.0 0.0 -0.30000001192092896 0.0 0.0 0.0 -0.18000000715255737 0.0 0.0 0.0 -0.11999999731779099 0.0 -0.11999999731779099 0.0 0.0 -0.5400000214576721 0.0 -0.11999999731779099 0.0 -0.11999999731779099 0.0 -0.18000000715255737 0.0 0.0 -0.18000000715255737 0.0 0.0 0.0 0.0 0.0 -0.699999988079071 0.0 0.0 -0.800000011920929 0.0 0.0 -0.800000011920929 0.0 0.0 -0.18000000715255737 0.0 0.0 -0.2800000011920929 0.0 0.0 0.0 -0.7599999904632568 -0.7599999904632568 -0.18000000715255737 0.0 0.0 -0.029999999329447746 -0.15000000596046448 0.0 -0.5099999904632568 0.0 0.0 0.0 -0.25 0.0 -0.20000000298023224 0.0 -0.27000001072883606 0.0 -0.14000000059604645 0.0 -0.18000000715255737 0.0 0.0 -0.18000000715255737 0.0 0.0 -0.18000000715255737 0.0 0.0 -0.09000000357627869 0.0 -0.27000001072883606 0.0 0.0 -0.27000001072883606 0.0 0.0 0.0 -0.18000000715255737 0.0 0.0 -0.14000000059604645 0.0 0.0 -0.09000000357627869 -0.2199999988079071 0.0 0.0 0.0 -0.18000000715255737 0.0 0.0 0.0 -0.550000011920929 -0.6200000047683716 0.0 0.0 0.0 0.0
363 0.0 -0.6200000047683716 0.0 0.0 0.0 0.0 -0.09000000357627869 0.0 -0.27000001072883606 0.0 0.0 0.0 -0.18000000715255737 0.0 0.0 -0.27000001072883606 0.0 0.0 0.0 0.0 0.0 -0.18000000715255737 0.0 0.0 -0.09000000357627869 0.0 -0.27000001072883606 0.0 0.0 0.0 -0.27000001072883606 0.0 0.0 0.0 -0.18000000715255737 0.0 0.0 -0.09000000357627869 0.0 -0.27000001072883606 0.0 0.0 0.0 -0.27000001072883606 0.0 0.0 0.0 -0.2800000011920929 0.0 0.0 0.0 -0.7599999904632568 -0.7599999904632568 -0.18000000715255737 0.0 0.0 -0.18000000715255737 0.0 0.0 -0.09000000357627869 0.0 -0.27000001072883606 0.0 0.0 0.0 -0.27000001072883606 0.0 0.0 0.0 0.0 0.0 -0.6600000262260437 0.0 -0.27000001072883606 0.0 0.0 0.0 -0.27000001072883606 0.0 0.0 0.0 -0.18000000715255737 0.0 0.0 -0.18000000715255737 0.0 0.0 0.0 0.0 0.0 -0.699999988079071 0.0 0.0 0.0 0.0 -0.18000000715255737 0.0 0.0 -0.18000000715255737 0.0 0.0 -0.18000000715255737 0.0 0.0 0.0 0.0 0.0 -0.30000001192092896 0.0 0.0 0.0 -0.18000000715255737 0.0 0.0 0.0 -0.11999999731779099 0.0 -0.11999999731779099 0.0 0.0 -0.5400000214576721 0.0 -0.11999999731779099 0.0 -0.11999999731779099 0.0 -0.18000000715255737 0.0 0.0 -0.18000000715255737 0.0 0.0 0.0 0.0 0.0 -0.699999988079071 0.0 0.0 -0.800000011920929 0.0 0.0 -0.800000011920929 0.0 0.0 -0.18000000715255737 0.0 0.0 -0.2800000011920929 0.0 0.0 0.0 -0.7599999904632568 -0.7599999904632568 -0.18000000715255737 0.0 0.0 -0.029999999329447746 -0.15000000596046448 0.0 -0.5099999904632568 0.0 0.0 0.0 -0.25 0.0 -0.20000000298023224 0.0 -0.27000001072883606 0.0 -0.14000000059604645 0.0 -0.18000000715255737 0.0 0.0 -0.18000000715255737 0.0 0.0 -0.18000000715255737 0.0 0.0 0.0 0.0 0.0 -0.30000001192092896 0.0 0.0 0.0 -0.09000000357627869 0.0 -0.27000001072883606 0.0 0.0 0.0 -0.27000001072883606 0.0 0.0 0.0 -0.18000000715255737 0.0 0.0 -0.14000000059604645 0.0 0.0 -0.09000000357627869 -0.2199999988079071 0.0 0.0 0.0 -0.18000000715255737 0.0 0.0 0.0 -0.550000011920929 -0.6200000047683716 0.0 0.0 -0.27000001072883606 0.0 0.0 -0.18000000715255737 0.0 -0.09000000357627869 0.0 0.0 -0.27000001072883606 0.0 0.0 0.0 -0.09000000357627869 0.0 -0.27000001072883606 0.0 0.0 0.0 -0.18000000715255737 0.0 0.0 -0.27000001072883606 0.0 0.0 0.0 -0.09000000357627869 0.0 -0.27000001072883606 0.0 0.0 0.0 -0.18000000715255737 0.0 0.0 -0.27000001072883606 0.0 0.0 0.0 -0.18000000715255737 0.0 -0.11999999731779099 0.0 -0.11999999731779099 0.0 0.0 -0.5400000214576721 0.0 -0.11999999731779099 0.0 -0.11999999731779099 0.0 0.0 -0.550000011920929 -0.6200000047683716 0.0 0.0
364 -0.18000000715255737 -0.18000000715255737 0.0 0.0 0.0 -0.550000011920929 -0.6200000047683716 0.0 0.0 0.0 -0.09000000357627869 0.0 -0.27000001072883606 0.0 0.0 -0.18000000715255737 0.0 -0.27000001072883606 0.0 0.0 0.0 -0.18000000715255737 0.0 0.0 -0.18000000715255737 0.0 0.0 0.0 0.0 -0.30000001192092896 0.0 0.0 0.0 -0.23000000417232513 0.0 -0.18000000715255737 0.0 0.0 -0.09000000357627869 0.0 -0.27000001072883606 0.0 0.0 0.0 -0.27000001072883606 0.0 0.0 0.0 -0.18000000715255737 0.0 0.0 -0.09000000357627869 0.0 -0.27000001072883606 0.0 0.0 0.0 -0.27000001072883606 0.0 0.0 0.0 0.0 0.0 -0.6600000262260437 0.0 -0.27000001072883606 0.0 0.0 0.0 -0.27000001072883606 0.0 0.0 0.0 -0.18000000715255737 0.0 0.0 -0.18000000715255737 0.0 0.0 0.0 0.0 0.0 -0.699999988079071 0.0 0.0 -0.800000011920929 0.0 0.0 -0.800000011920929 0.0 0.0 -0.18000000715255737 0.0 0.0 -0.18000000715255737 0.0 0.0 -0.18000000715255737 0.0 0.0 0.0 0.0 0.0 -0.18000000715255737 0.0 0.0 0.0 -0.11999999731779099 0.0 -0.11999999731779099 0.0 0.0 -0.5400000214576721 0.0 -0.11999999731779099 0.0 -0.11999999731779099 0.0 -0.18000000715255737 0.0 0.0 -0.18000000715255737 0.0 0.0 0.0 0.0 0.0 -0.699999988079071 0.0 0.0 -0.800000011920929 0.0 0.0 -0.800000011920929 0.0 0.0 -0.18000000715255737 0.0 0.0 -0.2800000011920929 0.0 0.0 0.0 -0.7599999904632568 -0.7599999904632568 -0.18000000715255737 0.0 0.0 -0.029999999329447746 -0.15000000596046448 0.0 -0.5099999904632568 0.0 0.0 0.0 -0.25 0.0 -0.20000000298023224 0.0 -0.27000001072883606 -0.14000000059604645 0.0 -0.18000000715255737 0.0 0.0 -0.18000000715255737 0.0 0.0 -0.18000000715255737 0.0 0.0 0.0 0.0 0.0 -0.30000001192092896 0.0 0.0 0.0 -0.09000000357627869 0.0 -0.27000001072883606 0.0 0.0 0.0 -0.27000001072883606 0.0 0.0 0.0 -0.18000000715255737 0.0 0.0 -0.14000000059604645 0.0 0.0 -0.09000000357627869 -0.2199999988079071 0.0 0.0 0.0 -0.18000000715255737 0.0 0.0 0.0 -0.550000011920929 -0.6200000047683716 0.0 0.0 0.0 0.0 -0.6600000262260437 0.0 -0.27000001072883606 0.0 0.0 0.0 -0.09000000357627869 0.0 -0.27000001072883606 0.0 0.0 -0.18000000715255737 0.0 0.0 -0.27000001072883606 0.0 0.0 0.0 -0.5400000214576721 0.0 0.0
365 0.0 -0.800000011920929 0.0 -0.800000011920929 0.0 0.0 0.0 0.0 -0.6200000047683716 0.0 0.0 0.0 0.0 0.0 -0.6600000262260437 0.0 -0.7599999904632568 -0.7599999904632568 0.0 -0.18000000715255737 0.0 0.0 -0.18000000715255737 0.0 0.0 0.0 -0.550000011920929 -0.6200000047683716 0.0 0.0 -0.18000000715255737 0.0 0.0 0.0 0.0 0.0 -0.09000000357627869 0.0 0.0 -0.18000000715255737 0.0 -0.27000001072883606 0.0 0.0 0.0 -0.18000000715255737 0.0 0.0 -0.09000000357627869 0.0 -0.27000001072883606 0.0 0.0 0.0 -0.27000001072883606 0.0 0.0 0.0 -0.7599999904632568 -0.18000000715255737 -0.09000000357627869 0.0 -0.27000001072883606 0.0 0.0 0.0 -0.27000001072883606 0.0 0.0 0.0 -0.6600000262260437 0.0 -0.27000001072883606 0.0 0.0 0.0 -0.27000001072883606 0.0 0.0 0.0 -0.18000000715255737 0.0 0.0 -0.18000000715255737 0.0 0.0 0.0 0.0 0.0 -0.699999988079071 0.0 0.0 -0.800000011920929 0.0 0.0 -0.800000011920929 0.0 0.0 -0.18000000715255737 0.0 0.0 -0.18000000715255737 0.0 0.0 -0.18000000715255737 0.0 0.0 0.0 0.0 0.0 -0.30000001192092896 0.0 0.0 0.0 -0.18000000715255737 0.0 0.0 0.0 -0.11999999731779099 0.0 -0.11999999731779099 0.0 0.0 -0.5400000214576721 0.0 -0.11999999731779099 0.0 -0.11999999731779099 0.0 -0.18000000715255737 0.0 0.0 -0.18000000715255737 0.0 0.0 0.0 0.0 0.0 -0.699999988079071 0.0 0.0 -0.800000011920929 0.0 0.0 -0.800000011920929 0.0 0.0 -0.18000000715255737 0.0 0.0 -0.2800000011920929 0.0 0.0 0.0 -0.7599999904632568 -0.7599999904632568 -0.18000000715255737 0.0 0.0 -0.029999999329447746 -0.15000000596046448 0.0 -0.5099999904632568 0.0 0.0 0.0 -0.25 0.0 -0.20000000298023224 0.0 -0.27000001072883606 0.0 -0.14000000059604645 0.0 -0.18000000715255737 0.0 0.0 -0.18000000715255737 0.0 0.0 -0.18000000715255737 0.0 0.0 0.0 0.0 0.0 -0.30000001192092896 0.0 0.0 -0.09000000357627869 0.0 -0.27000001072883606 0.0 0.0 0.0 -0.27000001072883606 0.0 0.0 0.0 -0.18000000715255737 0.0 0.0 -0.14000000059604645 0.0 0.0 -0.09000000357627869 -0.2199999988079071 0.0 0.0 0.0 -0.18000000715255737 0.0 0.0 0.0 -0.550000011920929 -0.6200000047683716 0.0 0.0 0.0 0.0 -0.6600000262260437 0.0 -0.27000001072883606 0.0 0.0 0.0 0.0 0.0 -0.09000000357627869 0.0 0.0 -0.18000000715255737 0.0 0.0 -0.27000001072883606 0.0 0.0
366 -0.699999988079071 0.0 0.0 -0.800000011920929 0.0 0.0 -0.800000011920929 0.0 0.0 0.0 -0.6200000047683716 0.0 0.0 0.0 0.0 0.0 -0.6600000262260437 0.0 -0.7599999904632568 -0.18000000715255737 0.0 0.0 -0.18000000715255737 0.0 0.0 0.0 -0.550000011920929 -0.6200000047683716 0.0 0.0 0.0 0.0 -0.5099999904632568 0.0 -0.5099999904632568 0.0 0.0 0.0 -0.2800000011920929 0.0 0.0 0.0 -0.7599999904632568 -0.7599999904632568 -0.18000000715255737 0.0 0.0 -0.09000000357627869 0.0 -0.27000001072883606 0.0 0.0 0.0 -0.27000001072883606 0.0 0.0 0.0 -0.18000000715255737 0.0 0.0 -0.14000000059604645 0.0 0.0 -0.09000000357627869 -0.2199999988079071 0.0 0.0 0.0 -0.09000000357627869 0.0 -0.27000001072883606 0.0 0.0 0.0 -0.18000000715255737 0.0 0.0 -0.27000001072883606 0.0 0.0 0.0 -0.18000000715255737 0.0 0.0 0.0 -0.550000011920929 -0.6200000047683716 -0.18000000715255737 0.0 0.0 -0.18000000715255737 0.0 0.0 0.0 -0.550000011920929 -0.6200000047683716 0.0 0.0 -0.18000000715255737 0.0 0.0 -0.09000000357627869 0.0 -0.27000001072883606 0.0 0.0 0.0 -0.27000001072883606 0.0 0.0 0.0 -0.18000000715255737 0.0 0.0 -0.09000000357627869 0.0 -0.27000001072883606 0.0 0.0 0.0 -0.27000001072883606 0.0 0.0 0.0 0.0 -0.2800000011920929 0.0 0.0 0.0 -0.7599999904632568 -0.7599999904632568 -0.18000000715255737 0.0 0.0 -0.09000000357627869 0.0 -0.27000001072883606 0.0 0.0 0.0 -0.27000001072883606 0.0 0.0 0.0 0.0 0.0 0.0 -0.27000001072883606 0.0 0.0 -0.18000000715255737 0.0 0.0 -0.18000000715255737 0.0 0.0 0.0 0.0 0.0 -0.699999988079071 0.0 0.0 0.0 -0.18000000715255737 0.0 0.0 -0.18000000715255737 0.0 0.0 -0.18000000715255737 0.0 0.0 0.0 0.0 0.0 -0.30000001192092896 0.0 0.0 0.0 -0.18000000715255737 0.0 0.0 0.0 -0.11999999731779099 0.0 -0.11999999731779099 0.0 0.0 -0.5400000214576721 0.0 -0.11999999731779099 0.0 -0.11999999731779099 0.0 -0.18000000715255737 0.0 0.0 -0.18000000715255737 0.0 0.0 0.0 0.0 0.0 -0.699999988079071 0.0 0.0 -0.18000000715255737 0.0 0.0 -0.2800000011920929 0.0 0.0 0.0 -0.7599999904632568 -0.7599999904632568 -0.18000000715255737 0.0 0.0 -0.029999999329447746 -0.15000000596046448 0.0 -0.5099999904632568 0.0 0.0 0.0 -0.25 0.0 -0.20000000298023224 0.0 -0.27000001072883606 0.0 -0.14000000059604645 0.0 -0.18000000715255737 0.0 0.0 -0.18000000715255737 0.0 0.0 -0.18000000715255737 0.0 0.0 0.0 0.0 0.0 -0.30000001192092896 0.0 0.0 0.0 -0.09000000357627869 0.0 -0.27000001072883606 0.0 0.0 0.0 -0.27000001072883606 0.0 0.0 0.0 -0.18000000715255737 0.0 0.0 -0.14000000059604645 0.0 0.0 -0.09000000357627869 -0.2199999988079071 0.0 0.0 0.0 -0.18000000715255737 0.0 0.0 0.0 -0.550000011920929 -0.6200000047683716 0.0 0.0 0.0 0.0 -0.6600000262260437 0.0 -0.27000001072883606 0.0 0.0 0.0 -0.18000000715255737 0.0 0.0 -0.18000000715255737 0.0 0.0 -0.09000000357627869 0.0 -0.27000001072883606 0.0 0.0 0.0 -0.27000001072883606 0.0 0.0 0.0 -0.09000000357627869 0.0 -0.27000001072883606 0.0 0.0 0.0 -0.18000000715255737 0.0 0.0 -0.27000001072883606 0.0 0.0 0.0 -0.2800000011920929 0.0 0.0 -0.09000000357627869 0.0 -0.27000001072883606 0.0 0.0 0.0 -0.18000000715255737 0.0 0.0 -0.27000001072883606 0.0 0.0 0.0 0.0 -0.11999999731779099 -0.11999999731779099 0.0 0.0 -0.5400000214576721 0.0 -0.11999999731779099 0.0 -0.11999999731779099 0.0 0.0
367 -0.699999988079071 0.0 0.0 -0.800000011920929 0.0 0.0 -0.800000011920929 0.0 0.0 -0.18000000715255737 0.0 0.0 0.0 -0.550000011920929 -0.6200000047683716 0.0 0.0 0.0 0.0 -0.27000001072883606 0.0 0.0 0.0 -0.18000000715255737 0.0 0.0 -0.09000000357627869 -0.2199999988079071 0.0 0.0 0.0 -0.09000000357627869 -0.27000001072883606 0.0 -0.18000000715255737 0.0 0.0 -0.27000001072883606 0.0 0.0 -0.18000000715255737 0.0 0.0 -0.09000000357627869 0.0 -0.27000001072883606 0.0 0.0 0.0 -0.27000001072883606 0.0 0.0 0.0 -0.09000000357627869 0.0 -0.27000001072883606 0.0 0.0 0.0 -0.27000001072883606 0.0 0.0 -0.27000001072883606 0.0 -0.18000000715255737 0.0 -0.18000000715255737 0.0 0.0 -0.18000000715255737 0.0 0.0 -0.18000000715255737 0.0 0.0 -0.18000000715255737 0.0 0.0 -0.18000000715255737 0.0 0.0 0.0 -0.11999999731779099 0.0 -0.11999999731779099 0.0 0.0 -0.5400000214576721 0.0 -0.11999999731779099 0.0 -0.11999999731779099 0.0 -0.18000000715255737 0.0 0.0 -0.18000000715255737 0.0 0.0 0.0 0.0 0.0 -0.699999988079071 0.0 0.0 -0.800000011920929 0.0 -0.800000011920929 0.0 0.0 -0.18000000715255737 0.0 0.0 -0.2800000011920929 0.0 0.0 0.0 -0.7599999904632568 -0.7599999904632568 -0.18000000715255737 0.0 0.0 -0.029999999329447746 -0.15000000596046448 0.0 -0.5099999904632568 0.0 0.0 0.0 -0.25 0.0 -0.20000000298023224 0.0 -0.27000001072883606 0.0 -0.14000000059604645 0.0 -0.18000000715255737 0.0 0.0 -0.18000000715255737 0.0 0.0 -0.18000000715255737 0.0 0.0 0.0 0.0 0.0 -0.30000001192092896 0.0 0.0 0.0 -0.09000000357627869 0.0 -0.27000001072883606 0.0 0.0 0.0 -0.27000001072883606 0.0 0.0 0.0 -0.18000000715255737 0.0 0.0 -0.14000000059604645 0.0 0.0 -0.09000000357627869 -0.2199999988079071 0.0 0.0 0.0 -0.18000000715255737 0.0 0.0 0.0 -0.550000011920929 -0.6200000047683716 0.0 0.0 0.0 0.0 -0.6600000262260437 0.0 -0.27000001072883606 0.0 0.0 0.0 -0.18000000715255737 0.0 0.0 -0.09000000357627869 0.0 -0.27000001072883606 0.0 -0.27000001072883606 0.0 0.0 -0.18000000715255737 0.0 0.0 -0.09000000357627869 0.0 -0.27000001072883606 0.0 0.0 0.0 -0.27000001072883606 0.0 0.0 0.0 -0.09000000357627869 0.0 -0.27000001072883606 0.0 0.0 0.0 -0.18000000715255737 0.0 0.0 -0.27000001072883606 0.0 0.0 0.0 -0.18000000715255737 0.0 0.0 -0.18000000715255737 0.0 -0.09000000357627869 0.0 -0.27000001072883606 0.0 0.0 0.0 -0.18000000715255737 0.0 0.0 -0.27000001072883606 0.0 0.0 0.0 -0.18000000715255737 0.0 0.0 0.0 -0.11999999731779099 0.0 -0.11999999731779099 0.0 0.0 -0.5400000214576721 0.0 -0.11999999731779099 0.0 -0.11999999731779099 0.0 -0.550000011920929
368 0.0 0.0 -0.699999988079071 0.0 0.0 -0.800000011920929 0.0 0.0 -0.800000011920929 0.0 0.0 0.0 0.0 0.0 0.0 -0.6600000262260437 0.0 -0.6600000262260437 0.0 0.0 0.0 -0.550000011920929 -0.6200000047683716 0.0 0.0 0.0 0.0 -0.6600000262260437 0.0 -0.5099999904632568 0.0 -0.18000000715255737 0.0 0.0 -0.18000000715255737 0.0 0.0 0.0 -0.550000011920929 -0.6200000047683716 0.0 0.0 -0.18000000715255737 0.0 0.0 -0.2800000011920929 0.0 0.0 0.0 -0.7599999904632568 -0.7599999904632568 0.0 0.0 0.0 -0.6600000262260437 -0.09000000357627869 0.0 -0.27000001072883606 0.0 0.0 0.0 -0.18000000715255737 0.0 0.0 -0.27000001072883606 0.0 0.0 0.0 0.0 0.0 0.0 -0.09000000357627869 -0.27000001072883606 0.0 0.0 0.0 -0.27000001072883606 0.0 0.0 0.0 0.0 -0.18000000715255737 -0.18000000715255737 0.0 0.0 0.0 -0.18000000715255737 0.0 0.0 -0.18000000715255737 0.0 0.0 0.0 -0.11999999731779099 0.0 -0.11999999731779099 0.0 0.0 -0.5400000214576721 0.0 -0.11999999731779099 0.0 -0.11999999731779099 0.0 -0.18000000715255737 0.0 0.0 -0.18000000715255737 0.0 0.0 0.0 0.0 0.0 -0.699999988079071 0.0 0.0 -0.800000011920929 0.0 -0.18000000715255737 0.0 0.0 -0.2800000011920929 0.0 0.0 0.0 -0.7599999904632568 -0.7599999904632568 -0.18000000715255737 0.0 0.0 -0.029999999329447746 -0.15000000596046448 0.0 -0.5099999904632568 0.0 0.0 0.0 -0.25 0.0 -0.20000000298023224 0.0 -0.27000001072883606 0.0 -0.14000000059604645 0.0 -0.18000000715255737 0.0 0.0 -0.18000000715255737 0.0 0.0 -0.18000000715255737 0.0 0.0 0.0 0.0 0.0 -0.30000001192092896 0.0 0.0 0.0 -0.09000000357627869 0.0 -0.27000001072883606 0.0 0.0 0.0 -0.27000001072883606 0.0 0.0 0.0 -0.18000000715255737 0.0 0.0 -0.14000000059604645 0.0 0.0 -0.09000000357627869 -0.2199999988079071 0.0 0.0 0.0 -0.18000000715255737 0.0 0.0 0.0 -0.550000011920929 -0.6200000047683716 0.0 0.0 0.0 0.0 -0.6600000262260437 0.0 -0.27000001072883606 0.0 0.0 0.0 -0.18000000715255737 0.0 0.0 -0.09000000357627869 0.0 -0.27000001072883606 0.0 0.0 0.0 -0.27000001072883606 0.0 0.0 0.0 -0.18000000715255737 0.0 0.0 0.0 0.0 -0.09000000357627869 0.0 -0.27000001072883606 0.0 0.0 0.0 -0.18000000715255737 0.0 0.0 -0.27000001072883606 0.0 0.0 0.0 0.0 0.0 0.0 0.0
369 -0.18000000715255737 0.0 0.0 -0.18000000715255737 0.0 0.0 0.0 0.0 0.0 -0.699999988079071 0.0 0.0 -0.800000011920929 0.0 0.0 -0.800000011920929 0.0 0.0 0.0 0.0 0.0 0.0 -0.6600000262260437 0.0 0.0 0.0 0.0 -0.6600000262260437 0.0 -0.5400000214576721 0.0 -0.11999999731779099 0.0 -0.11999999731779099 0.0 -0.11999999731779099 0.0 -0.18000000715255737 0.0 0.0 0.0 -0.550000011920929 -0.6200000047683716 0.0 0.0 -0.18000000715255737 0.0 0.0 0.0 0.0 0.0 -0.6600000262260437 0.0 -0.2800000011920929 0.0 0.0 0.0 -0.7599999904632568 -0.7599999904632568 -0.11999999731779099 0.0 -0.11999999731779099 0.0 -0.5099999904632568 0.0 -0.18000000715255737 0.0 0.0 -0.18000000715255737 0.0 0.0 0.0 -0.550000011920929 -0.6200000047683716 0.0 0.0 -0.18000000715255737 0.0 0.0 -0.2800000011920929 0.0 0.0 -0.7599999904632568 0.0 -0.18000000715255737 0.0 -0.27000001072883606 0.0 0.0 0.0 -0.5099999904632568 0.0 -0.5099999904632568 0.0 0.0 0.0 -0.7599999904632568 -0.18000000715255737 0.0 0.0 -0.14000000059604645 0.0 0.0 -0.09000000357627869 -0.2199999988079071 0.0 0.0 0.0 0.0 -0.18000000715255737 0.0 0.0 -0.18000000715255737 0.0 0.0 0.0 -0.550000011920929 -0.6200000047683716 0.0 0.0 -0.18000000715255737 0.0 0.0 -0.09000000357627869 0.0 -0.27000001072883606 0.0 0.0 0.0 -0.27000001072883606 0.0 0.0 0.0 0.0 0.0 0.0 -0.18000000715255737 0.0 0.0 -0.18000000715255737 0.0 -0.18000000715255737 0.0 0.0 -0.18000000715255737 0.0 0.0 0.0 -0.11999999731779099 0.0 -0.11999999731779099 0.0 0.0 -0.11999999731779099 0.0 -0.11999999731779099 0.0 -0.18000000715255737 0.0 0.0 -0.18000000715255737 0.0 0.0 -0.18000000715255737 0.0 0.0 -0.2800000011920929 0.0 0.0 0.0 -0.7599999904632568 -0.7599999904632568 -0.18000000715255737 0.0 0.0 -0.029999999329447746 -0.15000000596046448 0.0 -0.5099999904632568 0.0 0.0 0.0 -0.25 0.0 -0.20000000298023224 0.0 -0.27000001072883606 0.0 -0.14000000059604645 0.0 -0.18000000715255737 0.0 0.0 -0.18000000715255737 0.0 0.0 -0.18000000715255737 0.0 0.0 0.0 0.0 0.0 -0.30000001192092896 0.0 -0.09000000357627869 0.0 -0.27000001072883606 0.0 0.0 0.0 -0.27000001072883606 0.0 0.0 0.0 -0.18000000715255737 0.0 0.0 -0.14000000059604645 0.0 0.0 -0.09000000357627869 -0.2199999988079071 0.0 0.0 0.0 -0.18000000715255737 0.0 0.0 0.0 -0.550000011920929 -0.6200000047683716 0.0 0.0 0.0 0.0 -0.6600000262260437 0.0 -0.27000001072883606 0.0 0.0 0.0 -0.18000000715255737 0.0 0.0 -0.09000000357627869 0.0 -0.27000001072883606 0.0 0.0 0.0 -0.27000001072883606 0.0 0.0 0.0 -0.18000000715255737 0.0 0.0 -0.09000000357627869 0.0 -0.27000001072883606 0.0 0.0 -0.27000001072883606 0.0 0.0 0.0 -0.09000000357627869 0.0 -0.27000001072883606 0.0 0.0 0.0 -0.18000000715255737 0.0 0.0 -0.27000001072883606 0.0 0.0 0.0 0.0 0.0
37 -0.10999999940395355 0.0 -0.23000000417232513 0.0 -0.18000000715255737 0.0 0.0 -0.18000000715255737 0.0 0.0 -0.18000000715255737 0.0 0.0 -0.029999999329447746 -0.15000000596046448 0.0 -0.5099999904632568 0.0 0.0 0.0 -0.25 0.0 -0.20000000298023224 0.0 -0.27000001072883606 0.0 -0.14000000059604645 0.0 -0.18000000715255737 0.0 0.0 -0.09000000357627869 0.0 -0.27000001072883606 0.0 0.0 0.0 -0.27000001072883606 0.0 0.0 0.0 -0.18000000715255737 0.0 0.0 0.0 -0.11999999731779099 0.0 -0.11999999731779099 0.0 0.0 -0.5400000214576721 0.0 -0.11999999731779099 0.0 -0.11999999731779099 0.0 -0.18000000715255737 0.0 0.0 -0.18000000715255737 0.0 0.0 -0.18000000715255737 0.0 0.0 0.0 0.0 0.0 -0.30000001192092896 0.0 0.0 0.0 -0.18000000715255737 0.0 0.0 -0.18000000715255737 0.0 0.0 -0.18000000715255737 0.0 0.0 -0.18000000715255737 0.0 0.0 -0.18000000715255737 0.0 0.0 0.0 0.0 0.0 -0.30000001192092896 0.0 0.0 0.0 -0.18000000715255737 0.0 -0.2800000011920929 0.0 0.0 0.0 -0.7599999904632568 -0.18000000715255737 0.0 0.0 0.0 -0.18000000715255737 0.0 0.0 -0.029999999329447746 -0.15000000596046448 0.0 -0.5099999904632568 0.0 0.0 -0.25 0.0 -0.20000000298023224 0.0 -0.27000001072883606 -0.14000000059604645 0.0 -0.18000000715255737 0.0 0.0 -0.18000000715255737 0.0 0.0 -0.18000000715255737 0.0 0.0 0.0 0.0 0.0 -0.30000001192092896 0.0 0.0 0.0 -0.18000000715255737 0.0 0.0 -0.18000000715255737 0.0 0.0 -0.18000000715255737 0.0 0.0 0.0 0.0 0.0 -0.30000001192092896 0.0 0.0 0.0 -0.18000000715255737 0.0 0.0 0.0 -0.11999999731779099 0.0 -0.11999999731779099 0.0 -0.11999999731779099 0.0 -0.11999999731779099 0.0 -0.11999999731779099 0.0 -0.18000000715255737 0.0 0.0 -0.029999999329447746 -0.15000000596046448 0.0 -0.5099999904632568 0.0 0.0 0.0 -0.25 0.0 -0.20000000298023224 0.0 -0.27000001072883606 0.0 -0.14000000059604645 0.0 -0.09000000357627869 0.0 -0.27000001072883606 0.0 0.0 0.0 -0.27000001072883606 0.0 0.0 0.0 -0.09000000357627869 0.0 -0.27000001072883606 0.0 0.0 0.0 -0.09000000357627869 0.0 -0.27000001072883606 0.0 0.0 -0.27000001072883606 0.0 0.0 0.0 -0.18000000715255737 0.0 0.0 0.0 0.0 -0.18000000715255737 0.0 0.0 -0.029999999329447746 -0.15000000596046448 0.0 -0.5099999904632568 0.0 0.0 0.0 -0.25 0.0 -0.20000000298023224 0.0 -0.27000001072883606 0.0 -0.14000000059604645 0.0 -0.18000000715255737 0.0 0.0 0.0 -0.11999999731779099 0.0 -0.11999999731779099 0.0 0.0 -0.5400000214576721 0.0 -0.11999999731779099 0.0 -0.11999999731779099 0.0 0.0 0.0 0.0 -0.6600000262260437 0.0 -0.18000000715255737 0.0 0.0 0.0 -0.550000011920929 -0.6200000047683716 0.0 0.0 -0.18000000715255737 0.0 0.0 -0.18000000715255737 0.0 0.0 0.0 -0.550000011920929 -0.6200000047683716 0.0 0.0 -0.27000001072883606 0.0 0.0 0.0 -0.18000000715255737 0.0 0.0 -0.18000000715255737 0.0 0.0 0.0 0.0 0.0 -0.27000001072883606 0.0 0.0 0.0 -0.2800000011920929 0.0 0.0 0.0 -0.7599999904632568 -0.7599999904632568 0.0 0.0 0.0 0.0 0.0 0.0 0.0 -0.11999999731779099 0.0 -0.18000000715255737 0.0 -0.11999999731779099 0.0 0.0 -0.18000000715255737 0.0 0.0 -0.18000000715255737 0.0 0.0 0.0 -0.11999999731779099 0.0 -0.11999999731779099 0.0 -0.11999999731779099 0.0 -0.11999999731779099 0.0 -0.11999999731779099 0.0 -0.27000001072883606 0.0 0.0 0.0 -0.27000001072883606 0.0 0.0 -0.18000000715255737 -0.2800000011920929 0.0 0.0 0.0 -0.7599999904632568 -0.7599999904632568 -0.7599999904632568 -0.029999999329447746 -0.15000000596046448 0.0 -0.5099999904632568 0.0 0.0 0.0 -0.25 -0.20000000298023224 0.0 -0.27000001072883606 0.0 -0.14000000059604645 0.0
370 -0.18000000715255737 0.0 0.0 -0.18000000715255737 0.0 0.0 0.0 0.0 0.0 -0.699999988079071 0.0 0.0 -0.800000011920929 0.0 0.0 -0.800000011920929 0.0 0.0 0.0 -0.6600000262260437 0.0 -0.5400000214576721 0.0 -0.11999999731779099 0.0 -0.11999999731779099 0.0 -0.18000000715255737 0.0 0.0 0.0 -0.550000011920929 -0.6200000047683716 0.0 0.0 0.0 0.0 0.0 -0.6600000262260437 0.0 -0.7599999904632568 -0.18000000715255737 0.0 0.0 0.0 -0.6200000047683716 0.0 0.0 0.0 0.0 -0.05000000074505806 0.0 0.0 0.0 0.0 -0.5099999904632568 0.0 -0.5099999904632568 0.0 0.0 0.0 -0.2800000011920929 0.0 0.0 0.0 -0.7599999904632568 -0.7599999904632568 0.0 -0.18000000715255737 0.0 0.0 -0.14000000059604645 0.0 0.0 -0.09000000357627869 -0.2199999988079071 0.0 0.0 0.0 -0.09000000357627869 0.0 -0.27000001072883606 0.0 0.0 0.0 -0.18000000715255737 0.0 0.0 -0.27000001072883606 0.0 0.0 0.0 -0.18000000715255737 0.0 0.0 -0.18000000715255737 0.0 0.0 0.0 -0.550000011920929 -0.6200000047683716 0.0 0.0 -0.18000000715255737 0.0 0.0 -0.09000000357627869 0.0 -0.27000001072883606 0.0 0.0 0.0 -0.27000001072883606 0.0 0.0 0.0 -0.27000001072883606 0.0 0.0 0.0 -0.18000000715255737 0.0 -0.18000000715255737 0.0 0.0 0.0 -0.11999999731779099 0.0 -0.11999999731779099 0.0 0.0 -0.5400000214576721 0.0 -0.11999999731779099 0.0 -0.11999999731779099 0.0 -0.18000000715255737 0.0 0.0 0.0 -0.18000000715255737 0.0 0.0 -0.2800000011920929 0.0 0.0 -0.7599999904632568 -0.18000000715255737 0.0 0.0 -0.029999999329447746 -0.15000000596046448 0.0 -0.5099999904632568 0.0 0.0 0.0 -0.25 0.0 -0.20000000298023224 0.0 -0.27000001072883606 0.0 -0.14000000059604645 0.0 -0.18000000715255737 0.0 0.0 -0.18000000715255737 0.0 0.0 -0.18000000715255737 0.0 0.0 0.0 0.0 0.0 -0.30000001192092896 0.0 0.0 0.0 -0.09000000357627869 0.0 -0.27000001072883606 0.0 0.0 0.0 -0.27000001072883606 0.0 0.0 0.0 -0.18000000715255737 0.0 0.0 -0.14000000059604645 0.0 0.0 -0.09000000357627869 -0.2199999988079071 0.0 0.0 0.0 -0.18000000715255737 0.0 0.0 0.0 -0.550000011920929 -0.6200000047683716 0.0 0.0 0.0 0.0 -0.6600000262260437 0.0 -0.27000001072883606 0.0 0.0 0.0 -0.18000000715255737 0.0 0.0 -0.09000000357627869 0.0 -0.27000001072883606 0.0 0.0 0.0 -0.27000001072883606 0.0 0.0 0.0 -0.18000000715255737 0.0 0.0 -0.09000000357627869 0.0 -0.27000001072883606 0.0 0.0 0.0 -0.27000001072883606 0.0 0.0 0.0 -0.09000000357627869 0.0 -0.27000001072883606 0.0 0.0 0.0 -0.18000000715255737 0.0 0.0 -0.27000001072883606 0.0 0.0 0.0 -0.18000000715255737 0.0 0.0 -0.18000000715255737 0.0 0.0 0.0 -0.550000011920929 -0.6200000047683716 -0.2800000011920929 0.0 0.0 0.0 -0.7599999904632568 -0.7599999904632568 -0.09000000357627869 0.0 -0.27000001072883606 0.0 0.0 0.0 -0.18000000715255737 0.0 0.0 -0.27000001072883606 0.0 0.0 0.0 -0.18000000715255737 0.0 0.0 0.0 -0.5400000214576721 0.0 -0.11999999731779099 0.0 -0.11999999731779099 0.0
371 -0.18000000715255737 0.0 0.0 -0.18000000715255737 0.0 -0.18000000715255737 0.0 0.0 0.0 0.0 0.0 -0.699999988079071 0.0 0.0 -0.800000011920929 0.0 0.0 -0.800000011920929 0.0 0.0 0.0 0.0 -0.18000000715255737 0.0 -0.18000000715255737 0.0 0.0 0.0 -0.30000001192092896 0.0 0.0 0.0 0.0 0.0 0.0 0.0 0.0 -0.6600000262260437 0.0 -0.5400000214576721 0.0 0.0 0.0 -0.550000011920929 -0.6200000047683716 0.0 0.0 0.0 0.0 0.0 -0.6200000047683716 0.0 -0.18000000715255737 0.0 0.0 0.0 -0.7599999904632568 -0.09000000357627869 0.0 -0.27000001072883606 0.0 0.0 -0.18000000715255737 0.0 0.0 -0.27000001072883606 0.0 0.0 0.0 0.0 -0.7599999904632568 0.0 0.0 -0.09000000357627869 -0.2199999988079071 0.0 0.0 0.0 0.0 0.0 0.0 0.0 -0.5400000214576721 0.0 -0.11999999731779099 0.0 -0.18000000715255737 0.0 0.0 -0.18000000715255737 0.0 -0.18000000715255737 0.0 0.0 -0.029999999329447746 -0.15000000596046448 0.0 -0.5099999904632568 0.0 0.0 0.0 -0.25 0.0 -0.20000000298023224 0.0 -0.27000001072883606 0.0 -0.14000000059604645 0.0 -0.18000000715255737 0.0 0.0 -0.18000000715255737 0.0 0.0 -0.18000000715255737 0.0 0.0 0.0 0.0 0.0 -0.30000001192092896 0.0 0.0 0.0 -0.09000000357627869 0.0 -0.27000001072883606 0.0 0.0 0.0 -0.27000001072883606 0.0 0.0 0.0 -0.18000000715255737 0.0 0.0 -0.14000000059604645 0.0 0.0 -0.09000000357627869 -0.2199999988079071 0.0 0.0 0.0 -0.18000000715255737 0.0 0.0 0.0 -0.550000011920929 -0.6200000047683716 0.0 0.0 0.0 0.0 -0.6600000262260437 0.0 -0.27000001072883606 0.0 0.0 0.0 -0.18000000715255737 0.0 0.0 -0.09000000357627869 0.0 -0.27000001072883606 0.0 0.0 0.0 -0.27000001072883606 0.0 0.0 0.0 -0.18000000715255737 0.0 0.0 -0.09000000357627869 0.0 -0.27000001072883606 0.0 0.0 0.0 -0.27000001072883606 0.0 0.0 0.0 -0.09000000357627869 0.0 -0.27000001072883606 0.0 0.0 0.0 -0.18000000715255737 0.0 0.0 -0.27000001072883606 0.0 0.0 0.0 -0.18000000715255737 0.0 0.0 -0.18000000715255737 0.0 0.0 0.0 -0.550000011920929 -0.6200000047683716 0.0 0.0 -0.2800000011920929 0.0 0.0 0.0 -0.7599999904632568 -0.7599999904632568 -0.09000000357627869 0.0 -0.27000001072883606 0.0 0.0 0.0 -0.18000000715255737 0.0 0.0 -0.27000001072883606 0.0 0.0 0.0 -0.18000000715255737 0.0 0.0 0.0 -0.11999999731779099 0.0 -0.11999999731779099 0.0 -0.5400000214576721 0.0 -0.11999999731779099 0.0 -0.11999999731779099 0.0 -0.18000000715255737 0.0 0.0
372 -0.18000000715255737 0.0 0.0 -0.14000000059604645 0.0 0.0 -0.09000000357627869 -0.2199999988079071 0.0 0.0 0.0 0.0 0.0 0.0 -0.6600000262260437 0.0 -0.18000000715255737 0.0 0.0 -0.18000000715255737 0.0 0.0 0.0 0.0 0.0 -0.699999988079071 0.0 0.0 -0.800000011920929 0.0 0.0 -0.800000011920929 0.0 0.0 -0.18000000715255737 0.0 -0.18000000715255737 0.0 0.0 -0.18000000715255737 0.0 0.0 -0.18000000715255737 0.0 0.0 0.0 -0.09000000357627869 0.0 -0.27000001072883606 0.0 0.0 0.0 -0.18000000715255737 0.0 0.0 -0.27000001072883606 0.0 0.0 0.0 -0.2800000011920929 0.0 0.0 -0.18000000715255737 0.0 -0.09000000357627869 0.0 -0.27000001072883606 0.0 -0.27000001072883606 0.0 0.0 0.0 -0.18000000715255737 0.0 -0.18000000715255737 0.0 -0.18000000715255737 0.0 0.0 0.0 0.0 -0.30000001192092896 0.0 0.0 0.0 0.0 0.0 0.0 -0.6600000262260437 0.0 0.0 -0.11999999731779099 0.0 -0.11999999731779099 0.0 0.0 -0.5400000214576721 0.0 -0.11999999731779099 0.0 -0.11999999731779099 0.0 -0.5400000214576721 0.0 -0.18000000715255737 0.0 0.0 0.0 -0.11999999731779099 0.0 -0.11999999731779099 0.0 -0.11999999731779099 0.0 -0.11999999731779099 0.0 -0.11999999731779099 0.0 -0.18000000715255737 0.0 0.0 -0.550000011920929 -0.6200000047683716 0.0 0.0 -0.23000000417232513 0.0 -0.18000000715255737 0.0 0.0 0.0 0.0 -0.30000001192092896 0.0 0.0 0.0 -0.5099999904632568 0.0 0.0 0.0 -0.2800000011920929 0.0 0.0 0.0 -0.7599999904632568 -0.7599999904632568 0.0 0.0 -0.14000000059604645 -0.09000000357627869 -0.2199999988079071 0.0 0.0 0.0 -0.18000000715255737 0.0 0.0 -0.27000001072883606 0.0 -0.5099999904632568 0.0 0.0 -0.25 0.0 -0.20000000298023224 0.0 -0.27000001072883606 0.0 -0.14000000059604645 0.0 -0.18000000715255737 0.0 0.0 -0.18000000715255737 0.0 0.0 -0.18000000715255737 0.0 0.0 0.0 -0.09000000357627869 0.0 -0.27000001072883606 0.0 0.0 0.0 -0.27000001072883606 0.0 0.0 -0.18000000715255737 0.0 0.0 -0.14000000059604645 0.0 0.0 -0.09000000357627869 0.0 -0.18000000715255737 0.0 0.0 0.0 -0.550000011920929 -0.6200000047683716 0.0 0.0 0.0 0.0 -0.6600000262260437 0.0 -0.27000001072883606 0.0 0.0 0.0 -0.18000000715255737 0.0 0.0 -0.09000000357627869 0.0 -0.27000001072883606 0.0 0.0 0.0 -0.27000001072883606 0.0 0.0 0.0 -0.18000000715255737 0.0 0.0 -0.09000000357627869 0.0 -0.27000001072883606 0.0 0.0 0.0 -0.27000001072883606 0.0 0.0 0.0 -0.09000000357627869 0.0 -0.27000001072883606 0.0 0.0 0.0 -0.18000000715255737 0.0 0.0 -0.27000001072883606 0.0 0.0 0.0 -0.18000000715255737 0.0 0.0 -0.18000000715255737 0.0 0.0 0.0 -0.550000011920929 -0.6200000047683716 0.0 0.0 -0.2800000011920929 0.0 0.0 0.0 -0.7599999904632568 -0.7599999904632568 -0.09000000357627869 0.0 -0.27000001072883606 0.0 0.0 0.0 -0.18000000715255737 0.0 0.0 -0.27000001072883606 0.0 0.0 0.0 -0.18000000715255737 0.0 0.0 0.0 -0.11999999731779099 -0.11999999731779099 0.0 -0.11999999731779099 0.0 -0.18000000715255737 0.0 0.0 -0.18000000715255737 0.0 0.0 0.0 -0.550000011920929 -0.18000000715255737 0.0 -0.18000000715255737 0.0 0.0 0.0 -0.550000011920929 -0.6200000047683716 0.0 0.0
373 -0.18000000715255737 0.0 0.0 -0.14000000059604645 0.0 0.0 -0.09000000357627869 0.0 -0.18000000715255737 0.0 0.0 -0.18000000715255737 0.0 0.0 0.0 0.0 0.0 -0.699999988079071 0.0 0.0 -0.800000011920929 0.0 0.0 -0.800000011920929 0.0 0.0 0.0 -0.10999999940395355 0.0 0.0 -0.23000000417232513 0.0 -0.18000000715255737 0.0 0.0 -0.18000000715255737 0.0 0.0 -0.18000000715255737 0.0 0.0 0.0 0.0 0.0 -0.30000001192092896 0.0 0.0 0.0 -0.05000000074505806 0.0 0.0 0.0 0.0 0.0 -0.5099999904632568 0.0 -0.5099999904632568 0.0 0.0 0.0 -0.2800000011920929 0.0 0.0 0.0 -0.7599999904632568 -0.7599999904632568 -0.18000000715255737 0.0 0.0 -0.09000000357627869 0.0 -0.27000001072883606 0.0 0.0 0.0 -0.27000001072883606 0.0 0.0 0.0 -0.27000001072883606 0.0 0.0 0.0 -0.18000000715255737 0.0 0.0 -0.14000000059604645 0.0 0.0 -0.09000000357627869 -0.2199999988079071 0.0 0.0 0.0 -0.09000000357627869 0.0 -0.27000001072883606 0.0 0.0 0.0 -0.18000000715255737 0.0 0.0 -0.27000001072883606 0.0 0.0 0.0 -0.18000000715255737 0.0 0.0 -0.550000011920929 -0.6200000047683716 0.0 -0.18000000715255737 0.0 0.0 -0.550000011920929 -0.18000000715255737 0.0 0.0 -0.09000000357627869 0.0 -0.27000001072883606 0.0 0.0 0.0 -0.27000001072883606 0.0 0.0 0.0 -0.09000000357627869 0.0 -0.27000001072883606 0.0 0.0 0.0 0.0 -0.5400000214576721 0.0 -0.11999999731779099 0.0 -0.11999999731779099 0.0 -0.18000000715255737 0.0 0.0 -0.029999999329447746 -0.15000000596046448 0.0 -0.5099999904632568 0.0 0.0 0.0 -0.25 0.0 -0.20000000298023224 0.0 -0.27000001072883606 0.0 -0.14000000059604645 0.0 -0.18000000715255737 0.0 0.0 -0.18000000715255737 0.0 0.0 -0.18000000715255737 0.0 0.0 0.0 0.0 -0.18000000715255737 0.0 0.0 -0.14000000059604645 0.0 0.0 -0.09000000357627869 -0.2199999988079071 0.0 0.0 0.0 -0.18000000715255737 0.0 0.0 0.0 -0.550000011920929 -0.6200000047683716 0.0 0.0 0.0 0.0 -0.6600000262260437 0.0 -0.27000001072883606 0.0 0.0 0.0 -0.18000000715255737 0.0 0.0 -0.09000000357627869 0.0 -0.27000001072883606 0.0 0.0 0.0 -0.27000001072883606 0.0 0.0 0.0 -0.18000000715255737 0.0 0.0 -0.09000000357627869 0.0 -0.27000001072883606 0.0 0.0 0.0 -0.27000001072883606 0.0 0.0 0.0 -0.09000000357627869 0.0 -0.27000001072883606 0.0 0.0 0.0 -0.18000000715255737 0.0 0.0 -0.27000001072883606 0.0 0.0 0.0 -0.18000000715255737 0.0 0.0 -0.18000000715255737 0.0 0.0 0.0 -0.550000011920929 -0.6200000047683716 0.0 0.0 -0.2800000011920929 0.0 0.0 0.0 -0.7599999904632568 -0.7599999904632568 -0.09000000357627869 0.0 -0.27000001072883606 0.0 0.0 0.0 -0.18000000715255737 0.0 0.0 -0.27000001072883606 0.0 0.0 0.0 -0.18000000715255737 0.0 0.0 0.0 -0.11999999731779099 0.0 -0.11999999731779099 0.0 0.0 -0.5400000214576721 0.0 -0.11999999731779099 0.0 -0.11999999731779099 0.0 -0.18000000715255737 0.0 0.0 -0.18000000715255737 0.0 0.0 0.0 -0.18000000715255737 0.0 0.0 -0.18000000715255737 0.0 0.0 0.0 -0.550000011920929 -0.6200000047683716 0.0 0.0 -0.18000000715255737 0.0 -0.18000000715255737 0.0 0.0 -0.550000011920929 -0.6200000047683716 0.0 0.0
374 0.0 -0.18000000715255737 0.0 0.0 0.0 0.0 -0.699999988079071 0.0 0.0 -0.800000011920929 0.0 0.0 -0.800000011920929 0.0 0.0 0.0 -0.30000001192092896 0.0 0.0 0.0 -0.2800000011920929 0.0 0.0 0.0 -0.7599999904632568 -0.7599999904632568 0.0 -0.18000000715255737 0.0 0.0 -0.14000000059604645 -0.09000000357627869 -0.2199999988079071 0.0 0.0 0.0 -0.09000000357627869 0.0 -0.27000001072883606 0.0 0.0 0.0 -0.18000000715255737 0.0 0.0 -0.27000001072883606 0.0 0.0 0.0 -0.18000000715255737 0.0 0.0 -0.09000000357627869 0.0 -0.27000001072883606 0.0 0.0 0.0 -0.27000001072883606 0.0 0.0 0.0 -0.09000000357627869 0.0 0.0 -0.27000001072883606 0.0 0.0 0.0 0.0 -0.18000000715255737 0.0 0.0 0.0 -0.11999999731779099 0.0 -0.11999999731779099 0.0 0.0 -0.5400000214576721 0.0 -0.11999999731779099 0.0 -0.11999999731779099 0.0 -0.18000000715255737 0.0 -0.18000000715255737 0.0 0.0 -0.18000000715255737 0.0 0.0 -0.029999999329447746 -0.15000000596046448 0.0 -0.5099999904632568 0.0 0.0 0.0 -0.25 0.0 -0.20000000298023224 0.0 -0.27000001072883606 0.0 -0.14000000059604645 0.0 -0.18000000715255737 0.0 0.0 -0.18000000715255737 0.0 0.0 -0.18000000715255737 0.0 0.0 0.0 0.0 0.0 -0.30000001192092896 0.0 0.0 0.0 -0.09000000357627869 0.0 -0.27000001072883606 0.0 0.0 0.0 -0.27000001072883606 0.0 0.0 0.0 -0.18000000715255737 0.0 0.0 -0.14000000059604645 0.0 0.0 -0.2199999988079071 0.0 0.0 -0.18000000715255737 0.0 0.0 0.0 -0.550000011920929 -0.6200000047683716 0.0 0.0 0.0 0.0 -0.6600000262260437 0.0 -0.27000001072883606 0.0 0.0 0.0 -0.18000000715255737 0.0 0.0 -0.09000000357627869 0.0 -0.27000001072883606 0.0 0.0 0.0 -0.27000001072883606 0.0 0.0 0.0 -0.18000000715255737 0.0 0.0 -0.09000000357627869 0.0 -0.27000001072883606 0.0 0.0 0.0 -0.27000001072883606 0.0 0.0 0.0 -0.09000000357627869 0.0 -0.27000001072883606 0.0 0.0 0.0 -0.18000000715255737 0.0 0.0 -0.27000001072883606 0.0 0.0 0.0 -0.18000000715255737 0.0 0.0 -0.18000000715255737 0.0 0.0 0.0 -0.550000011920929 -0.6200000047683716 0.0 0.0 -0.2800000011920929 0.0 0.0 0.0 -0.7599999904632568 -0.7599999904632568 -0.09000000357627869 0.0 -0.27000001072883606 0.0 0.0 0.0 -0.18000000715255737 0.0 0.0 -0.27000001072883606 0.0 0.0 0.0 -0.18000000715255737 0.0 0.0 0.0 -0.11999999731779099 0.0 -0.11999999731779099 0.0 0.0 -0.5400000214576721 0.0 -0.11999999731779099 0.0 -0.11999999731779099 0.0 -0.18000000715255737 0.0 0.0 -0.18000000715255737 0.0 0.0 0.0 -0.550000011920929 -0.6200000047683716 0.0 -0.18000000715255737 0.0 0.0 -0.18000000715255737 0.0 0.0 0.0 -0.550000011920929 -0.6200000047683716 0.0 0.0 -0.18000000715255737 0.0 0.0 -0.18000000715255737 0.0 0.0 0.0 -0.550000011920929 -0.6200000047683716 0.0 0.0 0.0 0.0
375 -0.18000000715255737 0.0 0.0 -0.14000000059604645 0.0 0.0 -0.09000000357627869 -0.2199999988079071 0.0 0.0 0.0 -0.18000000715255737 0.0 0.0 -0.699999988079071 0.0 0.0 -0.800000011920929 0.0 0.0 -0.27000001072883606 0.0 0.0 0.0 0.0 -0.30000001192092896 0.0 0.0 0.0 0.0 0.0 -0.7599999904632568 -0.7599999904632568 -0.2199999988079071 0.0 0.0 0.0 -0.27000001072883606 0.0 0.0 -0.5400000214576721 0.0 -0.25 0.0 -0.20000000298023224 0.0 -0.27000001072883606 0.0 -0.14000000059604645 0.0 -0.18000000715255737 0.0 0.0 -0.18000000715255737 0.0 0.0 -0.18000000715255737 0.0 0.0 0.0 0.0 0.0 -0.30000001192092896 0.0 0.0 0.0 -0.18000000715255737 0.0 0.0 0.0 -0.550000011920929 -0.6200000047683716 0.0 0.0 0.0 -0.6600000262260437 0.0 -0.27000001072883606 0.0 0.0 0.0 -0.18000000715255737 0.0 0.0 -0.09000000357627869 0.0 -0.27000001072883606 0.0 0.0 0.0 -0.27000001072883606 0.0 0.0 0.0 -0.18000000715255737 0.0 0.0 -0.09000000357627869 0.0 -0.27000001072883606 0.0 0.0 0.0 -0.27000001072883606 0.0 0.0 0.0 -0.09000000357627869 0.0 -0.27000001072883606 0.0 0.0 0.0 -0.18000000715255737 0.0 0.0 -0.27000001072883606 0.0 0.0 0.0 -0.18000000715255737 0.0 0.0 -0.18000000715255737 0.0 0.0 0.0 -0.550000011920929 -0.6200000047683716 0.0 0.0 -0.2800000011920929 0.0 0.0 0.0 -0.7599999904632568 -0.7599999904632568 -0.09000000357627869 0.0 -0.27000001072883606 0.0 0.0 0.0 -0.18000000715255737 0.0 0.0 -0.27000001072883606 0.0 0.0 0.0 -0.18000000715255737 0.0 0.0 0.0 -0.11999999731779099 0.0 -0.11999999731779099 0.0 0.0 -0.5400000214576721 0.0 -0.11999999731779099 0.0 -0.11999999731779099 0.0 -0.18000000715255737 0.0 0.0 -0.18000000715255737 0.0 0.0 0.0 -0.550000011920929 -0.6200000047683716 0.0 0.0 -0.18000000715255737 0.0 0.0 -0.18000000715255737 0.0 0.0 0.0 -0.550000011920929 -0.6200000047683716 0.0 0.0 -0.18000000715255737 0.0 0.0 -0.18000000715255737 0.0 0.0 0.0 -0.550000011920929 -0.6200000047683716 0.0 0.0 -0.27000001072883606 0.0 0.0 0.0
376 -0.18000000715255737 0.0 0.0 -0.14000000059604645 0.0 0.0 -0.09000000357627869 -0.2199999988079071 0.0 0.0 0.0 0.0 0.0 0.0 -0.18000000715255737 0.0 0.0 0.0 -0.699999988079071 0.0 0.0 -0.800000011920929 0.0 0.0 0.0 0.0 -0.27000001072883606 0.0 0.0 0.0 -0.10999999940395355 0.0 0.0 -0.23000000417232513 0.0 -0.18000000715255737 0.0 0.0 -0.18000000715255737 0.0 0.0 -0.18000000715255737 0.0 0.0 0.0 0.0 0.0 -0.30000001192092896 0.0 0.0 0.0 0.0 -0.2800000011920929 0.0 0.0 0.0 -0.7599999904632568 -0.7599999904632568 -0.09000000357627869 0.0 0.0 -0.27000001072883606 0.0 0.0 0.0 -0.2199999988079071 0.0 0.0 0.0 -0.18000000715255737 0.0 0.0 -0.27000001072883606 0.0 0.0 0.0 -0.20000000298023224 0.0 -0.27000001072883606 0.0 -0.14000000059604645 0.0 0.0 0.0 0.0 0.0 -0.18000000715255737 0.0 0.0 0.0 -0.550000011920929 0.0 0.0 -0.6600000262260437 0.0 -0.27000001072883606 0.0 0.0 0.0 -0.18000000715255737 0.0 0.0 -0.09000000357627869 0.0 -0.27000001072883606 0.0 0.0 0.0 -0.27000001072883606 0.0 0.0 0.0 -0.18000000715255737 0.0 0.0 -0.09000000357627869 0.0 -0.27000001072883606 0.0 0.0 0.0 -0.27000001072883606 0.0 0.0 0.0 -0.09000000357627869 0.0 -0.27000001072883606 0.0 0.0 0.0 -0.18000000715255737 0.0 0.0 -0.27000001072883606 0.0 0.0 0.0 -0.18000000715255737 0.0 0.0 -0.18000000715255737 0.0 0.0 0.0 -0.550000011920929 -0.6200000047683716 0.0 0.0 -0.2800000011920929 0.0 0.0 0.0 -0.7599999904632568 -0.7599999904632568 -0.09000000357627869 0.0 -0.27000001072883606 0.0 0.0 0.0 -0.18000000715255737 0.0 0.0 -0.27000001072883606 0.0 0.0 0.0 -0.18000000715255737 0.0 0.0 0.0 -0.11999999731779099 0.0 -0.11999999731779099 0.0 0.0 -0.5400000214576721 0.0 -0.11999999731779099 0.0 -0.11999999731779099 0.0 -0.18000000715255737 0.0 0.0 -0.18000000715255737 0.0 0.0 0.0 -0.550000011920929 -0.6200000047683716 0.0 0.0 -0.18000000715255737 0.0 0.0 -0.18000000715255737 0.0 0.0 0.0 -0.550000011920929 -0.6200000047683716 0.0 0.0 -0.18000000715255737 0.0 0.0 -0.18000000715255737 0.0 0.0 0.0 -0.550000011920929 -0.6200000047683716 0.0 0.0 -0.27000001072883606 0.0 0.0 0.0 0.0 0.0
377 0.0 0.0 0.0 -0.18000000715255737 0.0 -0.18000000715255737 0.0 0.0 -0.18000000715255737 0.0 0.0 0.0 0.0 0.0 -0.30000001192092896 0.0 0.0 0.0 0.0 -0.2800000011920929 0.0 0.0 0.0 -0.7599999904632568 -0.7599999904632568 -0.18000000715255737 0.0 0.0 -0.09000000357627869 0.0 -0.27000001072883606 0.0 0.0 0.0 -0.27000001072883606 0.0 0.0 0.0 -0.18000000715255737 0.0 0.0 -0.14000000059604645 0.0 0.0 -0.09000000357627869 -0.2199999988079071 0.0 0.0 0.0 -0.09000000357627869 0.0 -0.27000001072883606 0.0 0.0 0.0 -0.18000000715255737 0.0 0.0 -0.27000001072883606 0.0 0.0 0.0 -0.550000011920929 -0.18000000715255737 0.0 0.0 -0.09000000357627869 -0.27000001072883606 0.0 0.0 0.0 -0.09000000357627869 0.0 -0.27000001072883606 0.0 0.0 0.0 -0.27000001072883606 0.0 0.0 -0.11999999731779099 0.0 0.0 -0.5400000214576721 0.0 -0.11999999731779099 0.0 -0.11999999731779099 0.0 0.0 -0.029999999329447746 -0.15000000596046448 -0.5099999904632568 0.0 0.0 0.0 -0.25 0.0 -0.20000000298023224 0.0 -0.27000001072883606 0.0 -0.14000000059604645 0.0 -0.18000000715255737 0.0 0.0 -0.18000000715255737 0.0 0.0 -0.18000000715255737 0.0 0.0 0.0 0.0 0.0 -0.30000001192092896 0.0 0.0 -0.18000000715255737 0.0 0.0 0.0 -0.550000011920929 -0.6200000047683716 0.0 0.0 0.0 0.0 -0.6600000262260437 0.0 -0.18000000715255737 0.0 0.0 -0.09000000357627869 0.0 0.0 -0.27000001072883606 0.0 0.0 -0.18000000715255737 0.0 0.0 -0.09000000357627869 0.0 -0.27000001072883606 0.0 0.0 0.0 -0.27000001072883606 0.0 0.0 0.0 -0.09000000357627869 0.0 -0.27000001072883606 0.0 0.0 0.0 -0.18000000715255737 0.0 0.0 -0.27000001072883606 0.0 0.0 0.0 -0.18000000715255737 0.0 0.0 -0.18000000715255737 0.0 0.0 0.0 -0.550000011920929 -0.6200000047683716 0.0 0.0 -0.2800000011920929 0.0 0.0 0.0 -0.7599999904632568 -0.7599999904632568 -0.09000000357627869 0.0 -0.27000001072883606 0.0 0.0 0.0 -0.18000000715255737 0.0 0.0 -0.27000001072883606 0.0 0.0 0.0 -0.18000000715255737 0.0 0.0 0.0 -0.11999999731779099 0.0 -0.11999999731779099 0.0 0.0 -0.5400000214576721 0.0 -0.11999999731779099 0.0 -0.11999999731779099 0.0 -0.18000000715255737 0.0 0.0 -0.18000000715255737 0.0 0.0 0.0 -0.550000011920929 -0.6200000047683716 0.0 0.0 -0.18000000715255737 0.0 0.0 -0.18000000715255737 0.0 0.0 0.0 -0.550000011920929 -0.6200000047683716 0.0 0.0 -0.18000000715255737 0.0 0.0 -0.18000000715255737 0.0 0.0 0.0 -0.550000011920929 -0.6200000047683716 0.0 0.0 -0.27000001072883606 0.0 0.0 0.0 0.0 0.0 0.0 0.0
378 -0.30000001192092896 0.0 0.0 0.0 0.0 0.0 -0.27000001072883606 0.0 0.0 0.0 0.0 -0.11999999731779099 0.0 -0.11999999731779099 0.0 0.0 -0.5400000214576721 0.0 -0.11999999731779099 0.0 -0.11999999731779099 0.0 0.0 -0.25 0.0 -0.20000000298023224 0.0 -0.14000000059604645 0.0 -0.18000000715255737 0.0 0.0 -0.18000000715255737 0.0 0.0 -0.18000000715255737 0.0 0.0 0.0 0.0 0.0 -0.30000001192092896 0.0 0.0 0.0 0.0 -0.18000000715255737 0.0 0.0 0.0 0.0 -0.6600000262260437 0.0 -0.27000001072883606 0.0 0.0 0.0 -0.18000000715255737 0.0 0.0 0.0 -0.18000000715255737 0.0 0.0 -0.09000000357627869 0.0 -0.27000001072883606 0.0 0.0 0.0 -0.27000001072883606 0.0 0.0 0.0 -0.09000000357627869 0.0 -0.27000001072883606 0.0 0.0 0.0 -0.18000000715255737 0.0 0.0 -0.27000001072883606 0.0 0.0 0.0 -0.18000000715255737 0.0 0.0 -0.18000000715255737 0.0 0.0 0.0 -0.550000011920929 -0.6200000047683716 0.0 0.0 -0.2800000011920929 0.0 0.0 0.0 -0.7599999904632568 -0.7599999904632568 -0.09000000357627869 0.0 -0.27000001072883606 0.0 0.0 0.0 -0.18000000715255737 0.0 0.0 -0.27000001072883606 0.0 0.0 0.0 -0.18000000715255737 0.0 0.0 0.0 -0.11999999731779099 0.0 -0.11999999731779099 0.0 0.0 -0.5400000214576721 0.0 -0.11999999731779099 0.0 -0.11999999731779099 0.0 -0.18000000715255737 0.0 0.0 -0.18000000715255737 0.0 0.0 0.0 -0.550000011920929 -0.6200000047683716 0.0 0.0 -0.18000000715255737 0.0 0.0 -0.18000000715255737 0.0 0.0 0.0 -0.550000011920929 -0.6200000047683716 0.0 0.0 -0.18000000715255737 0.0 0.0 -0.18000000715255737 0.0 0.0 0.0 -0.550000011920929 -0.6200000047683716 0.0 0.0 -0.27000001072883606 0.0 0.0 0.0 0.0 0.0 0.0 -0.18000000715255737 0.0 0.0 -0.18000000715255737 0.0 0.0 -0.18000000715255737 -0.18000000715255737 0.0 0.0 0.0 -0.6200000047683716 0.0
379 -0.18000000715255737 0.0 -0.14000000059604645 0.0 0.0 -0.09000000357627869 -0.2199999988079071 0.0 0.0 0.0 -0.18000000715255737 0.0 0.0 0.0 0.0 0.0 -0.30000001192092896 0.0 0.0 0.0 -0.18000000715255737 0.0 -0.27000001072883606 0.0 0.0 -0.18000000715255737 0.0 -0.09000000357627869 0.0 -0.27000001072883606 0.0 0.0 0.0 -0.09000000357627869 0.0 -0.27000001072883606 0.0 0.0 0.0 -0.18000000715255737 0.0 0.0 -0.27000001072883606 0.0 0.0 -0.18000000715255737 0.0 0.0 -0.18000000715255737 0.0 0.0 0.0 -0.550000011920929 -0.6200000047683716 0.0 0.0 -0.2800000011920929 0.0 0.0 0.0 -0.7599999904632568 -0.7599999904632568 -0.09000000357627869 0.0 -0.27000001072883606 0.0 0.0 0.0 -0.18000000715255737 0.0 0.0 -0.27000001072883606 0.0 0.0 0.0 -0.18000000715255737 0.0 0.0 0.0 -0.11999999731779099 0.0 -0.11999999731779099 0.0 0.0 -0.5400000214576721 0.0 -0.11999999731779099 0.0 -0.11999999731779099 0.0 -0.18000000715255737 0.0 0.0 -0.18000000715255737 0.0 0.0 0.0 -0.550000011920929 -0.6200000047683716 0.0 0.0 -0.18000000715255737 0.0 0.0 -0.18000000715255737 0.0 0.0 0.0 -0.550000011920929 -0.6200000047683716 0.0 0.0 -0.18000000715255737 0.0 0.0 -0.18000000715255737 0.0 0.0 0.0 -0.550000011920929 -0.6200000047683716 0.0 0.0 -0.27000001072883606 0.0 0.0 0.0 0.0 0.0 0.0 -0.18000000715255737 0.0 0.0 -0.18000000715255737 0.0 0.0 -0.18000000715255737 0.0 0.0 -0.18000000715255737 0.0 0.0 0.0 -0.550000011920929 -0.6200000047683716 0.0 0.0
38 -0.27000001072883606 0.0 0.0 0.0 0.0 -0.6600000262260437 0.0 -0.10999999940395355 0.0 0.0 -0.23000000417232513 0.0 -0.18000000715255737 0.0 0.0 -0.18000000715255737 0.0 0.0 -0.18000000715255737 0.0 0.0 0.0 -0.18000000715255737 0.0 0.0 -0.09000000357627869 0.0 -0.27000001072883606 0.0 0.0 0.0 -0.27000001072883606 0.0 0.0 0.0 -0.27000001072883606 0.0 0.0 0.0 -0.10999999940395355 0.0 0.0 -0.23000000417232513 -0.18000000715255737 0.0 0.0 -0.18000000715255737 0.0 0.0 0.0 -0.550000011920929 -0.6200000047683716 0.0 0.0 0.0 -0.18000000715255737 0.0 0.0 -0.029999999329447746 -0.15000000596046448 0.0 -0.5099999904632568 0.0 0.0 0.0 -0.25 0.0 -0.20000000298023224 0.0 -0.27000001072883606 0.0 -0.14000000059604645 0.0 -0.18000000715255737 0.0 0.0 -0.09000000357627869 0.0 -0.27000001072883606 0.0 0.0 0.0 -0.27000001072883606 0.0 0.0 0.0 -0.18000000715255737 0.0 0.0 0.0 -0.11999999731779099 0.0 -0.11999999731779099 0.0 0.0 -0.11999999731779099 0.0 -0.11999999731779099 0.0 -0.18000000715255737 0.0 0.0 -0.18000000715255737 0.0 -0.18000000715255737 0.0 0.0 0.0 -0.18000000715255737 0.0 -0.18000000715255737 0.0 0.0 -0.18000000715255737 0.0 0.0 0.0 0.0 0.0 -0.30000001192092896 0.0 0.0 0.0 -0.18000000715255737 0.0 0.0 -0.18000000715255737 0.0 0.0 -0.18000000715255737 0.0 0.0 0.0 0.0 0.0 -0.30000001192092896 0.0 0.0 0.0 -0.18000000715255737 0.0 0.0 0.0 -0.11999999731779099 0.0 -0.11999999731779099 0.0 -0.11999999731779099 0.0 -0.11999999731779099 0.0 -0.11999999731779099 0.0 -0.18000000715255737 0.0 0.0 -0.029999999329447746 -0.15000000596046448 0.0 -0.5099999904632568 0.0 0.0 0.0 -0.25 0.0 -0.20000000298023224 0.0 -0.27000001072883606 0.0 -0.14000000059604645 0.0 -0.09000000357627869 0.0 -0.27000001072883606 0.0 0.0 0.0 -0.27000001072883606 0.0 0.0 0.0 -0.09000000357627869 0.0 -0.27000001072883606 0.0 0.0 0.0 -0.27000001072883606 0.0 0.0 0.0 -0.18000000715255737 0.0 0.0 -0.18000000715255737 0.0 0.0 -0.18000000715255737 0.0 0.0 -0.09000000357627869 0.0 -0.27000001072883606 0.0 0.0 0.0 -0.27000001072883606 0.0 0.0 0.0 -0.18000000715255737 0.0 0.0 0.0 -0.11999999731779099 0.0 -0.11999999731779099 -0.11999999731779099 0.0 -0.11999999731779099 -0.18000000715255737 0.0 0.0 -0.029999999329447746 -0.15000000596046448 0.0 -0.5099999904632568 0.0 0.0 0.0 -0.25 0.0 -0.20000000298023224 0.0 -0.27000001072883606 0.0 -0.14000000059604645 -0.18000000715255737 0.0 0.0 0.0 -0.11999999731779099 0.0 -0.11999999731779099 0.0 0.0 -0.5400000214576721 0.0 -0.11999999731779099 0.0 -0.11999999731779099 0.0 0.0 0.0 0.0 -0.6600000262260437 0.0 -0.18000000715255737 0.0 0.0 0.0 -0.550000011920929 -0.6200000047683716 0.0 0.0 -0.18000000715255737 0.0 0.0 -0.18000000715255737 0.0 0.0 0.0 -0.550000011920929 -0.6200000047683716 0.0 0.0 -0.18000000715255737 0.0 0.0 -0.14000000059604645 0.0 0.0 -0.27000001072883606 0.0 0.0 0.0 -0.27000001072883606 0.0 0.0 0.0 -0.2800000011920929 0.0 0.0 0.0 -0.7599999904632568 -0.7599999904632568 0.0 0.0 0.0 0.0 0.0 0.0 -0.11999999731779099 0.0 -0.11999999731779099 0.0 -0.11999999731779099 0.0 -0.11999999731779099 -0.18000000715255737 0.0 -0.2800000011920929 0.0 0.0 0.0 -0.7599999904632568 -0.7599999904632568 -0.18000000715255737 0.0 -0.2800000011920929 0.0 0.0 0.0 -0.7599999904632568 -0.7599999904632568 -0.029999999329447746 -0.15000000596046448 0.0 -0.5099999904632568 0.0 0.0 0.0 -0.25 0.0 -0.20000000298023224 0.0 -0.27000001072883606 0.0 -0.14000000059604645 0.0
380 -0.14000000059604645 0.0 0.0 0.0 0.0 0.0 -0.6600000262260437 0.0 -0.27000001072883606 0.0 0.0 0.0 0.0 0.0 -0.10999999940395355 0.0 -0.23000000417232513 0.0 -0.18000000715255737 0.0 0.0 -0.18000000715255737 0.0 0.0 -0.18000000715255737 0.0 0.0 0.0 0.0 0.0 -0.30000001192092896 0.0 0.0 0.0 -0.2800000011920929 0.0 0.0 0.0 -0.7599999904632568 -0.7599999904632568 -0.18000000715255737 -0.09000000357627869 0.0 -0.27000001072883606 0.0 0.0 0.0 -0.27000001072883606 0.0 0.0 0.0 -0.18000000715255737 -0.27000001072883606 0.0 0.0 0.0 -0.18000000715255737 0.0 -0.09000000357627869 0.0 -0.27000001072883606 0.0 0.0 0.0 -0.27000001072883606 0.0 0.0 -0.09000000357627869 0.0 -0.27000001072883606 0.0 0.0 0.0 -0.18000000715255737 0.0 0.0 -0.18000000715255737 0.0 0.0 0.0 -0.550000011920929 -0.6200000047683716 0.0 -0.2800000011920929 0.0 0.0 0.0 -0.7599999904632568 -0.7599999904632568 -0.09000000357627869 0.0 -0.27000001072883606 0.0 0.0 0.0 -0.18000000715255737 0.0 0.0 -0.27000001072883606 0.0 0.0 0.0 -0.18000000715255737 0.0 0.0 0.0 -0.11999999731779099 0.0 -0.11999999731779099 0.0 0.0 -0.11999999731779099 0.0 -0.11999999731779099 0.0 -0.18000000715255737 0.0 0.0 -0.18000000715255737 0.0 0.0 0.0 -0.550000011920929 -0.6200000047683716 0.0 0.0 -0.18000000715255737 0.0 0.0 -0.18000000715255737 0.0 0.0 0.0 -0.550000011920929 -0.6200000047683716 0.0 0.0 -0.18000000715255737 0.0 0.0 -0.18000000715255737 0.0 0.0 0.0 -0.550000011920929 -0.6200000047683716 0.0 0.0 -0.27000001072883606 0.0 0.0 0.0 0.0 0.0 0.0 -0.18000000715255737 0.0 0.0 -0.18000000715255737 0.0 0.0 -0.18000000715255737 0.0 0.0 -0.18000000715255737 0.0 0.0 0.0 -0.550000011920929 -0.6200000047683716 0.0 0.0
381 -0.30000001192092896 0.0 0.0 0.0 0.0 0.0 -0.27000001072883606 0.0 0.0 0.0 -0.27000001072883606 0.0 0.0 0.0 -0.5400000214576721 0.0 0.0 0.0 0.0 0.0 0.0 0.0 -0.09000000357627869 -0.27000001072883606 0.0 0.0 0.0 -0.18000000715255737 -0.27000001072883606 0.0 0.0 0.0 -0.18000000715255737 0.0 -0.18000000715255737 0.0 0.0 -0.2800000011920929 0.0 0.0 0.0 -0.7599999904632568 -0.7599999904632568 -0.09000000357627869 0.0 -0.27000001072883606 0.0 0.0 0.0 -0.18000000715255737 0.0 0.0 -0.27000001072883606 0.0 0.0 0.0 -0.18000000715255737 0.0 0.0 0.0 -0.11999999731779099 0.0 -0.11999999731779099 0.0 0.0 -0.5400000214576721 0.0 -0.11999999731779099 0.0 -0.11999999731779099 0.0 -0.18000000715255737 0.0 0.0 -0.18000000715255737 0.0 0.0 0.0 -0.550000011920929 -0.6200000047683716 0.0 0.0 -0.18000000715255737 0.0 0.0 -0.18000000715255737 0.0 0.0 0.0 -0.550000011920929 -0.6200000047683716 0.0 0.0 -0.18000000715255737 0.0 0.0 -0.18000000715255737 0.0 0.0 0.0 -0.550000011920929 -0.6200000047683716 0.0 0.0 -0.27000001072883606 0.0 0.0 0.0 0.0 0.0 0.0 -0.18000000715255737 0.0 0.0 -0.18000000715255737 0.0 0.0 -0.18000000715255737 0.0 0.0 -0.18000000715255737 0.0 0.0 0.0 -0.550000011920929 -0.6200000047683716 0.0 0.0
382 -0.18000000715255737 0.0 0.0 0.0 -0.2800000011920929 0.0 0.0 -0.09000000357627869 0.0 -0.27000001072883606 0.0 0.0 0.0 -0.18000000715255737 0.0 0.0 -0.18000000715255737 0.0 0.0 0.0 -0.11999999731779099 0.0 -0.11999999731779099 0.0 0.0 -0.11999999731779099 0.0 -0.11999999731779099 -0.18000000715255737 0.0 0.0 -0.18000000715255737 0.0 0.0 0.0 -0.550000011920929 -0.6200000047683716 0.0 0.0 -0.18000000715255737 0.0 0.0 -0.18000000715255737 0.0 0.0 0.0 -0.550000011920929 -0.6200000047683716 0.0 0.0 -0.18000000715255737 0.0 0.0 -0.18000000715255737 0.0 0.0 0.0 -0.550000011920929 -0.6200000047683716 0.0 0.0 -0.27000001072883606 0.0 0.0 0.0 0.0 0.0 0.0 -0.18000000715255737 0.0 0.0 -0.18000000715255737 0.0 0.0 -0.18000000715255737 0.0 0.0 -0.18000000715255737 0.0 0.0 0.0 -0.550000011920929 -0.6200000047683716 0.0 0.0 -0.2800000011920929 0.0 0.0 0.0 -0.7599999904632568 -0.7599999904632568 0.0 0.0 0.0 0.0
383 -0.18000000715255737 0.0 0.0 0.0 -0.11999999731779099 0.0 -0.11999999731779099 0.0 -0.18000000715255737 0.0 0.0 -0.18000000715255737 0.0 0.0 0.0 -0.550000011920929 -0.6200000047683716 0.0 0.0 -0.18000000715255737 0.0 0.0 -0.18000000715255737 0.0 0.0 -0.18000000715255737 0.0 0.0 -0.18000000715255737 0.0 0.0 0.0 -0.550000011920929 -0.6200000047683716 0.0 0.0 -0.27000001072883606 0.0 0.0 0.0 0.0 0.0 0.0 -0.18000000715255737 0.0 0.0 -0.18000000715255737 0.0 0.0 -0.18000000715255737 0.0 0.0 -0.18000000715255737 0.0 0.0 0.0 -0.550000011920929 -0.6200000047683716 0.0 0.0 -0.2800000011920929 0.0 0.0 0.0 -0.7599999904632568 -0.7599999904632568 0.0 0.0 0.0 -0.18000000715255737 0.0 0.0 -0.18000000715255737 0.0 0.0 -0.18000000715255737 0.0 0.0 -0.2800000011920929 0.0 0.0 -0.7599999904632568
384 -0.18000000715255737 0.0 0.0 -0.18000000715255737 0.0 0.0 0.0 -0.550000011920929 -0.6200000047683716 0.0 0.0 -0.18000000715255737 0.0 0.0 -0.18000000715255737 0.0 0.0 0.0 -0.550000011920929 -0.6200000047683716 0.0 0.0 -0.18000000715255737 0.0 0.0 -0.18000000715255737 0.0 0.0 -0.27000001072883606 0.0 0.0 0.0 0.0 0.0 0.0 -0.18000000715255737 0.0 0.0 -0.18000000715255737 0.0 0.0 -0.18000000715255737 0.0 0.0 -0.18000000715255737 0.0 0.0 0.0 -0.550000011920929 -0.6200000047683716 0.0 0.0 -0.2800000011920929 0.0 0.0 0.0 -0.7599999904632568 -0.7599999904632568 0.0 0.0 0.0 -0.18000000715255737 0.0 0.0 -0.18000000715255737 0.0 0.0 -0.18000000715255737 0.0 0.0 -0.2800000011920929 0.0 0.0 0.0 -0.7599999904632568 -0.7599999904632568 0.0
385 -0.6200000047683716 0.0 0.0 -0.27000001072883606 0.0 0.0 0.0 0.0 0.0 0.0 -0.18000000715255737 0.0 0.0 -0.18000000715255737 0.0 0.0 -0.18000000715255737 0.0 0.0 -0.18000000715255737 0.0 0.0 0.0 -0.550000011920929 -0.6200000047683716 0.0 0.0 -0.2800000011920929 0.0 0.0 0.0 -0.7599999904632568 -0.7599999904632568 0.0 0.0 0.0 -0.18000000715255737 0.0 0.0 -0.18000000715255737 0.0 0.0 -0.18000000715255737 0.0 0.0 -0.2800000011920929 0.0 0.0 0.0 -0.7599999904632568 -0.7599999904632568 -0.09000000357627869 0.0 -0.27000001072883606 0.0 0.0 0.0 -0.27000001072883606 0.0 0.0 0.0 -0.6600000262260437
386 0.0 0.0 -0.18000000715255737 0.0 0.0 -0.18000000715255737 0.0 0.0 -0.18000000715255737 0.0 0.0 -0.18000000715255737 0.0 0.0 0.0 -0.550000011920929 -0.6200000047683716 0.0 0.0 -0.2800000011920929 0.0 0.0 0.0 -0.7599999904632568 -0.7599999904632568 0.0 0.0 0.0 -0.18000000715255737 0.0 0.0 -0.18000000715255737 0.0 0.0 -0.18000000715255737 0.0 0.0 -0.2800000011920929 0.0 0.0 0.0 -0.7599999904632568 -0.7599999904632568 -0.09000000357627869 0.0 -0.27000001072883606 0.0 0.0 0.0 -0.27000001072883606 0.0 0.0 0.0 0.0 0.0 -0.6600000262260437 0.0 -0.27000001072883606 0.0 0.0 0.0 0.0 0.0 0.0 0.0
387 -0.18000000715255737 0.0 0.0 -0.18000000715255737 0.0 0.0 -0.18000000715255737 0.0 0.0 0.0 -0.550000011920929 -0.6200000047683716 0.0 0.0 -0.2800000011920929 0.0 0.0 0.0 -0.7599999904632568 -0.7599999904632568 0.0 0.0 0.0 -0.18000000715255737 0.0 0.0 -0.18000000715255737 0.0 0.0 -0.18000000715255737 0.0 0.0 -0.2800000011920929 0.0 0.0 0.0 -0.7599999904632568 -0.7599999904632568 -0.09000000357627869 0.0 -0.27000001072883606 0.0 0.0 0.0 -0.27000001072883606 0.0 0.0 0.0 0.0 0.0 -0.6600000262260437 0.0 -0.27000001072883606 0.0 0.0 0.0 0.0 0.0 0.0 -0.18000000715255737 0.0 0.0 -0.18000000715255737 0.0 0.0 0.0 -0.18000000715255737 0.0 0.0 0.0
388 -0.18000000715255737 0.0 0.0 0.0 -0.550000011920929 -0.2800000011920929 0.0 0.0 0.0 -0.7599999904632568 -0.7599999904632568 0.0 0.0 0.0 -0.18000000715255737 0.0 0.0 -0.18000000715255737 0.0 0.0 -0.18000000715255737 0.0 0.0 -0.2800000011920929 0.0 0.0 0.0 -0.7599999904632568 -0.7599999904632568 -0.09000000357627869 0.0 -0.27000001072883606 0.0 0.0 0.0 -0.27000001072883606 0.0 0.0 0.0 0.0 0.0 -0.6600000262260437 0.0 -0.27000001072883606 0.0 0.0 0.0 0.0 0.0 0.0 -0.18000000715255737 0.0 0.0 -0.18000000715255737 0.0 0.0 -0.18000000715255737 0.0 0.0 -0.18000000715255737 0.0 0.0 0.0 -0.550000011920929 -0.6200000047683716 0.0 0.0 0.0
389 0.0 0.0 0.0 0.0 0.0 -0.18000000715255737 0.0 0.0 -0.18000000715255737 0.0 0.0 -0.18000000715255737 0.0 0.0 -0.2800000011920929 0.0 0.0 0.0 -0.7599999904632568 -0.7599999904632568 -0.09000000357627869 0.0 -0.27000001072883606 0.0 0.0 0.0 -0.27000001072883606 0.0 0.0 0.0 0.0 0.0 -0.6600000262260437 0.0 -0.27000001072883606 0.0 0.0 0.0 0.0 0.0 0.0 -0.18000000715255737 0.0 0.0 -0.18000000715255737 0.0 0.0 -0.18000000715255737 0.0 0.0 -0.18000000715255737 0.0 0.0 0.0 -0.550000011920929 -0.6200000047683716 0.0 0.0 -0.18000000715255737 0.0 0.0 -0.2800000011920929 0.0 0.0 0.0 -0.7599999904632568 0.0
39 0.0 -0.10999999940395355 0.0 0.0 -0.23000000417232513 0.0 -0.18000000715255737 0.0 0.0 -0.09000000357627869 0.0 -0.27000001072883606 0.0 0.0 0.0 -0.27000001072883606 0.0 0.0 -0.27000001072883606 0.0 0.0 0.0 -0.2800000011920929 0.0 -0.10999999940395355 0.0 0.0 -0.23000000417232513 0.0 -0.18000000715255737 0.0 0.0 -0.18000000715255737 0.0 0.0 0.0 -0.550000011920929 -0.6200000047683716 0.0 0.0 0.0 -0.18000000715255737 0.0 0.0 -0.029999999329447746 -0.15000000596046448 0.0 -0.5099999904632568 0.0 0.0 0.0 -0.25 0.0 -0.20000000298023224 0.0 -0.27000001072883606 0.0 -0.14000000059604645 0.0 -0.18000000715255737 0.0 0.0 -0.09000000357627869 0.0 -0.27000001072883606 0.0 0.0 0.0 -0.27000001072883606 0.0 0.0 0.0 -0.18000000715255737 0.0 0.0 0.0 -0.11999999731779099 0.0 -0.11999999731779099 0.0 -0.11999999731779099 0.0 -0.11999999731779099 0.0 -0.18000000715255737 0.0 0.0 -0.18000000715255737 0.0 0.0 -0.18000000715255737 0.0 0.0 0.0 0.0 0.0 -0.30000001192092896 0.0 0.0 0.0 -0.25 0.0 -0.20000000298023224 0.0 -0.18000000715255737 0.0 -0.18000000715255737 0.0 0.0 0.0 -0.18000000715255737 0.0 0.0 -0.18000000715255737 0.0 0.0 -0.18000000715255737 0.0 0.0 0.0 0.0 0.0 -0.30000001192092896 0.0 0.0 -0.18000000715255737 0.0 0.0 0.0 -0.11999999731779099 0.0 -0.11999999731779099 0.0 -0.11999999731779099 0.0 -0.11999999731779099 0.0 -0.11999999731779099 0.0 -0.18000000715255737 0.0 0.0 -0.029999999329447746 -0.15000000596046448 0.0 -0.5099999904632568 0.0 0.0 0.0 -0.25 0.0 -0.20000000298023224 0.0 -0.27000001072883606 0.0 -0.14000000059604645 0.0 -0.09000000357627869 0.0 -0.27000001072883606 0.0 0.0 0.0 -0.27000001072883606 0.0 0.0 0.0 -0.09000000357627869 0.0 -0.27000001072883606 0.0 0.0 0.0 -0.27000001072883606 0.0 0.0 0.0 -0.18000000715255737 0.0 0.0 -0.09000000357627869 0.0 -0.27000001072883606 0.0 0.0 0.0 -0.27000001072883606 0.0 0.0 0.0 -0.18000000715255737 0.0 0.0 0.0 0.0 0.0 -0.18000000715255737 0.0 0.0 -0.09000000357627869 0.0 -0.27000001072883606 0.0 0.0 0.0 -0.27000001072883606 0.0 0.0 0.0 -0.18000000715255737 0.0 0.0 0.0 -0.11999999731779099 0.0 -0.11999999731779099 0.0 0.0 -0.11999999731779099 0.0 -0.11999999731779099 0.0 -0.18000000715255737 0.0 0.0 -0.029999999329447746 -0.15000000596046448 0.0 -0.5099999904632568 0.0 0.0 0.0 -0.25 0.0 -0.20000000298023224 0.0 -0.27000001072883606 0.0 -0.14000000059604645 0.0 -0.18000000715255737 0.0 0.0 0.0 -0.11999999731779099 0.0 -0.11999999731779099 0.0 0.0 -0.5400000214576721 0.0 -0.11999999731779099 0.0 -0.11999999731779099 0.0 0.0 0.0 -0.18000000715255737 0.0 0.0 -0.18000000715255737 0.0 0.0 -0.18000000715255737 0.0 0.0 0.0 -0.550000011920929 -0.6200000047683716 0.0 0.0 -0.27000001072883606 0.0 0.0 -0.27000001072883606 0.0 0.0 0.0 -0.2800000011920929 0.0 0.0 0.0 -0.7599999904632568 0.0 -0.18000000715255737 0.0 0.0 0.0 0.0 -0.09000000357627869 0.0 -0.27000001072883606 0.0 0.0 0.0 -0.27000001072883606 0.0 0.0 -0.09000000357627869 0.0 -0.27000001072883606 0.0 0.0 0.0 -0.27000001072883606 0.0 0.0 0.0 0.0 0.0 0.0 0.0 -0.18000000715255737 0.0 -0.11999999731779099 0.0 -0.11999999731779099 0.0 -0.11999999731779099 0.0 -0.11999999731779099 0.0 -0.11999999731779099 0.0 -0.09000000357627869 0.0 -0.27000001072883606 0.0 0.0 -0.18000000715255737 0.0 0.0 -0.27000001072883606 0.0 0.0 0.0 -0.18000000715255737 0.0 0.0 0.0 -0.11999999731779099 0.0 -0.11999999731779099 0.0 -0.18000000715255737 0.0 0.0 0.0 -0.11999999731779099 0.0 -0.11999999731779099 0.0 -0.11999999731779099 0.0 -0.11999999731779099 0.0 -0.11999999731779099 0.0 -0.27000001072883606 0.0 0.0 0.0 -0.27000001072883606 0.0 0.0 0.0 -0.2800000011920929 0.0 0.0 -0.7599999904632568 -0.18000000715255737 0.0 -0.2800000011920929 0.0 0.0 -0.7599999904632568 0.0 -0.18000000715255737 0.0 0.0 -0.029999999329447746 -0.15000000596046448 0.0 -0.5099999904632568 0.0 0.0 0.0 -0.25 0.0 -0.20000000298023224 0.0 -0.27000001072883606 0.0 -0.14000000059604645 0.0 -0.18000000715255737 0.0 0.0 -0.18000000715255737 0.0 -0.18000000715255737 0.0 0.0 -0.09000000357627869 0.0 -0.27000001072883606 0.0 0.0 0.0 -0.27000001072883606 0.0 0.0 0.0 -0.27000001072883606 0.0 0.0 0.0
390 0.0 -0.18000000715255737 0.0 0.0 -0.2800000011920929 0.0 0.0 0.0 -0.7599999904632568 -0.7599999904632568 -0.09000000357627869 0.0 -0.27000001072883606 0.0 0.0 0.0 -0.27000001072883606 0.0 0.0 0.0 0.0 0.0 -0.6600000262260437 0.0 -0.27000001072883606 0.0 0.0 0.0 0.0 0.0 0.0 -0.18000000715255737 0.0 0.0 -0.18000000715255737 0.0 0.0 -0.18000000715255737 0.0 0.0 -0.18000000715255737 0.0 0.0 0.0 -0.550000011920929 -0.6200000047683716 0.0 0.0 -0.18000000715255737 0.0 0.0 -0.2800000011920929 0.0 0.0 0.0 -0.7599999904632568 -0.7599999904632568 -0.09000000357627869 0.0 -0.27000001072883606 0.0 -0.27000001072883606 0.0 0.0 0.0 0.0
391 0.0 -0.2800000011920929 0.0 0.0 -0.09000000357627869 0.0 -0.27000001072883606 0.0 0.0 0.0 -0.27000001072883606 0.0 0.0 0.0 0.0 0.0 -0.6600000262260437 0.0 -0.27000001072883606 0.0 0.0 0.0 0.0 0.0 0.0 -0.18000000715255737 0.0 0.0 -0.18000000715255737 0.0 0.0 -0.18000000715255737 0.0 0.0 -0.18000000715255737 0.0 0.0 0.0 -0.550000011920929 -0.6200000047683716 0.0 0.0 -0.18000000715255737 0.0 0.0 -0.2800000011920929 0.0 0.0 0.0 -0.7599999904632568 -0.7599999904632568 -0.09000000357627869 0.0 -0.27000001072883606 0.0 0.0 0.0 -0.27000001072883606 0.0 0.0 0.0 -0.18000000715255737 0.0 0.0 -0.14000000059604645 0.0 0.0 -0.09000000357627869 0.0
392 -0.09000000357627869 -0.27000001072883606 0.0 0.0 0.0 0.0 0.0 -0.6600000262260437 0.0 -0.27000001072883606 0.0 0.0 0.0 0.0 0.0 0.0 -0.18000000715255737 0.0 0.0 -0.18000000715255737 0.0 0.0 -0.18000000715255737 0.0 0.0 -0.18000000715255737 0.0 0.0 0.0 -0.550000011920929 -0.6200000047683716 0.0 0.0 -0.18000000715255737 0.0 0.0 -0.2800000011920929 0.0 0.0 0.0 -0.7599999904632568 -0.7599999904632568 -0.09000000357627869 0.0 -0.27000001072883606 0.0 0.0 0.0 -0.27000001072883606 0.0 0.0 0.0 -0.18000000715255737 0.0 0.0 -0.14000000059604645 0.0 0.0 -0.09000000357627869 -0.2199999988079071 0.0 0.0 -0.18000000715255737 0.0 0.0 0.0 -0.550000011920929 -0.6200000047683716 0.0 0.0 0.0 0.0
393 -0.27000001072883606 0.0 0.0 0.0 0.0 0.0 -0.27000001072883606 0.0 0.0 0.0 0.0 0.0 -0.18000000715255737 0.0 0.0 -0.18000000715255737 0.0 0.0 -0.18000000715255737 0.0 0.0 -0.18000000715255737 0.0 0.0 0.0 -0.550000011920929 -0.6200000047683716 0.0 0.0 -0.18000000715255737 0.0 0.0 -0.2800000011920929 0.0 0.0 0.0 -0.7599999904632568 -0.7599999904632568 -0.09000000357627869 0.0 -0.27000001072883606 0.0 0.0 0.0 -0.27000001072883606 0.0 0.0 0.0 -0.18000000715255737 0.0 0.0 -0.14000000059604645 0.0 0.0 -0.09000000357627869 -0.2199999988079071 0.0 0.0 0.0 -0.18000000715255737 0.0 0.0 0.0 -0.550000011920929 -0.6200000047683716 0.0 0.0 0.0 0.0 0.0 -0.18000000715255737 0.0 -0.18000000715255737 0.0 0.0
394 -0.18000000715255737 0.0 0.0 -0.18000000715255737 0.0 0.0 -0.18000000715255737 0.0 0.0 0.0 -0.550000011920929 -0.6200000047683716 0.0 0.0 -0.18000000715255737 0.0 0.0 -0.2800000011920929 0.0 0.0 0.0 -0.7599999904632568 -0.7599999904632568 -0.09000000357627869 0.0 -0.27000001072883606 0.0 0.0 0.0 -0.27000001072883606 0.0 0.0 0.0 -0.18000000715255737 0.0 0.0 -0.14000000059604645 0.0 0.0 -0.09000000357627869 -0.2199999988079071 0.0 0.0 0.0 -0.18000000715255737 0.0 0.0 0.0 -0.550000011920929 -0.6200000047683716 0.0 0.0 0.0 0.0 0.0 -0.18000000715255737 0.0 0.0 -0.18000000715255737 0.0 0.0 0.0 -0.6600000262260437 0.0 -0.27000001072883606 0.0 0.0
395 -0.18000000715255737 0.0 0.0 -0.550000011920929 -0.18000000715255737 0.0 0.0 -0.2800000011920929 0.0 0.0 0.0 -0.7599999904632568 -0.09000000357627869 0.0 -0.27000001072883606 0.0 0.0 0.0 -0.27000001072883606 0.0 0.0 0.0 -0.18000000715255737 0.0 0.0 -0.14000000059604645 0.0 0.0 -0.09000000357627869 -0.2199999988079071 0.0 0.0 0.0 -0.18000000715255737 0.0 0.0 0.0 -0.550000011920929 -0.6200000047683716 0.0 0.0 0.0 0.0 0.0 -0.18000000715255737 0.0 0.0 -0.18000000715255737 0.0 0.0 0.0 0.0 -0.6600000262260437 0.0 -0.27000001072883606 0.0 0.0 0.0 0.0 0.0 -0.6600000262260437
396 -0.09000000357627869 0.0 -0.27000001072883606 0.0 0.0 0.0 -0.27000001072883606 0.0 0.0 -0.18000000715255737 0.0 0.0 -0.14000000059604645 0.0 0.0 -0.09000000357627869 -0.2199999988079071 0.0 0.0 0.0 -0.18000000715255737 0.0 0.0 0.0 -0.550000011920929 -0.6200000047683716 0.0 0.0 0.0 0.0 0.0 -0.18000000715255737 0.0 0.0 -0.18000000715255737 0.0 0.0 0.0 0.0 -0.6600000262260437 0.0 -0.27000001072883606 0.0 0.0 0.0 0.0 0.0 0.0 -0.6600000262260437 0.0 0.0 0.0 -0.6600000262260437 0.0
397 -0.18000000715255737 0.0 -0.14000000059604645 0.0 0.0 -0.09000000357627869 -0.2199999988079071 0.0 0.0 -0.18000000715255737 0.0 0.0 0.0 -0.550000011920929 -0.6200000047683716 0.0 0.0 0.0 0.0 0.0 -0.18000000715255737 0.0 0.0 -0.18000000715255737 0.0 0.0 0.0 0.0 -0.6600000262260437 0.0 -0.27000001072883606 0.0 0.0 0.0 0.0 0.0 0.0 -0.6600000262260437 0.0 0.0 0.0 0.0 -0.6600000262260437 0.0 -0.2800000011920929 0.0 -0.7599999904632568
398 -0.18000000715255737 0.0 0.0 0.0 0.0 0.0 0.0 -0.18000000715255737 0.0 0.0 -0.18000000715255737 0.0 0.0 0.0 0.0 -0.6600000262260437 0.0 -0.27000001072883606 0.0 0.0 0.0 0.0 0.0 0.0 -0.6600000262260437 0.0 0.0 0.0 0.0 -0.6600000262260437 0.0 -0.2800000011920929 0.0 0.0 0.0 -0.7599999904632568 -0.7599999904632568 -0.10999999940395355 0.0 -0.23000000417232513
399 -0.18000000715255737 0.0 0.0 -0.18000000715255737 0.0 0.0 0.0 -0.6600000262260437 0.0 -0.27000001072883606 0.0 0.0 0.0 0.0 0.0 0.0 -0.6600000262260437 0.0 0.0 0.0 0.0 -0.6600000262260437 0.0 -0.2800000011920929 0.0 0.0 0.0 -0.7599999904632568 -0.7599999904632568 -0.10999999940395355 0.0 0.0 -0.23000000417232513 0.0 -0.09000000357627869 0.0 -0.27000001072883606 0.0 0.0 0.0
4 -0.18000000715255737 0.0 0.0 -0.14000000059604645 0.0 0.0 -0.09000000357627869 0.0 0.0 0.0 -0.6600000262260437 0.0 -0.18000000715255737 0.0 0.0 -0.18000000715255737 0.0 0.0 0.0 0.0 0.0 -0.699999988079071 0.0 0.0 -0.800000011920929 0.0 0.0 -0.800000011920929 0.0 -0.18000000715255737 0.0 0.0 -0.18000000715255737 0.0 0.0 0.0 0.0 0.0 -0.699999988079071 0.0 0.0 -0.800000011920929 0.0 0.0 -0.800000011920929 0.0 0.0 -0.18000000715255737 0.0 0.0 -0.18000000715255737 0.0 0.0 0.0 0.0 0.0 -0.699999988079071 0.0 0.0 -0.800000011920929 0.0 0.0 -0.800000011920929 0.0 0.0 -0.09000000357627869 0.0 -0.27000001072883606 0.0 0.0 0.0 -0.18000000715255737 0.0 0.0 -0.27000001072883606 0.0 0.0 0.0 0.0 0.0 0.0 -0.6600000262260437 0.0 -0.10999999940395355 0.0 -0.2800000011920929 0.0 -0.7599999904632568 -0.09000000357627869 0.0 -0.27000001072883606 0.0 0.0 0.0 -0.27000001072883606 0.0 0.0 0.0 -0.30000001192092896 0.0 0.0 0.0 -0.7599999904632568 0.0 0.0 0.0 0.0 -0.6600000262260437 0.0 -0.18000000715255737 0.0 0.0 0.0 -0.11999999731779099 0.0 -0.11999999731779099 0.0 0.0 -0.5400000214576721 0.0 -0.11999999731779099 0.0 -0.11999999731779099 0.0 -0.18000000715255737 0.0 -0.029999999329447746 -0.15000000596046448 0.0 -0.5099999904632568 0.0 0.0 0.0 -0.25 0.0 -0.20000000298023224 0.0 -0.27000001072883606 0.0 -0.14000000059604645 0.0 -0.18000000715255737 0.0 0.0 0.0 -0.11999999731779099 0.0 -0.11999999731779099 0.0 0.0 -0.5400000214576721 0.0 -0.11999999731779099 0.0 -0.11999999731779099 0.0 -0.27000001072883606 0.0 0.0 0.0 -0.18000000715255737 0.0 0.0 -0.2800000011920929 0.0 0.0 -0.7599999904632568 -0.18000000715255737 0.0 0.0 -0.18000000715255737 0.0 0.0 -0.18000000715255737 0.0 0.0 0.0 0.0 0.0 -0.30000001192092896 0.0 0.0 0.0 -0.27000001072883606 0.0 0.0 0.0 -0.2800000011920929 0.0 0.0 0.0 -0.7599999904632568 -0.7599999904632568 0.0 -0.18000000715255737 0.0 0.0 0.0 -0.11999999731779099 0.0 -0.11999999731779099 0.0 -0.11999999731779099 0.0 -0.11999999731779099 0.0 -0.11999999731779099 0.0 -0.09000000357627869 0.0 -0.27000001072883606 0.0 0.0 0.0 -0.27000001072883606 0.0 0.0 0.0 -0.18000000715255737 0.0 0.0 0.0 -0.27000001072883606 0.0 0.0 0.0 -0.18000000715255737 0.0 -0.27000001072883606 0.0 0.0 0.0 -0.11999999731779099 -0.11999999731779099 0.0 -0.11999999731779099 0.0 -0.11999999731779099 0.0 0.0 0.0 0.0 -0.6600000262260437 0.0 -0.18000000715255737 0.0 0.0 -0.18000000715255737 0.0 -0.18000000715255737 0.0 0.0 0.0 -0.30000001192092896 0.0 0.0 -0.10999999940395355 0.0 0.0 -0.23000000417232513 0.0 -0.05000000074505806 0.0 0.0 0.0 0.0 0.0 -0.5099999904632568 0.0 -0.5099999904632568 0.0 0.0 0.0 -0.7599999904632568 -0.7599999904632568 -0.18000000715255737 0.0 0.0 -0.09000000357627869 0.0 -0.27000001072883606 0.0 0.0 0.0 -0.27000001072883606 0.0 0.0
40 -0.09000000357627869 0.0 -0.27000001072883606 0.0 0.0 0.0 -0.18000000715255737 0.0 0.0 -0.27000001072883606 0.0 0.0 0.0 0.0 0.0 -0.6600000262260437 0.0 -0.10999999940395355 0.0 0.0 -0.23000000417232513 0.0 -0.18000000715255737 0.0 0.0 -0.18000000715255737 0.0 0.0 -0.18000000715255737 0.0 -0.2800000011920929 0.0 0.0 -0.18000000715255737 0.0 0.0 -0.09000000357627869 0.0 -0.27000001072883606 0.0 0.0 0.0 -0.27000001072883606 0.0 0.0 0.0 0.0 -0.05000000074505806 0.0 0.0 0.0 0.0 0.0 -0.5099999904632568 0.0 -0.5099999904632568 0.0 0.0 0.0 -0.27000001072883606 0.0 0.0 0.0 -0.2800000011920929 0.0 0.0 0.0 -0.7599999904632568 -0.7599999904632568 -0.10999999940395355 0.0 0.0 -0.23000000417232513 0.0 -0.18000000715255737 0.0 0.0 -0.18000000715255737 0.0 0.0 0.0 -0.550000011920929 -0.6200000047683716 0.0 0.0 0.0 -0.18000000715255737 0.0 0.0 -0.029999999329447746 -0.15000000596046448 0.0 -0.5099999904632568 0.0 0.0 0.0 -0.25 0.0 -0.20000000298023224 0.0 -0.27000001072883606 0.0 -0.14000000059604645 0.0 -0.18000000715255737 0.0 0.0 -0.09000000357627869 0.0 -0.27000001072883606 0.0 0.0 0.0 -0.27000001072883606 0.0 0.0 0.0 0.0 0.0 0.0 -0.18000000715255737 0.0 0.0 0.0 -0.11999999731779099 0.0 -0.11999999731779099 0.0 -0.18000000715255737 0.0 0.0 -0.029999999329447746 -0.15000000596046448 0.0 -0.5099999904632568 0.0 0.0 0.0 -0.25 0.0 -0.20000000298023224 0.0 -0.27000001072883606 0.0 -0.14000000059604645 0.0 -0.09000000357627869 0.0 -0.27000001072883606 0.0 0.0 0.0 -0.27000001072883606 0.0 0.0 0.0 -0.09000000357627869 0.0 -0.27000001072883606 0.0 0.0 0.0 -0.27000001072883606 0.0 0.0 0.0 -0.18000000715255737 0.0 0.0 -0.09000000357627869 0.0 -0.27000001072883606 0.0 0.0 0.0 -0.27000001072883606 0.0 0.0 0.0 -0.18000000715255737 0.0 0.0 -0.18000000715255737 0.0 0.0 -0.18000000715255737 0.0 0.0 0.0 0.0 0.0 -0.30000001192092896 0.0 0.0 0.0 0.0 0.0 0.0 0.0 -0.6600000262260437 0.0 -0.18000000715255737 0.0 0.0 -0.09000000357627869 0.0 -0.27000001072883606 0.0 0.0 0.0 -0.27000001072883606 0.0 0.0 0.0 -0.18000000715255737 0.0 0.0 0.0 -0.11999999731779099 0.0 -0.11999999731779099 0.0 0.0 -0.5400000214576721 0.0 -0.11999999731779099 0.0 -0.11999999731779099 0.0 -0.18000000715255737 0.0 0.0 -0.029999999329447746 -0.15000000596046448 0.0 -0.5099999904632568 0.0 0.0 0.0 -0.25 0.0 -0.20000000298023224 0.0 -0.27000001072883606 -0.14000000059604645 0.0 -0.18000000715255737 0.0 0.0 0.0 -0.11999999731779099 0.0 -0.11999999731779099 0.0 0.0 -0.5400000214576721 0.0 -0.11999999731779099 0.0 -0.11999999731779099 0.0 -0.18000000715255737 0.0 -0.550000011920929 -0.18000000715255737 0.0 0.0 -0.18000000715255737 0.0 0.0 0.0 -0.550000011920929 -0.6200000047683716 0.0 0.0 -0.27000001072883606 0.0 0.0 0.0 -0.27000001072883606 0.0 0.0 0.0 -0.2800000011920929 0.0 -0.7599999904632568 0.0 -0.18000000715255737 0.0 0.0 0.0 -0.11999999731779099 0.0 -0.11999999731779099 0.0 -0.09000000357627869 0.0 -0.27000001072883606 0.0 0.0 0.0 -0.18000000715255737 0.0 -0.09000000357627869 0.0 -0.27000001072883606 0.0 0.0 0.0 -0.27000001072883606 0.0 0.0 0.0 -0.11999999731779099 0.0 0.0 -0.27000001072883606 0.0 0.0 0.0 0.0 0.0 -0.11999999731779099 0.0 -0.11999999731779099 0.0 -0.11999999731779099 0.0 -0.11999999731779099 -0.11999999731779099 0.0 0.0 -0.18000000715255737 0.0 -0.029999999329447746 -0.15000000596046448 0.0 -0.5099999904632568 0.0 0.0 0.0 -0.25 0.0 -0.20000000298023224 0.0 -0.27000001072883606 0.0 -0.14000000059604645 0.0 -0.18000000715255737 0.0 0.0 -0.18000000715255737 0.0 -0.18000000715255737 0.0 0.0 0.0 -0.18000000715255737 -0.09000000357627869 0.0 -0.27000001072883606 0.0 0.0 0.0 -0.27000001072883606 0.0 0.0 0.0 -0.27000001072883606 0.0 0.0 0.0
400 0.0 0.0 -0.27000001072883606 0.0 0.0 0.0 0.0 -0.6600000262260437 0.0 0.0 0.0 0.0 -0.6600000262260437 0.0 -0.2800000011920929 0.0 0.0 0.0 -0.7599999904632568 -0.7599999904632568 -0.10999999940395355 0.0 0.0 -0.23000000417232513 0.0 -0.09000000357627869 0.0 -0.27000001072883606 0.0 0.0 0.0 -0.27000001072883606 0.0 0.0 0.0 0.0
401 0.0 0.0 -0.6600000262260437 0.0 0.0 0.0 0.0 -0.6600000262260437 0.0 -0.2800000011920929 0.0 0.0 0.0 -0.7599999904632568 -0.7599999904632568 -0.10999999940395355 0.0 0.0 -0.23000000417232513 0.0 -0.09000000357627869 0.0 -0.27000001072883606 0.0 0.0 0.0 -0.27000001072883606 0.0 0.0 0.0 -0.18000000715255737 0.0 0.0 -0.2800000011920929 0.0 0.0 0.0 -0.7599999904632568 -0.7599999904632568 -0.18000000715255737 0.0 0.0 -0.550000011920929 -0.6200000047683716 0.0 0.0
402 0.0 0.0 -0.6600000262260437 -0.2800000011920929 0.0 0.0 0.0 -0.7599999904632568 -0.7599999904632568 -0.10999999940395355 0.0 0.0 -0.23000000417232513 0.0 -0.09000000357627869 0.0 -0.27000001072883606 0.0 0.0 0.0 -0.27000001072883606 0.0 0.0 0.0 -0.18000000715255737 0.0 0.0 -0.2800000011920929 0.0 0.0 0.0 -0.7599999904632568 -0.7599999904632568 -0.18000000715255737 0.0 0.0 0.0 -0.550000011920929 -0.6200000047683716 0.0 0.0 0.0 0.0 -0.6600000262260437
403 0.0 -0.10999999940395355 0.0 0.0 -0.23000000417232513 0.0 -0.09000000357627869 0.0 -0.27000001072883606 0.0 0.0 0.0 -0.27000001072883606 0.0 0.0 0.0 -0.18000000715255737 0.0 0.0 -0.2800000011920929 0.0 0.0 0.0 -0.7599999904632568 -0.7599999904632568 -0.18000000715255737 0.0 0.0 0.0 -0.550000011920929 -0.6200000047683716 0.0 0.0 0.0 0.0 0.0 -0.6600000262260437 0.0 0.0 0.0
404 -0.10999999940395355 0.0 -0.09000000357627869 0.0 -0.27000001072883606 0.0 0.0 0.0 -0.27000001072883606 0.0 0.0 0.0 -0.18000000715255737 0.0 0.0 -0.2800000011920929 0.0 0.0 0.0 -0.7599999904632568 -0.7599999904632568 -0.18000000715255737 0.0 0.0 0.0 -0.550000011920929 -0.6200000047683716 0.0 0.0 0.0 0.0 0.0 -0.6600000262260437 0.0 -0.18000000715255737 0.0 0.0 -0.09000000357627869 0.0 -0.27000001072883606 0.0 0.0 0.0 -0.27000001072883606 0.0 0.0 0.0
405 -0.09000000357627869 -0.27000001072883606 0.0 0.0 0.0 -0.18000000715255737 0.0 0.0 -0.2800000011920929 0.0 0.0 0.0 -0.7599999904632568 -0.7599999904632568 -0.18000000715255737 0.0 0.0 0.0 -0.550000011920929 -0.6200000047683716 0.0 0.0 0.0 0.0 0.0 -0.6600000262260437 0.0 -0.18000000715255737 0.0 0.0 -0.09000000357627869 0.0 -0.27000001072883606 0.0 0.0 0.0 -0.27000001072883606 0.0 0.0 0.0
406 -0.18000000715255737 0.0 -0.2800000011920929 0.0 -0.18000000715255737 0.0 0.0 0.0 -0.550000011920929 -0.6200000047683716 0.0 0.0 0.0 0.0 0.0 -0.6600000262260437 0.0 -0.18000000715255737 0.0 0.0 -0.09000000357627869 0.0 -0.27000001072883606 0.0 0.0 0.0 -0.27000001072883606 0.0 0.0 0.0
41 0.0 0.0 0.0 -0.10999999940395355 0.0 -0.23000000417232513 0.0 -0.18000000715255737 0.0 0.0 -0.09000000357627869 0.0 -0.27000001072883606 0.0 0.0 0.0 -0.27000001072883606 0.0 0.0 0.0 0.0 -0.05000000074505806 0.0 0.0 0.0 0.0 0.0 -0.5099999904632568 0.0 -0.5099999904632568 0.0 0.0 0.0 -0.27000001072883606 0.0 0.0 0.0 -0.2800000011920929 0.0 0.0 0.0 -0.7599999904632568 -0.7599999904632568 -0.10999999940395355 0.0 0.0 -0.23000000417232513 0.0 -0.18000000715255737 0.0 0.0 -0.18000000715255737 0.0 0.0 0.0 -0.550000011920929 -0.6200000047683716 0.0 0.0 0.0 -0.18000000715255737 0.0 0.0 -0.09000000357627869 0.0 -0.27000001072883606 0.0 0.0 0.0 -0.27000001072883606 0.0 0.0 -0.18000000715255737 0.0 -0.029999999329447746 -0.15000000596046448 0.0 -0.5099999904632568 0.0 0.0 0.0 -0.25 0.0 -0.20000000298023224 0.0 -0.27000001072883606 0.0 -0.14000000059604645 0.0 -0.09000000357627869 0.0 -0.27000001072883606 0.0 0.0 0.0 -0.27000001072883606 0.0 0.0 0.0 -0.09000000357627869 0.0 -0.27000001072883606 0.0 0.0 0.0 -0.27000001072883606 0.0 0.0 0.0 -0.18000000715255737 0.0 0.0 -0.09000000357627869 0.0 -0.27000001072883606 0.0 0.0 0.0 -0.27000001072883606 0.0 0.0 0.0 -0.18000000715255737 0.0 0.0 -0.18000000715255737 0.0 0.0 -0.18000000715255737 0.0 0.0 0.0 0.0 0.0 -0.30000001192092896 0.0 0.0 0.0 0.0 0.0 0.0 0.0 -0.6600000262260437 0.0 0.0 0.0 0.0 -0.6600000262260437 0.0 -0.18000000715255737 0.0 0.0 -0.09000000357627869 0.0 -0.27000001072883606 0.0 0.0 0.0 -0.27000001072883606 0.0 0.0 0.0 -0.18000000715255737 0.0 0.0 0.0 -0.11999999731779099 0.0 -0.11999999731779099 0.0 0.0 -0.5400000214576721 0.0 -0.11999999731779099 0.0 -0.11999999731779099 0.0 -0.18000000715255737 0.0 0.0 -0.029999999329447746 0.0 -0.25 0.0 -0.20000000298023224 0.0 0.0 0.0 -0.11999999731779099 0.0 -0.5400000214576721 0.0 -0.11999999731779099 0.0 -0.11999999731779099 0.0 0.0 0.0 -0.18000000715255737 0.0 0.0 0.0 -0.11999999731779099 0.0 -0.11999999731779099 0.0 -0.09000000357627869 0.0 -0.27000001072883606 0.0 0.0 0.0 -0.27000001072883606 0.0 0.0 0.0 -0.18000000715255737 0.0 0.0 0.0 -0.550000011920929 -0.6200000047683716 0.0 -0.18000000715255737 0.0 0.0 -0.09000000357627869 0.0 -0.27000001072883606 0.0 0.0 0.0 -0.27000001072883606 0.0 0.0 0.0 -0.6600000262260437 -0.18000000715255737 0.0 0.0 0.0 -0.11999999731779099 0.0 -0.09000000357627869 0.0 -0.27000001072883606 0.0 0.0 0.0 -0.27000001072883606 0.0 0.0 0.0 0.0 -0.11999999731779099 -0.11999999731779099 0.0 -0.11999999731779099 0.0 -0.11999999731779099 0.0 -0.11999999731779099 0.0 -0.09000000357627869 0.0 -0.27000001072883606 0.0 0.0 0.0 -0.18000000715255737 0.0 0.0 -0.27000001072883606 0.0 0.0 0.0 0.0 0.0 0.0 -0.11999999731779099 0.0 -0.11999999731779099 0.0 -0.11999999731779099 0.0 -0.11999999731779099 0.0 -0.11999999731779099 0.0 -0.09000000357627869 0.0 -0.27000001072883606 0.0 0.0 0.0 -0.18000000715255737 0.0 0.0 -0.029999999329447746 -0.15000000596046448 0.0 -0.5099999904632568 0.0 0.0 0.0 -0.25 0.0 -0.20000000298023224 0.0 -0.27000001072883606 0.0 -0.14000000059604645 0.0 -0.18000000715255737 0.0 0.0 -0.09000000357627869 0.0 -0.27000001072883606 0.0 -0.18000000715255737 0.0 0.0 0.0 -0.18000000715255737 0.0 0.0 -0.18000000715255737 0.0 0.0 -0.18000000715255737 0.0 0.0 0.0 0.0 0.0 -0.30000001192092896 0.0 0.0 0.0 -0.18000000715255737 0.0 0.0 -0.09000000357627869 0.0 -0.27000001072883606 0.0 0.0 0.0 -0.27000001072883606 0.0 0.0 0.0 0.0 -0.18000000715255737 0.0 0.0 0.0 -0.11999999731779099 0.0 -0.11999999731779099 -0.11999999731779099 -0.11999999731779099 0.0 -0.11999999731779099 0.0 -0.27000001072883606 0.0 0.0 0.0 -0.09000000357627869 0.0 -0.27000001072883606 0.0 0.0 0.0 -0.27000001072883606 0.0 0.0 0.0 -0.6600000262260437 0.0 0.0 -0.05000000074505806 0.0 0.0 0.0 0.0 -0.2800000011920929 0.0 0.0 0.0 -0.7599999904632568
42 0.0 0.0 0.0 0.0 0.0 0.0 -0.800000011920929 0.0 0.0 -0.09000000357627869 0.0 -0.27000001072883606 0.0 0.0 0.0 -0.18000000715255737 0.0 0.0 -0.27000001072883606 0.0 0.0 0.0 -0.10999999940395355 -0.23000000417232513 -0.18000000715255737 0.0 -0.2800000011920929 0.0 0.0 0.0 -0.7599999904632568 -0.7599999904632568 -0.18000000715255737 0.0 0.0 -0.09000000357627869 0.0 -0.27000001072883606 0.0 0.0 0.0 -0.27000001072883606 0.0 0.0 0.0 0.0 -0.05000000074505806 0.0 0.0 0.0 0.0 0.0 -0.5099999904632568 0.0 -0.5099999904632568 0.0 0.0 0.0 -0.27000001072883606 0.0 0.0 0.0 -0.2800000011920929 0.0 0.0 0.0 -0.7599999904632568 -0.7599999904632568 -0.10999999940395355 0.0 0.0 -0.23000000417232513 0.0 -0.18000000715255737 0.0 0.0 -0.18000000715255737 0.0 0.0 0.0 -0.550000011920929 -0.6200000047683716 0.0 0.0 -0.5099999904632568 0.0 -0.09000000357627869 0.0 -0.27000001072883606 0.0 0.0 0.0 -0.09000000357627869 0.0 -0.27000001072883606 0.0 0.0 0.0 -0.27000001072883606 0.0 0.0 0.0 -0.18000000715255737 0.0 0.0 -0.09000000357627869 0.0 -0.27000001072883606 0.0 0.0 0.0 -0.27000001072883606 0.0 0.0 0.0 -0.18000000715255737 0.0 0.0 -0.18000000715255737 0.0 0.0 -0.18000000715255737 0.0 0.0 0.0 0.0 0.0 -0.30000001192092896 0.0 0.0 0.0 0.0 0.0 0.0 0.0 -0.6600000262260437 0.0 0.0 0.0 0.0 -0.6600000262260437 0.0 -0.18000000715255737 0.0 0.0 -0.09000000357627869 0.0 -0.27000001072883606 0.0 0.0 0.0 -0.27000001072883606 0.0 0.0 0.0 -0.18000000715255737 0.0 0.0 0.0 -0.11999999731779099 0.0 -0.11999999731779099 0.0 0.0 -0.5400000214576721 0.0 -0.11999999731779099 0.0 -0.11999999731779099 0.0 0.0 -0.25 0.0 0.0 0.0 -0.5400000214576721 0.0 -0.11999999731779099 0.0 -0.11999999731779099 0.0 0.0 -0.18000000715255737 0.0 0.0 0.0 -0.11999999731779099 0.0 -0.11999999731779099 0.0 -0.09000000357627869 -0.27000001072883606 0.0 0.0 0.0 -0.18000000715255737 0.0 0.0 0.0 -0.550000011920929 -0.6200000047683716 0.0 0.0 -0.18000000715255737 0.0 0.0 -0.09000000357627869 0.0 -0.27000001072883606 0.0 0.0 0.0 -0.27000001072883606 0.0 0.0 0.0 -0.6600000262260437 0.0 0.0 0.0 0.0 0.0 -0.25 0.0 -0.20000000298023224 0.0 -0.27000001072883606 0.0 -0.14000000059604645 0.0 -0.18000000715255737 0.0 0.0 -0.18000000715255737 0.0 -0.18000000715255737 0.0 0.0 0.0 0.0 -0.30000001192092896 0.0 0.0 0.0 -0.18000000715255737 0.0 -0.09000000357627869 0.0 -0.27000001072883606 0.0 -0.27000001072883606 0.0 0.0 0.0 0.0 0.0 -0.27000001072883606 0.0 0.0 0.0 0.0 0.0 -0.18000000715255737 0.0 0.0 -0.2800000011920929 0.0 0.0 0.0 -0.7599999904632568 -0.7599999904632568 0.0 0.0 0.0 0.0 -0.6600000262260437 0.0 0.0 -0.09000000357627869 0.0 -0.27000001072883606 0.0 0.0 0.0 -0.27000001072883606 0.0 0.0 0.0
43 0.0 -0.800000011920929 0.0 0.0 -0.18000000715255737 0.0 0.0 -0.09000000357627869 -0.27000001072883606 0.0 0.0 -0.27000001072883606 0.0 0.0 0.0 0.0 -0.05000000074505806 0.0 0.0 0.0 0.0 0.0 -0.5099999904632568 0.0 -0.5099999904632568 0.0 -0.27000001072883606 0.0 0.0 0.0 -0.2800000011920929 0.0 0.0 0.0 -0.7599999904632568 -0.7599999904632568 -0.10999999940395355 0.0 0.0 -0.23000000417232513 0.0 0.0 0.0 -0.09000000357627869 0.0 -0.27000001072883606 0.0 0.0 0.0 -0.18000000715255737 0.0 0.0 -0.09000000357627869 0.0 -0.27000001072883606 0.0 0.0 0.0 -0.27000001072883606 0.0 0.0 0.0 -0.18000000715255737 0.0 0.0 -0.18000000715255737 0.0 0.0 -0.18000000715255737 0.0 0.0 0.0 0.0 0.0 -0.30000001192092896 0.0 0.0 0.0 0.0 0.0 0.0 0.0 -0.6600000262260437 0.0 0.0 0.0 0.0 -0.6600000262260437 0.0 -0.18000000715255737 0.0 0.0 -0.09000000357627869 0.0 -0.27000001072883606 0.0 0.0 0.0 -0.27000001072883606 0.0 0.0 0.0 -0.18000000715255737 0.0 0.0 -0.11999999731779099 -0.11999999731779099 0.0 -0.5400000214576721 0.0 -0.11999999731779099 0.0 -0.11999999731779099 0.0 0.0 0.0 -0.27000001072883606 0.0 0.0 -0.18000000715255737 0.0 0.0 0.0 -0.550000011920929 -0.6200000047683716 0.0 0.0 -0.18000000715255737 0.0 0.0 -0.09000000357627869 0.0 -0.27000001072883606 0.0 0.0 0.0 -0.27000001072883606 0.0 0.0 0.0 0.0 0.0 0.0 -0.6600000262260437 0.0 0.0 0.0 0.0 -0.25 0.0 -0.20000000298023224 0.0 -0.14000000059604645 0.0 -0.18000000715255737 0.0 0.0 -0.18000000715255737 0.0 0.0 -0.18000000715255737 0.0 0.0 0.0 0.0 -0.30000001192092896 0.0 0.0 0.0 -0.18000000715255737 0.0 0.0 -0.09000000357627869 0.0 -0.27000001072883606 0.0 0.0 -0.27000001072883606 0.0 0.0 0.0 -0.18000000715255737 0.0 0.0 0.0 -0.11999999731779099 0.0 -0.11999999731779099 0.0 -0.27000001072883606 0.0 0.0 0.0 -0.09000000357627869 0.0 -0.27000001072883606 0.0 -0.27000001072883606 0.0 0.0 0.0 -0.6600000262260437 -0.05000000074505806 0.0 0.0 0.0 0.0 0.0 -0.5099999904632568 0.0 -0.5099999904632568 0.0 0.0 0.0 -0.18000000715255737 0.0 -0.18000000715255737 0.0 0.0 -0.18000000715255737 0.0 0.0 -0.2800000011920929 0.0 0.0 0.0 -0.7599999904632568 -0.7599999904632568 -0.18000000715255737 0.0 0.0 -0.27000001072883606 0.0 0.0 -0.27000001072883606 0.0 0.0 0.0 0.0 -0.14000000059604645 0.0 -0.6600000262260437 0.0 0.0
44 0.0 0.0 0.0 0.0 -0.699999988079071 0.0 -0.800000011920929 0.0 0.0 -0.800000011920929 0.0 0.0 -0.27000001072883606 0.0 0.0 0.0 0.0 -0.2800000011920929 0.0 0.0 0.0 -0.7599999904632568 -0.7599999904632568 0.0 0.0 0.0 0.0 0.0 -0.18000000715255737 0.0 0.0 -0.09000000357627869 0.0 -0.27000001072883606 0.0 0.0 0.0 -0.27000001072883606 0.0 0.0 0.0 -0.18000000715255737 0.0 0.0 -0.18000000715255737 0.0 0.0 -0.18000000715255737 0.0 0.0 0.0 0.0 0.0 -0.30000001192092896 0.0 0.0 0.0 0.0 0.0 0.0 -0.6600000262260437 0.0 0.0 0.0 0.0 -0.6600000262260437 0.0 -0.18000000715255737 0.0 0.0 -0.09000000357627869 0.0 -0.27000001072883606 0.0 0.0 0.0 -0.27000001072883606 0.0 0.0 0.0 -0.18000000715255737 0.0 0.0 -0.11999999731779099 0.0 -0.11999999731779099 0.0 0.0 -0.5400000214576721 0.0 -0.11999999731779099 0.0 -0.11999999731779099 0.0 0.0 -0.20000000298023224 0.0 -0.18000000715255737 0.0 0.0 0.0 -0.11999999731779099 -0.11999999731779099 -0.11999999731779099 0.0 -0.11999999731779099 0.0 -0.11999999731779099 0.0 -0.09000000357627869 0.0 -0.27000001072883606 0.0 0.0 0.0 -0.27000001072883606 0.0 0.0 0.0 -0.18000000715255737 0.0 0.0 0.0 -0.550000011920929 -0.6200000047683716 0.0 0.0 -0.18000000715255737 0.0 0.0 -0.09000000357627869 0.0 -0.27000001072883606 0.0 0.0 0.0 -0.27000001072883606 0.0 0.0 0.0 0.0 0.0 0.0 -0.6600000262260437 0.0 -0.2800000011920929 0.0 0.0 0.0 -0.7599999904632568 -0.7599999904632568 -0.18000000715255737 0.0 0.0 0.0 -0.11999999731779099 0.0 -0.11999999731779099 0.0 -0.11999999731779099 0.0 -0.11999999731779099 0.0 -0.11999999731779099 0.0 -0.27000001072883606 0.0 0.0 0.0 -0.09000000357627869 -0.27000001072883606 0.0 0.0 0.0 -0.18000000715255737 0.0 -0.27000001072883606 0.0 0.0 0.0 0.0 0.0 0.0 -0.20000000298023224 0.0 -0.18000000715255737 0.0 0.0 0.0 0.0 -0.18000000715255737 0.0 0.0 -0.09000000357627869 0.0 -0.27000001072883606 0.0 0.0 -0.27000001072883606 0.0 0.0 0.0 0.0 -0.18000000715255737 0.0 0.0 0.0 0.0 0.0 -0.27000001072883606 0.0 0.0 0.0 -0.09000000357627869 0.0 -0.27000001072883606 0.0 0.0 0.0 -0.27000001072883606 0.0 0.0 0.0 0.0 0.0 -0.6600000262260437 0.0 -0.27000001072883606 0.0 0.0 -0.05000000074505806 0.0 0.0 0.0 0.0 0.0 -0.5099999904632568 -0.5099999904632568 0.0 0.0 0.0 -0.18000000715255737 0.0 0.0 -0.18000000715255737 0.0 0.0 0.0 -0.550000011920929 -0.6200000047683716 0.0 0.0 -0.18000000715255737 0.0 0.0 -0.2800000011920929 0.0 0.0 0.0 -0.7599999904632568 -0.7599999904632568 0.0 0.0 0.0 0.0 -0.09000000357627869 0.0 -0.27000001072883606 0.0 0.0 0.0 -0.18000000715255737 0.0 0.0 -0.14000000059604645 0.0 0.0 -0.09000000357627869 -0.2199999988079071 0.0 0.0 0.0 -0.6600000262260437 0.0
45 -0.18000000715255737 0.0 0.0 -0.18000000715255737 0.0 0.0 0.0 0.0 0.0 -0.699999988079071 0.0 0.0 -0.800000011920929 0.0 0.0 -0.800000011920929 0.0 0.0 -0.18000000715255737 0.0 0.0 0.0 -0.09000000357627869 0.0 -0.27000001072883606 0.0 0.0 0.0 -0.18000000715255737 0.0 -0.27000001072883606 0.0 0.0 0.0 -0.18000000715255737 0.0 0.0 -0.09000000357627869 0.0 -0.27000001072883606 0.0 0.0 0.0 -0.27000001072883606 0.0 0.0 0.0 -0.27000001072883606 0.0 0.0 0.0 -0.2800000011920929 0.0 0.0 0.0 -0.7599999904632568 -0.7599999904632568 -0.10999999940395355 0.0 0.0 -0.23000000417232513 0.0 -0.18000000715255737 0.0 0.0 -0.09000000357627869 0.0 -0.27000001072883606 0.0 0.0 0.0 -0.27000001072883606 0.0 -0.09000000357627869 0.0 -0.27000001072883606 0.0 0.0 0.0 -0.27000001072883606 0.0 0.0 0.0 -0.18000000715255737 0.0 0.0 -0.09000000357627869 0.0 -0.27000001072883606 0.0 0.0 0.0 -0.27000001072883606 0.0 0.0 0.0 -0.18000000715255737 0.0 0.0 -0.18000000715255737 0.0 0.0 -0.18000000715255737 0.0 0.0 0.0 0.0 0.0 -0.30000001192092896 0.0 0.0 0.0 0.0 0.0 0.0 0.0 -0.6600000262260437 0.0 0.0 0.0 0.0 -0.6600000262260437 0.0 -0.18000000715255737 0.0 0.0 -0.09000000357627869 0.0 -0.27000001072883606 0.0 0.0 0.0 -0.27000001072883606 0.0 0.0 0.0 -0.18000000715255737 0.0 0.0 0.0 -0.11999999731779099 0.0 -0.11999999731779099 0.0 0.0 -0.5400000214576721 0.0 -0.11999999731779099 0.0 -0.11999999731779099 0.0 -0.18000000715255737 0.0 -0.029999999329447746 0.0 -0.25 0.0 -0.20000000298023224 0.0 -0.14000000059604645 0.0 0.0 -0.5400000214576721 0.0 -0.11999999731779099 0.0 -0.11999999731779099 0.0 -0.27000001072883606 0.0 0.0 0.0 -0.18000000715255737 0.0 0.0 0.0 -0.11999999731779099 0.0 -0.11999999731779099 0.0 -0.11999999731779099 0.0 -0.11999999731779099 0.0 -0.11999999731779099 0.0 -0.09000000357627869 0.0 -0.27000001072883606 0.0 0.0 0.0 -0.27000001072883606 0.0 0.0 0.0 -0.18000000715255737 0.0 0.0 0.0 -0.550000011920929 -0.6200000047683716 0.0 0.0 -0.18000000715255737 0.0 0.0 -0.09000000357627869 0.0 -0.27000001072883606 0.0 0.0 0.0 -0.27000001072883606 0.0 0.0 0.0 0.0 0.0 0.0 -0.6600000262260437 0.0 -0.18000000715255737 0.0 0.0 0.0 -0.11999999731779099 -0.11999999731779099 -0.11999999731779099 0.0 -0.11999999731779099 0.0 -0.11999999731779099 0.0 0.0 -0.27000001072883606 0.0 0.0 0.0 -0.27000001072883606 0.0 0.0 0.0 0.0 0.0 -0.11999999731779099 0.0 0.0 -0.25 0.0 -0.20000000298023224 0.0 -0.27000001072883606 -0.14000000059604645 0.0 -0.18000000715255737 0.0 0.0 0.0 -0.18000000715255737 0.0 -0.09000000357627869 0.0 -0.27000001072883606 0.0 0.0 -0.27000001072883606 0.0 0.0 0.0 -0.27000001072883606 0.0 0.0 0.0 -0.09000000357627869 0.0 -0.27000001072883606 0.0 0.0 0.0 0.0 0.0 -0.18000000715255737 0.0 -0.2800000011920929 0.0 0.0 0.0 -0.7599999904632568 -0.7599999904632568 0.0 -0.18000000715255737 0.0 0.0 -0.14000000059604645 0.0 0.0 -0.09000000357627869 -0.550000011920929 0.0 0.0 -0.6600000262260437 0.0 -0.27000001072883606 0.0 0.0 -0.18000000715255737 0.0 0.0 -0.09000000357627869 0.0 -0.27000001072883606 0.0 0.0 0.0 -0.27000001072883606 0.0 0.0 0.0
46 -0.18000000715255737 0.0 0.0 -0.18000000715255737 0.0 0.0 0.0 -0.699999988079071 0.0 -0.800000011920929 0.0 0.0 -0.18000000715255737 0.0 -0.18000000715255737 0.0 0.0 0.0 0.0 -0.699999988079071 0.0 0.0 -0.27000001072883606 0.0 0.0 0.0 0.0 -0.18000000715255737 0.0 0.0 -0.09000000357627869 0.0 -0.27000001072883606 0.0 0.0 0.0 -0.27000001072883606 0.0 0.0 0.0 -0.27000001072883606 0.0 0.0 0.0 -0.2800000011920929 0.0 0.0 0.0 -0.7599999904632568 -0.10999999940395355 0.0 0.0 -0.23000000417232513 0.0 -0.18000000715255737 0.0 0.0 -0.18000000715255737 0.0 0.0 -0.550000011920929 0.0 -0.18000000715255737 0.0 0.0 -0.09000000357627869 0.0 -0.27000001072883606 0.0 0.0 0.0 -0.27000001072883606 0.0 0.0 0.0 -0.18000000715255737 0.0 0.0 -0.18000000715255737 0.0 0.0 -0.18000000715255737 0.0 0.0 0.0 0.0 0.0 -0.30000001192092896 0.0 0.0 0.0 0.0 -0.18000000715255737 0.0 0.0 0.0 -0.11999999731779099 0.0 -0.11999999731779099 0.0 -0.18000000715255737 0.0 -0.029999999329447746 -0.15000000596046448 0.0 -0.5099999904632568 0.0 0.0 0.0 -0.09000000357627869 0.0 -0.27000001072883606 0.0 0.0 0.0 -0.27000001072883606 0.0 0.0 0.0 -0.09000000357627869 0.0 -0.27000001072883606 0.0 0.0 0.0 -0.27000001072883606 0.0 0.0 0.0 -0.18000000715255737 0.0 0.0 -0.09000000357627869 0.0 -0.27000001072883606 0.0 0.0 0.0 -0.27000001072883606 0.0 0.0 0.0 -0.18000000715255737 0.0 0.0 -0.18000000715255737 0.0 0.0 -0.18000000715255737 0.0 0.0 0.0 0.0 0.0 0.0 0.0 -0.6600000262260437 0.0 0.0 0.0 0.0 -0.6600000262260437 0.0 -0.18000000715255737 0.0 0.0 -0.09000000357627869 0.0 -0.27000001072883606 0.0 0.0 0.0 -0.27000001072883606 0.0 0.0 0.0 -0.18000000715255737 0.0 0.0 0.0 -0.11999999731779099 0.0 -0.11999999731779099 0.0 0.0 -0.5400000214576721 0.0 -0.11999999731779099 0.0 -0.11999999731779099 0.0 -0.18000000715255737 0.0 0.0 -0.029999999329447746 -0.15000000596046448 0.0 -0.5099999904632568 0.0 0.0 0.0 -0.25 0.0 -0.20000000298023224 0.0 -0.27000001072883606 0.0 -0.14000000059604645 0.0 -0.18000000715255737 0.0 0.0 -0.11999999731779099 -0.11999999731779099 0.0 0.0 -0.5400000214576721 0.0 -0.11999999731779099 0.0 -0.11999999731779099 0.0 -0.27000001072883606 0.0 0.0 0.0 -0.2800000011920929 0.0 0.0 0.0 -0.18000000715255737 0.0 0.0 0.0 -0.11999999731779099 0.0 -0.11999999731779099 0.0 -0.11999999731779099 0.0 -0.11999999731779099 0.0 -0.11999999731779099 0.0 -0.09000000357627869 0.0 -0.27000001072883606 0.0 0.0 0.0 -0.27000001072883606 0.0 0.0 0.0 -0.18000000715255737 0.0 0.0 0.0 -0.550000011920929 -0.6200000047683716 0.0 0.0 -0.18000000715255737 0.0 0.0 -0.09000000357627869 0.0 -0.27000001072883606 0.0 0.0 0.0 -0.27000001072883606 0.0 0.0 0.0 0.0 0.0 -0.6600000262260437 0.0 -0.18000000715255737 0.0 0.0 0.0 -0.11999999731779099 0.0 -0.11999999731779099 0.0 -0.11999999731779099 0.0 -0.11999999731779099 0.0 -0.11999999731779099 0.0 -0.09000000357627869 0.0 -0.27000001072883606 0.0 0.0 0.0 -0.27000001072883606 0.0 0.0 0.0 -0.18000000715255737 0.0 0.0 0.0 -0.11999999731779099 0.0 -0.11999999731779099 0.0 -0.11999999731779099 0.0 -0.11999999731779099 0.0 -0.11999999731779099 0.0 0.0 -0.09000000357627869 0.0 -0.27000001072883606 0.0 0.0 0.0 -0.18000000715255737 0.0 0.0 -0.27000001072883606 0.0 0.0 0.0 0.0 -0.18000000715255737 0.0 0.0 0.0 -0.11999999731779099 0.0 -0.11999999731779099 0.0 -0.11999999731779099 0.0 -0.11999999731779099 0.0 -0.11999999731779099 0.0 -0.18000000715255737 -0.18000000715255737 0.0 0.0 0.0 -0.11999999731779099 0.0 -0.11999999731779099 0.0 -0.11999999731779099 0.0 -0.11999999731779099 0.0 -0.11999999731779099 0.0 0.0 0.0 -0.18000000715255737 0.0 0.0 -0.029999999329447746 -0.15000000596046448 0.0 -0.5099999904632568 0.0 0.0 0.0 -0.25 0.0 -0.20000000298023224 0.0 -0.27000001072883606 0.0 -0.14000000059604645 0.0 0.0 -0.27000001072883606 0.0 0.0 -0.18000000715255737 0.0 0.0 -0.18000000715255737 0.0 0.0 -0.18000000715255737 0.0 0.0 -0.18000000715255737 0.0 0.0 -0.09000000357627869 0.0 -0.27000001072883606 0.0 0.0 0.0 -0.27000001072883606 0.0 0.0 0.0 0.0 -0.27000001072883606 0.0 0.0 0.0 -0.09000000357627869 0.0 0.0 -0.27000001072883606 0.0 0.0 0.0
47 -0.18000000715255737 0.0 0.0 0.0 0.0 0.0 -0.6600000262260437 0.0 -0.18000000715255737 0.0 0.0 -0.18000000715255737 0.0 0.0 0.0 0.0 0.0 -0.699999988079071 0.0 0.0 -0.800000011920929 0.0 0.0 -0.800000011920929 0.0 0.0 -0.18000000715255737 0.0 0.0 -0.18000000715255737 0.0 0.0 0.0 0.0 0.0 -0.699999988079071 0.0 0.0 0.0 -0.800000011920929 0.0 -0.18000000715255737 0.0 0.0 -0.18000000715255737 0.0 0.0 -0.09000000357627869 0.0 -0.27000001072883606 0.0 0.0 0.0 -0.18000000715255737 0.0 0.0 -0.27000001072883606 0.0 0.0 0.0 0.0 0.0 0.0 -0.6600000262260437 -0.10999999940395355 0.0 0.0 -0.23000000417232513 0.0 -0.2800000011920929 0.0 0.0 -0.18000000715255737 0.0 0.0 -0.09000000357627869 0.0 -0.27000001072883606 0.0 0.0 0.0 -0.27000001072883606 0.0 0.0 0.0 0.0 -0.27000001072883606 0.0 0.0 0.0 -0.2800000011920929 0.0 0.0 -0.7599999904632568 -0.7599999904632568 -0.10999999940395355 0.0 0.0 -0.23000000417232513 0.0 -0.18000000715255737 0.0 0.0 -0.18000000715255737 0.0 0.0 0.0 -0.550000011920929 0.0 -0.25 0.0 -0.20000000298023224 0.0 -0.18000000715255737 0.0 0.0 -0.09000000357627869 0.0 -0.27000001072883606 0.0 0.0 0.0 -0.27000001072883606 0.0 -0.18000000715255737 0.0 0.0 -0.18000000715255737 0.0 -0.18000000715255737 0.0 0.0 0.0 0.0 0.0 -0.30000001192092896 0.0 0.0 0.0 -0.18000000715255737 0.0 0.0 0.0 -0.11999999731779099 0.0 -0.11999999731779099 0.0 -0.11999999731779099 0.0 -0.11999999731779099 0.0 -0.11999999731779099 0.0 -0.18000000715255737 0.0 0.0 -0.029999999329447746 -0.15000000596046448 0.0 -0.5099999904632568 0.0 0.0 0.0 -0.25 0.0 -0.20000000298023224 -0.27000001072883606 0.0 -0.14000000059604645 -0.09000000357627869 0.0 -0.27000001072883606 0.0 0.0 0.0 -0.27000001072883606 0.0 0.0 0.0 -0.09000000357627869 0.0 -0.27000001072883606 0.0 0.0 0.0 -0.27000001072883606 0.0 0.0 0.0 -0.18000000715255737 0.0 0.0 -0.09000000357627869 0.0 -0.27000001072883606 0.0 0.0 0.0 -0.27000001072883606 0.0 0.0 0.0 -0.18000000715255737 0.0 0.0 -0.18000000715255737 0.0 0.0 -0.18000000715255737 0.0 0.0 0.0 0.0 0.0 -0.30000001192092896 0.0 0.0 0.0 0.0 0.0 0.0 0.0 -0.6600000262260437 0.0 0.0 0.0 0.0 -0.6600000262260437 0.0 -0.18000000715255737 0.0 0.0 -0.09000000357627869 0.0 -0.27000001072883606 0.0 0.0 0.0 -0.27000001072883606 0.0 0.0 0.0 -0.18000000715255737 0.0 0.0 0.0 -0.11999999731779099 0.0 -0.11999999731779099 0.0 0.0 -0.5400000214576721 0.0 -0.11999999731779099 0.0 -0.11999999731779099 0.0 -0.18000000715255737 0.0 0.0 -0.029999999329447746 -0.15000000596046448 0.0 -0.5099999904632568 0.0 0.0 0.0 -0.25 0.0 -0.20000000298023224 0.0 -0.27000001072883606 0.0 -0.14000000059604645 0.0 -0.18000000715255737 0.0 0.0 0.0 -0.11999999731779099 0.0 -0.11999999731779099 0.0 0.0 -0.5400000214576721 0.0 -0.11999999731779099 0.0 -0.11999999731779099 0.0 0.0 -0.27000001072883606 0.0 0.0 0.0 -0.18000000715255737 0.0 0.0 -0.18000000715255737 0.0 0.0 0.0 -0.27000001072883606 0.0 0.0 0.0 -0.2800000011920929 0.0 0.0 0.0 -0.7599999904632568 -0.7599999904632568 0.0 -0.18000000715255737 0.0 0.0 0.0 -0.11999999731779099 0.0 -0.11999999731779099 0.0 -0.11999999731779099 0.0 -0.11999999731779099 0.0 -0.11999999731779099 0.0 -0.09000000357627869 0.0 -0.27000001072883606 0.0 0.0 0.0 -0.27000001072883606 0.0 0.0 0.0 -0.18000000715255737 0.0 0.0 0.0 -0.550000011920929 -0.6200000047683716 0.0 0.0 -0.18000000715255737 0.0 0.0 -0.09000000357627869 0.0 -0.27000001072883606 0.0 0.0 0.0 -0.27000001072883606 0.0 0.0 0.0 -0.11999999731779099 0.0 0.0 0.0 -0.18000000715255737 -0.27000001072883606 0.0 0.0 0.0 0.0 0.0 -0.11999999731779099 -0.11999999731779099 -0.11999999731779099 0.0 -0.11999999731779099 0.0 -0.11999999731779099 0.0 -0.18000000715255737 0.0 0.0 -0.11999999731779099 0.0 -0.11999999731779099 0.0 -0.11999999731779099 0.0 -0.11999999731779099 0.0 -0.11999999731779099 0.0 -0.029999999329447746 -0.5099999904632568 0.0 0.0 0.0 -0.25 0.0 -0.20000000298023224 0.0 -0.27000001072883606 0.0 -0.14000000059604645 0.0 -0.09000000357627869 0.0 -0.27000001072883606 0.0 0.0 -0.27000001072883606 0.0 0.0 0.0 -0.27000001072883606 0.0 0.0 0.0 0.0 0.0 -0.6600000262260437 0.0 -0.18000000715255737 0.0 0.0 -0.09000000357627869 0.0 -0.27000001072883606 0.0 0.0 0.0 -0.27000001072883606 0.0 0.0 0.0
48 0.0 0.0 -0.18000000715255737 0.0 0.0 -0.18000000715255737 0.0 0.0 0.0 0.0 0.0 -0.699999988079071 0.0 0.0 -0.800000011920929 0.0 0.0 -0.800000011920929 0.0 0.0 -0.09000000357627869 -0.27000001072883606 0.0 0.0 0.0 0.0 -0.10999999940395355 0.0 0.0 -0.23000000417232513 0.0 -0.18000000715255737 0.0 0.0 -0.09000000357627869 0.0 -0.27000001072883606 0.0 0.0 0.0 -0.27000001072883606 0.0 0.0 0.0 0.0 -0.18000000715255737 0.0 0.0 -0.550000011920929 0.0 -0.18000000715255737 0.0 -0.029999999329447746 0.0 0.0 -0.25 0.0 -0.20000000298023224 0.0 -0.27000001072883606 -0.14000000059604645 0.0 -0.18000000715255737 0.0 0.0 -0.09000000357627869 0.0 -0.27000001072883606 0.0 0.0 0.0 -0.27000001072883606 0.0 0.0 0.0 -0.18000000715255737 0.0 -0.18000000715255737 0.0 0.0 -0.18000000715255737 0.0 0.0 -0.18000000715255737 0.0 0.0 0.0 0.0 0.0 -0.30000001192092896 0.0 0.0 0.0 -0.18000000715255737 -0.18000000715255737 0.0 0.0 0.0 0.0 0.0 -0.18000000715255737 0.0 0.0 -0.2800000011920929 0.0 0.0 0.0 -0.7599999904632568 -0.7599999904632568 0.0 -0.18000000715255737 0.0 0.0 -0.18000000715255737 0.0 0.0 -0.18000000715255737 0.0 0.0 0.0 0.0 0.0 -0.30000001192092896 0.0 0.0 0.0 -0.18000000715255737 0.0 0.0 -0.18000000715255737 0.0 0.0 -0.18000000715255737 0.0 0.0 0.0 -0.11999999731779099 0.0 -0.11999999731779099 0.0 -0.11999999731779099 0.0 -0.11999999731779099 0.0 -0.11999999731779099 0.0 -0.18000000715255737 0.0 0.0 -0.029999999329447746 -0.15000000596046448 0.0 -0.5099999904632568 0.0 0.0 0.0 -0.25 0.0 -0.20000000298023224 0.0 -0.27000001072883606 0.0 -0.14000000059604645 -0.09000000357627869 0.0 -0.27000001072883606 0.0 0.0 0.0 -0.27000001072883606 0.0 0.0 0.0 -0.09000000357627869 0.0 -0.27000001072883606 0.0 0.0 0.0 -0.27000001072883606 0.0 0.0 0.0 -0.18000000715255737 0.0 0.0 -0.09000000357627869 -0.27000001072883606 0.0 0.0 0.0 0.0 0.0 0.0 0.0 0.0 0.0 -0.6600000262260437 -0.18000000715255737 0.0 0.0 -0.09000000357627869 0.0 -0.27000001072883606 0.0 0.0 0.0 -0.27000001072883606 0.0 0.0 0.0 -0.18000000715255737 0.0 0.0 0.0 -0.11999999731779099 0.0 -0.11999999731779099 0.0 0.0 -0.5400000214576721 0.0 -0.11999999731779099 0.0 -0.11999999731779099 0.0 -0.18000000715255737 0.0 0.0 -0.029999999329447746 -0.15000000596046448 0.0 -0.5099999904632568 0.0 0.0 0.0 -0.25 0.0 -0.20000000298023224 0.0 -0.27000001072883606 0.0 -0.14000000059604645 0.0 -0.18000000715255737 0.0 0.0 0.0 -0.11999999731779099 0.0 -0.11999999731779099 0.0 0.0 -0.5400000214576721 0.0 -0.11999999731779099 0.0 -0.11999999731779099 0.0 0.0 0.0 0.0 -0.6600000262260437 0.0 -0.18000000715255737 0.0 0.0 0.0 -0.550000011920929 -0.6200000047683716 0.0 -0.18000000715255737 -0.18000000715255737 0.0 0.0 0.0 -0.27000001072883606 0.0 0.0 0.0 -0.18000000715255737 0.0 0.0 -0.18000000715255737 0.0 0.0 -0.18000000715255737 0.0 0.0 0.0 0.0 0.0 -0.27000001072883606 0.0 0.0 0.0 -0.2800000011920929 0.0 0.0 0.0 -0.7599999904632568 -0.7599999904632568 0.0 -0.18000000715255737 0.0 0.0 0.0 -0.11999999731779099 0.0 -0.11999999731779099 0.0 -0.11999999731779099 0.0 -0.11999999731779099 0.0 -0.11999999731779099 0.0 -0.09000000357627869 0.0 -0.27000001072883606 0.0 0.0 0.0 -0.27000001072883606 0.0 0.0 0.0 -0.18000000715255737 0.0 0.0 0.0 -0.18000000715255737 0.0 0.0 -0.09000000357627869 0.0 -0.27000001072883606 0.0 0.0 0.0 -0.27000001072883606 0.0 0.0 0.0 -0.18000000715255737 0.0 0.0 0.0 -0.11999999731779099 0.0 -0.11999999731779099 0.0 -0.11999999731779099 0.0 -0.11999999731779099 0.0 -0.11999999731779099 0.0 0.0 -0.11999999731779099 0.0 -0.11999999731779099 0.0 -0.09000000357627869 0.0 -0.27000001072883606 0.0 0.0 0.0 -0.18000000715255737 0.0 0.0 -0.27000001072883606 0.0 0.0 0.0 -0.09000000357627869 0.0 -0.27000001072883606 0.0 0.0 0.0 -0.18000000715255737 -0.27000001072883606 0.0 0.0 0.0 -0.18000000715255737 0.0 0.0 0.0 -0.18000000715255737 0.0 0.0 0.0 -0.11999999731779099 0.0 -0.11999999731779099 0.0 -0.11999999731779099 0.0 -0.11999999731779099 0.0 -0.11999999731779099 0.0 -0.18000000715255737 0.0 0.0 0.0 -0.11999999731779099 0.0 -0.11999999731779099 0.0 -0.11999999731779099 0.0 -0.11999999731779099 0.0 -0.11999999731779099 0.0 -0.5099999904632568 0.0 0.0 0.0 -0.25 0.0 -0.20000000298023224 0.0 -0.27000001072883606 0.0 -0.14000000059604645 0.0 -0.09000000357627869 0.0 -0.27000001072883606 0.0 0.0 -0.27000001072883606 0.0 0.0 0.0
49 -0.18000000715255737 0.0 0.0 -0.18000000715255737 0.0 0.0 -0.18000000715255737 0.0 0.0 -0.18000000715255737 0.0 0.0 0.0 0.0 -0.18000000715255737 0.0 0.0 -0.18000000715255737 0.0 0.0 0.0 -0.09000000357627869 0.0 -0.27000001072883606 0.0 0.0 0.0 -0.18000000715255737 0.0 0.0 -0.27000001072883606 0.0 0.0 0.0 0.0 0.0 0.0 -0.6600000262260437 0.0 -0.10999999940395355 0.0 0.0 -0.23000000417232513 0.0 -0.18000000715255737 0.0 0.0 -0.18000000715255737 0.0 0.0 -0.18000000715255737 0.0 0.0 -0.2800000011920929 0.0 0.0 0.0 -0.7599999904632568 -0.7599999904632568 -0.18000000715255737 0.0 0.0 -0.09000000357627869 0.0 -0.27000001072883606 0.0 0.0 0.0 -0.27000001072883606 0.0 0.0 0.0 0.0 -0.27000001072883606 0.0 0.0 0.0 -0.18000000715255737 0.0 0.0 -0.18000000715255737 0.0 0.0 0.0 -0.550000011920929 -0.6200000047683716 0.0 0.0 -0.18000000715255737 0.0 0.0 -0.029999999329447746 -0.15000000596046448 0.0 -0.5099999904632568 0.0 0.0 0.0 -0.25 0.0 -0.20000000298023224 0.0 -0.27000001072883606 0.0 -0.14000000059604645 0.0 -0.18000000715255737 0.0 0.0 -0.09000000357627869 0.0 -0.27000001072883606 0.0 0.0 0.0 -0.18000000715255737 0.0 0.0 -0.18000000715255737 0.0 0.0 -0.18000000715255737 0.0 0.0 0.0 0.0 -0.30000001192092896 0.0 0.0 0.0 -0.18000000715255737 0.0 0.0 -0.18000000715255737 0.0 0.0 -0.18000000715255737 0.0 0.0 0.0 0.0 0.0 -0.30000001192092896 0.0 0.0 0.0 -0.18000000715255737 0.0 0.0 -0.18000000715255737 0.0 0.0 -0.18000000715255737 0.0 0.0 0.0 0.0 0.0 -0.18000000715255737 0.0 0.0 0.0 -0.11999999731779099 0.0 -0.11999999731779099 0.0 -0.11999999731779099 0.0 -0.11999999731779099 0.0 -0.11999999731779099 0.0 -0.18000000715255737 0.0 0.0 -0.029999999329447746 -0.15000000596046448 0.0 -0.5099999904632568 0.0 0.0 0.0 -0.25 0.0 -0.20000000298023224 0.0 -0.27000001072883606 0.0 -0.14000000059604645 0.0 -0.09000000357627869 0.0 -0.27000001072883606 0.0 0.0 0.0 -0.27000001072883606 0.0 0.0 0.0 -0.09000000357627869 0.0 -0.27000001072883606 0.0 0.0 0.0 -0.27000001072883606 0.0 0.0 0.0 -0.18000000715255737 0.0 0.0 -0.09000000357627869 -0.27000001072883606 0.0 0.0 -0.18000000715255737 0.0 0.0 -0.18000000715255737 0.0 0.0 -0.18000000715255737 0.0 0.0 0.0 0.0 0.0 -0.30000001192092896 0.0 0.0 0.0 0.0 0.0 -0.6600000262260437 0.0 -0.18000000715255737 0.0 0.0 -0.09000000357627869 0.0 -0.27000001072883606 0.0 0.0 0.0 -0.27000001072883606 0.0 0.0 -0.18000000715255737 0.0 0.0 0.0 -0.11999999731779099 0.0 -0.11999999731779099 0.0 0.0 -0.5400000214576721 0.0 -0.11999999731779099 0.0 -0.11999999731779099 0.0 -0.18000000715255737 0.0 0.0 -0.029999999329447746 -0.15000000596046448 0.0 -0.5099999904632568 0.0 0.0 0.0 -0.25 0.0 -0.20000000298023224 0.0 -0.27000001072883606 0.0 -0.14000000059604645 0.0 -0.18000000715255737 0.0 0.0 0.0 -0.11999999731779099 0.0 -0.11999999731779099 0.0 0.0 -0.5400000214576721 0.0 -0.11999999731779099 0.0 -0.11999999731779099 0.0 0.0 0.0 0.0 -0.6600000262260437 0.0 -0.18000000715255737 0.0 0.0 0.0 -0.550000011920929 -0.6200000047683716 0.0 0.0 -0.18000000715255737 0.0 0.0 -0.18000000715255737 0.0 0.0 0.0 -0.550000011920929 -0.6200000047683716 0.0 0.0 -0.18000000715255737 0.0 0.0 -0.14000000059604645 0.0 0.0 -0.09000000357627869 -0.27000001072883606 0.0 0.0 0.0 -0.18000000715255737 0.0 0.0 -0.2800000011920929 0.0 0.0 0.0 -0.7599999904632568 -0.7599999904632568 -0.18000000715255737 0.0 0.0 -0.18000000715255737 0.0 0.0 -0.18000000715255737 0.0 0.0 0.0 0.0 0.0 -0.30000001192092896 0.0 0.0 0.0 -0.27000001072883606 0.0 0.0 0.0 -0.2800000011920929 0.0 0.0 0.0 -0.7599999904632568 -0.7599999904632568 0.0 -0.18000000715255737 0.0 0.0 0.0 -0.11999999731779099 0.0 -0.11999999731779099 -0.11999999731779099 0.0 -0.11999999731779099 0.0 0.0 -0.11999999731779099 0.0 -0.11999999731779099 0.0 -0.11999999731779099 0.0 -0.11999999731779099 -0.20000000298023224 0.0 -0.27000001072883606 0.0 -0.14000000059604645 0.0 0.0
5 -0.18000000715255737 0.0 0.0 -0.14000000059604645 0.0 0.0 -0.09000000357627869 -0.2199999988079071 0.0 0.0 0.0 0.0 0.0 0.0 -0.6600000262260437 0.0 -0.18000000715255737 0.0 0.0 -0.18000000715255737 0.0 0.0 0.0 0.0 0.0 -0.699999988079071 0.0 0.0 0.0 -0.18000000715255737 0.0 0.0 -0.18000000715255737 0.0 0.0 0.0 0.0 0.0 -0.699999988079071 0.0 0.0 -0.800000011920929 0.0 0.0 -0.800000011920929 0.0 0.0 -0.18000000715255737 0.0 0.0 -0.18000000715255737 0.0 0.0 0.0 0.0 0.0 -0.699999988079071 0.0 0.0 -0.800000011920929 0.0 0.0 -0.800000011920929 0.0 0.0 -0.09000000357627869 0.0 -0.27000001072883606 0.0 0.0 0.0 -0.18000000715255737 0.0 0.0 -0.27000001072883606 0.0 0.0 0.0 0.0 0.0 0.0 -0.6600000262260437 0.0 -0.10999999940395355 0.0 0.0 0.0 -0.2800000011920929 0.0 0.0 0.0 -0.7599999904632568 -0.7599999904632568 -0.18000000715255737 0.0 -0.09000000357627869 0.0 -0.27000001072883606 0.0 0.0 0.0 -0.27000001072883606 0.0 0.0 0.0 -0.18000000715255737 0.0 0.0 0.0 -0.11999999731779099 0.0 -0.11999999731779099 0.0 0.0 -0.5400000214576721 0.0 -0.11999999731779099 -0.11999999731779099 0.0 0.0 -0.11999999731779099 0.0 -0.11999999731779099 0.0 0.0 -0.5400000214576721 0.0 -0.11999999731779099 -0.11999999731779099 0.0 -0.27000001072883606 0.0 0.0 0.0 -0.18000000715255737 0.0 0.0 -0.2800000011920929 0.0 0.0 0.0 -0.7599999904632568 -0.7599999904632568 -0.18000000715255737 0.0 0.0 -0.18000000715255737 0.0 0.0 -0.18000000715255737 0.0 0.0 0.0 0.0 0.0 -0.30000001192092896 0.0 0.0 0.0 -0.27000001072883606 0.0 0.0 0.0 -0.2800000011920929 -0.7599999904632568 0.0 -0.18000000715255737 0.0 0.0 0.0 -0.11999999731779099 0.0 -0.11999999731779099 0.0 -0.11999999731779099 0.0 -0.11999999731779099 0.0 -0.11999999731779099 0.0 -0.5099999904632568 0.0 -0.5099999904632568 0.0 0.0 0.0 0.0 -0.6600000262260437 0.0 -0.27000001072883606 0.0 0.0 0.0 0.0 0.0 0.0 0.0 -0.6600000262260437 0.0 0.0 0.0 -0.6600000262260437 0.0 -0.27000001072883606 0.0 0.0 0.0 -0.10999999940395355 0.0 0.0 -0.23000000417232513 0.0 0.0 0.0 -0.18000000715255737 0.0 0.0 -0.09000000357627869 -0.27000001072883606 0.0 0.0 0.0 -0.27000001072883606 0.0 0.0 -0.7599999904632568
50 0.0 0.0 -0.10999999940395355 0.0 0.0 -0.23000000417232513 0.0 0.0 0.0 -0.18000000715255737 0.0 0.0 -0.029999999329447746 -0.15000000596046448 0.0 -0.5099999904632568 0.0 0.0 0.0 -0.25 0.0 -0.20000000298023224 0.0 -0.27000001072883606 0.0 -0.14000000059604645 0.0 0.0 -0.18000000715255737 0.0 0.0 -0.18000000715255737 0.0 0.0 0.0 0.0 -0.18000000715255737 0.0 0.0 -0.18000000715255737 0.0 0.0 -0.18000000715255737 0.0 0.0 0.0 0.0 0.0 -0.30000001192092896 0.0 0.0 0.0 -0.18000000715255737 0.0 0.0 -0.18000000715255737 0.0 0.0 -0.18000000715255737 0.0 0.0 0.0 0.0 0.0 -0.30000001192092896 0.0 -0.18000000715255737 0.0 0.0 0.0 -0.11999999731779099 0.0 -0.11999999731779099 0.0 -0.11999999731779099 0.0 -0.11999999731779099 0.0 -0.11999999731779099 0.0 -0.18000000715255737 0.0 0.0 -0.029999999329447746 -0.15000000596046448 0.0 -0.5099999904632568 0.0 0.0 0.0 -0.25 0.0 -0.20000000298023224 0.0 -0.09000000357627869 0.0 -0.27000001072883606 0.0 -0.27000001072883606 0.0 0.0 0.0 0.0 -0.27000001072883606 0.0 0.0 0.0 -0.18000000715255737 0.0 0.0 0.0 -0.18000000715255737 0.0 0.0 -0.029999999329447746 -0.15000000596046448 0.0 -0.5099999904632568 0.0 0.0 0.0 -0.25 0.0 -0.27000001072883606 0.0 -0.18000000715255737 0.0 0.0 0.0 -0.11999999731779099 0.0 -0.11999999731779099 0.0 0.0 -0.5400000214576721 0.0 -0.11999999731779099 0.0 -0.11999999731779099 0.0 0.0 0.0 0.0 -0.6600000262260437 0.0 -0.18000000715255737 0.0 0.0 0.0 -0.550000011920929 -0.6200000047683716 0.0 0.0 -0.18000000715255737 0.0 0.0 -0.18000000715255737 0.0 0.0 0.0 -0.550000011920929 -0.6200000047683716 0.0 0.0 -0.18000000715255737 0.0 0.0 -0.14000000059604645 0.0 0.0 -0.27000001072883606 0.0 0.0 0.0 -0.18000000715255737 0.0 0.0 -0.2800000011920929 0.0 0.0 0.0 -0.7599999904632568 -0.18000000715255737 0.0 0.0 -0.18000000715255737 0.0 0.0 -0.18000000715255737 0.0 0.0 0.0 0.0 0.0 -0.30000001192092896 0.0 0.0 0.0 -0.27000001072883606 0.0 0.0 0.0 -0.2800000011920929 0.0 0.0 0.0 -0.7599999904632568 -0.7599999904632568 0.0 0.0
51 0.0 0.0 0.0 0.0 -0.6600000262260437 0.0 -0.10999999940395355 0.0 0.0 -0.23000000417232513 0.0 -0.18000000715255737 0.0 -0.18000000715255737 0.0 0.0 -0.18000000715255737 0.0 0.0 0.0 0.0 -0.30000001192092896 0.0 0.0 0.0 0.0 0.0 -0.27000001072883606 0.0 0.0 0.0 0.0 -0.550000011920929 -0.18000000715255737 0.0 0.0 -0.029999999329447746 -0.15000000596046448 0.0 -0.5099999904632568 0.0 0.0 0.0 -0.25 0.0 -0.20000000298023224 0.0 -0.27000001072883606 0.0 -0.14000000059604645 0.0 -0.18000000715255737 0.0 0.0 -0.18000000715255737 0.0 0.0 0.0 0.0 0.0 -0.30000001192092896 0.0 0.0 0.0 -0.18000000715255737 0.0 0.0 -0.18000000715255737 0.0 0.0 -0.18000000715255737 0.0 0.0 0.0 0.0 0.0 -0.30000001192092896 0.0 0.0 -0.18000000715255737 0.0 0.0 0.0 -0.11999999731779099 0.0 -0.11999999731779099 0.0 -0.11999999731779099 0.0 -0.11999999731779099 0.0 -0.11999999731779099 0.0 -0.18000000715255737 0.0 0.0 -0.029999999329447746 -0.15000000596046448 0.0 -0.5099999904632568 0.0 0.0 0.0 -0.25 0.0 -0.20000000298023224 0.0 -0.27000001072883606 0.0 -0.14000000059604645 0.0 -0.09000000357627869 0.0 -0.27000001072883606 0.0 0.0 -0.09000000357627869 0.0 -0.27000001072883606 0.0 0.0 -0.27000001072883606 0.0 0.0 0.0 -0.18000000715255737 0.0 0.0 -0.18000000715255737 0.0 0.0 -0.029999999329447746 -0.15000000596046448 0.0 -0.5099999904632568 0.0 -0.18000000715255737 0.0 0.0 0.0 -0.11999999731779099 0.0 -0.11999999731779099 0.0 0.0 -0.5400000214576721 0.0 -0.11999999731779099 0.0 -0.11999999731779099 0.0 0.0 0.0 0.0 -0.6600000262260437 0.0 -0.18000000715255737 0.0 0.0 0.0 -0.550000011920929 -0.6200000047683716 0.0 0.0 -0.18000000715255737 0.0 0.0 -0.18000000715255737 0.0 0.0 0.0 -0.550000011920929 -0.6200000047683716 0.0 0.0 -0.18000000715255737 0.0 0.0 -0.14000000059604645 0.0 0.0 -0.09000000357627869 -0.2199999988079071 0.0 0.0 0.0 -0.27000001072883606 0.0 0.0 0.0 -0.18000000715255737 0.0 0.0 -0.2800000011920929 0.0 0.0 0.0 -0.7599999904632568 -0.7599999904632568 -0.18000000715255737 0.0 0.0 -0.18000000715255737 0.0 0.0 -0.18000000715255737 0.0 0.0 0.0 0.0 -0.30000001192092896 0.0 -0.27000001072883606 0.0 0.0 0.0 -0.2800000011920929 0.0 0.0 0.0 -0.7599999904632568 -0.7599999904632568
52 0.0 0.0 0.0 0.0 0.0 -0.6600000262260437 0.0 -0.10999999940395355 0.0 0.0 -0.23000000417232513 0.0 -0.18000000715255737 0.0 0.0 -0.18000000715255737 0.0 0.0 -0.18000000715255737 0.0 0.0 0.0 0.0 0.0 -0.30000001192092896 0.0 0.0 0.0 -0.2800000011920929 0.0 0.0 -0.7599999904632568 -0.7599999904632568 -0.18000000715255737 0.0 0.0 -0.09000000357627869 0.0 -0.27000001072883606 0.0 0.0 0.0 -0.27000001072883606 0.0 0.0 0.0 -0.18000000715255737 0.0 0.0 -0.18000000715255737 0.0 0.0 0.0 -0.550000011920929 -0.6200000047683716 0.0 0.0 0.0 -0.18000000715255737 0.0 0.0 -0.029999999329447746 -0.15000000596046448 0.0 -0.5099999904632568 0.0 0.0 0.0 -0.25 0.0 -0.20000000298023224 0.0 -0.27000001072883606 0.0 -0.14000000059604645 0.0 0.0 -0.18000000715255737 0.0 -0.18000000715255737 0.0 0.0 -0.18000000715255737 0.0 0.0 0.0 0.0 -0.30000001192092896 0.0 0.0 0.0 -0.18000000715255737 0.0 0.0 0.0 -0.11999999731779099 0.0 -0.18000000715255737 0.0 0.0 -0.029999999329447746 -0.15000000596046448 0.0 -0.5099999904632568 0.0 0.0 0.0 -0.25 0.0 -0.20000000298023224 0.0 -0.27000001072883606 0.0 -0.14000000059604645 0.0 -0.09000000357627869 0.0 -0.27000001072883606 0.0 0.0 -0.09000000357627869 0.0 -0.27000001072883606 0.0 0.0 0.0 -0.27000001072883606 0.0 0.0 0.0 -0.18000000715255737 0.0 0.0 -0.18000000715255737 0.0 -0.18000000715255737 0.0 0.0 0.0 -0.11999999731779099 0.0 -0.11999999731779099 0.0 0.0 -0.5400000214576721 0.0 -0.11999999731779099 0.0 -0.11999999731779099 0.0 0.0 0.0 0.0 -0.6600000262260437 0.0 -0.18000000715255737 0.0 0.0 0.0 -0.550000011920929 -0.6200000047683716 0.0 0.0 -0.18000000715255737 0.0 0.0 -0.18000000715255737 0.0 0.0 0.0 -0.550000011920929 -0.6200000047683716 0.0 0.0 -0.18000000715255737 0.0 0.0 -0.14000000059604645 0.0 0.0 -0.09000000357627869 -0.2199999988079071 0.0 0.0 0.0 -0.27000001072883606 0.0 0.0 0.0 -0.18000000715255737 0.0 0.0 -0.2800000011920929 0.0 0.0 0.0 -0.27000001072883606 0.0 0.0 0.0 -0.7599999904632568 -0.7599999904632568 0.0 -0.27000001072883606 0.0 0.0
53 0.0 0.0 0.0 -0.6600000262260437 0.0 -0.10999999940395355 0.0 0.0 -0.23000000417232513 0.0 -0.18000000715255737 0.0 0.0 -0.18000000715255737 0.0 0.0 -0.18000000715255737 0.0 0.0 0.0 0.0 0.0 -0.30000001192092896 0.0 0.0 0.0 -0.2800000011920929 0.0 0.0 -0.7599999904632568 -0.7599999904632568 0.0 -0.27000001072883606 0.0 -0.550000011920929 -0.15000000596046448 -0.5099999904632568 0.0 0.0 0.0 -0.25 0.0 -0.20000000298023224 0.0 -0.27000001072883606 0.0 -0.14000000059604645 0.0 0.0 -0.18000000715255737 0.0 0.0 -0.029999999329447746 -0.15000000596046448 0.0 -0.5099999904632568 0.0 0.0 0.0 -0.25 0.0 -0.20000000298023224 0.0 -0.27000001072883606 0.0 -0.14000000059604645 0.0 -0.27000001072883606 0.0 0.0 0.0 -0.18000000715255737 0.0 0.0 0.0 -0.11999999731779099 0.0 -0.11999999731779099 0.0 0.0 -0.5400000214576721 0.0 -0.11999999731779099 0.0 -0.11999999731779099 0.0 0.0 0.0 0.0 -0.6600000262260437 0.0 -0.18000000715255737 0.0 0.0 0.0 -0.550000011920929 -0.6200000047683716 0.0 0.0 -0.18000000715255737 0.0 0.0 -0.18000000715255737 0.0 0.0 0.0 -0.550000011920929 -0.6200000047683716 0.0 0.0 -0.18000000715255737 0.0 0.0 -0.14000000059604645 0.0 0.0 -0.09000000357627869 -0.2199999988079071 0.0 0.0 0.0 -0.27000001072883606 0.0 0.0 0.0 -0.18000000715255737 0.0 0.0 -0.2800000011920929 0.0 0.0 0.0 -0.7599999904632568 -0.7599999904632568 -0.18000000715255737 0.0 0.0 -0.18000000715255737 0.0 0.0 -0.18000000715255737 0.0 0.0 0.0 0.0 -0.7599999904632568
54 0.0 -0.18000000715255737 0.0 0.0 -0.09000000357627869 0.0 -0.27000001072883606 0.0 0.0 0.0 -0.18000000715255737 0.0 0.0 -0.27000001072883606 0.0 0.0 0.0 0.0 0.0 -0.6600000262260437 0.0 -0.10999999940395355 0.0 0.0 -0.23000000417232513 0.0 -0.18000000715255737 0.0 0.0 -0.18000000715255737 0.0 0.0 -0.18000000715255737 0.0 0.0 0.0 0.0 0.0 -0.30000001192092896 0.0 0.0 0.0 -0.2800000011920929 0.0 0.0 0.0 -0.7599999904632568 -0.7599999904632568 -0.18000000715255737 0.0 0.0 -0.09000000357627869 0.0 -0.27000001072883606 0.0 0.0 0.0 -0.27000001072883606 0.0 0.0 0.0 0.0 -0.25 0.0 -0.20000000298023224 0.0 -0.27000001072883606 0.0 -0.14000000059604645 0.0 0.0 0.0 0.0 -0.30000001192092896 0.0 0.0 0.0 -0.18000000715255737 0.0 0.0 0.0 -0.11999999731779099 0.0 -0.11999999731779099 0.0 -0.11999999731779099 -0.18000000715255737 0.0 0.0 -0.029999999329447746 -0.15000000596046448 0.0 -0.5099999904632568 0.0 0.0 0.0 -0.25 0.0 -0.20000000298023224 -0.27000001072883606 0.0 0.0 -0.09000000357627869 0.0 0.0 -0.27000001072883606 0.0 0.0 0.0 -0.18000000715255737 0.0 0.0 0.0 -0.11999999731779099 0.0 -0.18000000715255737 0.0 0.0 -0.029999999329447746 -0.15000000596046448 0.0 -0.5099999904632568 -0.18000000715255737 0.0 0.0 0.0 -0.11999999731779099 0.0 -0.11999999731779099 0.0 0.0 -0.5400000214576721 0.0 -0.11999999731779099 0.0 -0.11999999731779099 0.0 0.0 0.0 0.0 -0.6600000262260437 0.0 -0.18000000715255737 0.0 0.0 0.0 -0.550000011920929 -0.6200000047683716 0.0 0.0 -0.18000000715255737 0.0 0.0 -0.18000000715255737 0.0 0.0 0.0 -0.550000011920929 -0.6200000047683716 0.0 0.0 -0.18000000715255737 0.0 0.0 -0.14000000059604645 0.0 0.0 -0.09000000357627869 -0.2199999988079071 0.0 0.0 0.0 -0.27000001072883606 0.0 0.0 0.0 -0.18000000715255737 0.0 0.0 -0.2800000011920929 0.0 0.0 0.0 -0.7599999904632568 -0.7599999904632568 -0.18000000715255737 0.0 0.0 -0.18000000715255737 0.0 0.0 -0.18000000715255737 0.0 0.0 0.0 0.0 0.0 -0.30000001192092896 0.0 0.0 0.0 -0.27000001072883606 0.0 0.0 0.0 -0.2800000011920929 0.0 0.0 0.0 -0.7599999904632568 -0.7599999904632568
55 0.0 -0.09000000357627869 0.0 0.0 -0.18000000715255737 0.0 0.0 -0.18000000715255737 0.0 -0.18000000715255737 0.0 0.0 -0.18000000715255737 0.0 0.0 0.0 0.0 0.0 -0.699999988079071 0.0 0.0 -0.800000011920929 0.0 -0.800000011920929 0.0 0.0 -0.09000000357627869 0.0 -0.27000001072883606 0.0 0.0 0.0 -0.18000000715255737 0.0 0.0 -0.27000001072883606 0.0 0.0 0.0 0.0 0.0 0.0 -0.6600000262260437 0.0 -0.10999999940395355 0.0 0.0 -0.23000000417232513 0.0 -0.18000000715255737 0.0 0.0 -0.18000000715255737 0.0 0.0 -0.18000000715255737 0.0 0.0 0.0 0.0 0.0 -0.30000001192092896 0.0 0.0 0.0 -0.2800000011920929 0.0 0.0 0.0 -0.7599999904632568 -0.7599999904632568 -0.18000000715255737 0.0 -0.09000000357627869 0.0 -0.27000001072883606 0.0 0.0 -0.27000001072883606 0.0 0.0 0.0 -0.15000000596046448 0.0 0.0 -0.11999999731779099 0.0 -0.11999999731779099 0.0 -0.18000000715255737 0.0 0.0 0.0 -0.11999999731779099 0.0 -0.11999999731779099 0.0 0.0 -0.5400000214576721 0.0 -0.11999999731779099 0.0 -0.11999999731779099 0.0 0.0 0.0 0.0 -0.6600000262260437 0.0 -0.18000000715255737 0.0 0.0 0.0 -0.550000011920929 -0.6200000047683716 0.0 0.0 -0.18000000715255737 0.0 0.0 -0.18000000715255737 0.0 0.0 -0.14000000059604645 0.0 0.0 -0.09000000357627869 -0.2199999988079071 0.0 0.0 0.0 -0.27000001072883606 0.0 0.0 0.0 -0.18000000715255737 0.0 0.0 -0.2800000011920929 0.0 0.0 0.0 -0.7599999904632568 -0.7599999904632568 -0.18000000715255737 0.0 0.0 -0.18000000715255737 0.0 0.0 -0.18000000715255737 0.0 0.0 0.0 0.0 0.0 -0.30000001192092896 0.0 0.0 0.0 -0.27000001072883606 0.0 0.0 0.0 -0.2800000011920929 0.0 0.0 -0.7599999904632568 -0.7599999904632568
56 0.0 0.0 0.0 0.0 -0.6600000262260437 0.0 -0.18000000715255737 0.0 0.0 -0.18000000715255737 0.0 0.0 -0.18000000715255737 0.0 0.0 0.0 0.0 0.0 -0.699999988079071 0.0 0.0 -0.800000011920929 0.0 0.0 -0.18000000715255737 0.0 0.0 -0.18000000715255737 0.0 0.0 0.0 0.0 0.0 -0.699999988079071 0.0 0.0 -0.800000011920929 0.0 0.0 -0.800000011920929 0.0 0.0 -0.09000000357627869 0.0 -0.27000001072883606 0.0 0.0 0.0 -0.18000000715255737 0.0 0.0 -0.27000001072883606 0.0 0.0 0.0 0.0 0.0 0.0 -0.6600000262260437 0.0 -0.10999999940395355 0.0 0.0 -0.23000000417232513 0.0 -0.18000000715255737 0.0 -0.18000000715255737 0.0 -0.18000000715255737 0.0 0.0 -0.2800000011920929 0.0 0.0 0.0 -0.7599999904632568 -0.7599999904632568 -0.18000000715255737 0.0 -0.09000000357627869 0.0 -0.27000001072883606 0.0 0.0 0.0 -0.27000001072883606 0.0 0.0 0.0 -0.30000001192092896 0.0 0.0 0.0 -0.18000000715255737 0.0 0.0 -0.11999999731779099 0.0 -0.11999999731779099 0.0 -0.11999999731779099 0.0 -0.18000000715255737 0.0 0.0 -0.029999999329447746 -0.15000000596046448 0.0 0.0 -0.27000001072883606 0.0 0.0 -0.18000000715255737 0.0 0.0 0.0 -0.11999999731779099 0.0 -0.11999999731779099 0.0 0.0 -0.11999999731779099 0.0 -0.18000000715255737 0.0 0.0 -0.029999999329447746 -0.15000000596046448 0.0 -0.5099999904632568 0.0 0.0 0.0 -0.18000000715255737 0.0 0.0 0.0 -0.11999999731779099 0.0 -0.11999999731779099 0.0 0.0 -0.5400000214576721 0.0 -0.11999999731779099 0.0 -0.11999999731779099 0.0 0.0 0.0 0.0 -0.6600000262260437 0.0 -0.18000000715255737 0.0 0.0 0.0 -0.550000011920929 -0.6200000047683716 0.0 0.0 -0.18000000715255737 0.0 0.0 -0.14000000059604645 0.0 0.0 0.0 -0.27000001072883606 0.0 0.0 0.0 -0.18000000715255737 0.0 0.0 -0.2800000011920929 0.0 0.0 0.0 -0.7599999904632568 -0.7599999904632568 -0.18000000715255737 0.0 0.0 -0.18000000715255737 0.0 0.0 -0.18000000715255737 0.0 0.0 0.0 0.0 0.0 -0.30000001192092896 0.0 0.0 0.0 -0.27000001072883606 0.0 0.0 0.0 -0.2800000011920929 0.0 0.0 0.0 -0.7599999904632568 -0.7599999904632568 0.0 -0.18000000715255737 0.0 0.0 0.0 -0.11999999731779099 0.0 0.0 -0.6600000262260437 0.0
57 0.0 0.0 0.0 0.0 -0.6600000262260437 0.0 -0.18000000715255737 0.0 0.0 -0.18000000715255737 0.0 0.0 0.0 0.0 0.0 -0.18000000715255737 0.0 0.0 -0.18000000715255737 0.0 0.0 0.0 0.0 0.0 -0.699999988079071 0.0 0.0 -0.800000011920929 0.0 0.0 -0.800000011920929 0.0 0.0 -0.18000000715255737 0.0 0.0 -0.18000000715255737 0.0 0.0 0.0 0.0 0.0 -0.699999988079071 0.0 0.0 0.0 -0.09000000357627869 0.0 -0.27000001072883606 0.0 0.0 0.0 -0.18000000715255737 0.0 0.0 -0.27000001072883606 0.0 0.0 0.0 0.0 0.0 0.0 -0.6600000262260437 0.0 -0.10999999940395355 0.0 0.0 -0.23000000417232513 0.0 -0.2800000011920929 0.0 0.0 0.0 -0.7599999904632568 -0.18000000715255737 0.0 0.0 -0.09000000357627869 0.0 -0.27000001072883606 0.0 0.0 0.0 -0.27000001072883606 0.0 0.0 0.0 -0.18000000715255737 0.0 0.0 0.0 0.0 -0.30000001192092896 0.0 0.0 0.0 0.0 -0.30000001192092896 0.0 0.0 -0.18000000715255737 0.0 0.0 0.0 -0.11999999731779099 0.0 -0.11999999731779099 0.0 -0.11999999731779099 0.0 -0.11999999731779099 -0.11999999731779099 -0.18000000715255737 0.0 0.0 -0.029999999329447746 -0.15000000596046448 0.0 -0.5099999904632568 0.0 -0.09000000357627869 -0.27000001072883606 0.0 0.0 0.0 -0.27000001072883606 0.0 0.0 0.0 -0.09000000357627869 0.0 -0.27000001072883606 0.0 0.0 0.0 -0.27000001072883606 0.0 0.0 0.0 0.0 0.0 0.0 0.0 0.0 -0.18000000715255737 0.0 0.0 -0.09000000357627869 0.0 -0.27000001072883606 0.0 0.0 -0.27000001072883606 0.0 0.0 -0.18000000715255737 0.0 0.0 0.0 -0.11999999731779099 0.0 -0.11999999731779099 0.0 0.0 -0.5400000214576721 0.0 -0.11999999731779099 0.0 -0.11999999731779099 0.0 -0.18000000715255737 0.0 0.0 -0.029999999329447746 -0.15000000596046448 0.0 -0.5099999904632568 0.0 0.0 0.0 -0.25 0.0 -0.20000000298023224 0.0 -0.27000001072883606 0.0 -0.14000000059604645 0.0 -0.18000000715255737 0.0 0.0 0.0 -0.11999999731779099 0.0 -0.11999999731779099 0.0 0.0 -0.5400000214576721 0.0 -0.11999999731779099 0.0 -0.11999999731779099 0.0 0.0 0.0 0.0 -0.6600000262260437 0.0 -0.18000000715255737 0.0 0.0 -0.550000011920929 -0.6200000047683716 0.0 0.0 -0.27000001072883606 0.0 0.0 0.0 -0.18000000715255737 0.0 0.0 -0.2800000011920929 0.0 0.0 0.0 -0.7599999904632568 -0.18000000715255737 0.0 0.0 -0.18000000715255737 0.0 0.0 -0.18000000715255737 0.0 0.0 0.0 0.0 0.0 -0.30000001192092896 0.0 0.0 0.0 -0.27000001072883606 0.0 0.0 0.0 -0.2800000011920929 0.0 0.0 0.0 -0.7599999904632568 -0.7599999904632568 0.0 -0.18000000715255737 0.0 0.0 0.0 -0.11999999731779099 0.0 -0.11999999731779099 0.0 -0.11999999731779099 0.0 -0.11999999731779099 0.0 -0.11999999731779099 0.0 -0.09000000357627869 0.0 -0.27000001072883606 0.0 0.0 0.0 0.0 -0.11999999731779099 0.0
58 -0.18000000715255737 0.0 0.0 -0.18000000715255737 0.0 0.0 0.0 0.0 0.0 -0.699999988079071 0.0 0.0 -0.800000011920929 0.0 0.0 -0.800000011920929 0.0 0.0 -0.18000000715255737 -0.18000000715255737 0.0 0.0 -0.09000000357627869 -0.27000001072883606 0.0 0.0 0.0 0.0 0.0 -0.10999999940395355 0.0 0.0 -0.23000000417232513 0.0 0.0 -0.27000001072883606 0.0 0.0 0.0 0.0 -0.25 0.0 -0.20000000298023224 0.0 -0.14000000059604645 0.0 0.0 -0.18000000715255737 0.0 0.0 -0.18000000715255737 0.0 0.0 -0.18000000715255737 0.0 0.0 0.0 0.0 0.0 -0.30000001192092896 0.0 0.0 0.0 -0.18000000715255737 0.0 0.0 0.0 0.0 0.0 0.0 -0.7599999904632568 -0.18000000715255737 0.0 0.0 -0.18000000715255737 0.0 0.0 -0.18000000715255737 0.0 0.0 0.0 0.0 0.0 -0.30000001192092896 0.0 0.0 0.0 -0.18000000715255737 0.0 0.0 -0.18000000715255737 0.0 0.0 0.0 -0.11999999731779099 0.0 -0.11999999731779099 0.0 -0.11999999731779099 0.0 -0.11999999731779099 0.0 -0.11999999731779099 0.0 -0.18000000715255737 0.0 0.0 -0.029999999329447746 -0.15000000596046448 0.0 -0.09000000357627869 0.0 -0.27000001072883606 0.0 0.0 0.0 -0.27000001072883606 0.0 0.0 0.0 -0.09000000357627869 0.0 -0.27000001072883606 0.0 0.0 0.0 -0.18000000715255737 0.0 0.0 0.0 -0.11999999731779099 0.0 -0.11999999731779099 0.0 0.0 -0.11999999731779099 0.0 -0.18000000715255737 0.0 0.0 -0.029999999329447746 -0.15000000596046448 0.0 -0.5099999904632568 0.0 0.0 0.0 -0.25 0.0 -0.20000000298023224 0.0 -0.27000001072883606 0.0 -0.14000000059604645 0.0 -0.18000000715255737 0.0 0.0 0.0 -0.11999999731779099 0.0 -0.11999999731779099 0.0 0.0 -0.5400000214576721 0.0 -0.11999999731779099 0.0 -0.11999999731779099 0.0 0.0 0.0 0.0 -0.6600000262260437 0.0 -0.18000000715255737 0.0 0.0 0.0 -0.550000011920929 -0.6200000047683716 0.0 0.0 -0.27000001072883606 0.0 0.0 0.0 -0.18000000715255737 0.0 0.0 -0.18000000715255737 0.0 0.0 -0.18000000715255737 0.0 0.0 -0.18000000715255737 0.0 0.0 0.0 0.0 0.0 -0.30000001192092896 0.0 0.0 0.0 -0.27000001072883606 0.0 0.0 0.0 -0.2800000011920929 0.0 0.0 0.0 -0.7599999904632568 -0.7599999904632568 0.0 -0.18000000715255737 0.0 0.0 0.0 -0.11999999731779099 0.0 -0.11999999731779099 0.0 -0.11999999731779099 0.0 -0.09000000357627869 0.0 0.0 -0.11999999731779099 0.0 -0.11999999731779099 0.0 -0.11999999731779099 0.0 -0.11999999731779099 0.0 -0.11999999731779099 0.0 -0.11999999731779099 0.0
59 0.0 0.0 -0.6600000262260437 0.0 -0.18000000715255737 0.0 0.0 -0.18000000715255737 0.0 0.0 0.0 -0.18000000715255737 0.0 0.0 -0.18000000715255737 0.0 0.0 0.0 0.0 0.0 -0.699999988079071 0.0 0.0 -0.800000011920929 0.0 0.0 -0.800000011920929 0.0 0.0 -0.18000000715255737 -0.18000000715255737 0.0 0.0 -0.09000000357627869 0.0 -0.27000001072883606 0.0 0.0 0.0 0.0 -0.10999999940395355 0.0 -0.09000000357627869 0.0 -0.27000001072883606 0.0 0.0 0.0 -0.27000001072883606 0.0 0.0 0.0 -0.18000000715255737 0.0 0.0 -0.18000000715255737 0.0 0.0 -0.18000000715255737 0.0 0.0 0.0 0.0 0.0 -0.30000001192092896 0.0 0.0 0.0 0.0 0.0 -0.7599999904632568 -0.7599999904632568 0.0 0.0 0.0 -0.30000001192092896 0.0 0.0 0.0 -0.18000000715255737 0.0 0.0 0.0 -0.11999999731779099 0.0 -0.11999999731779099 0.0 -0.11999999731779099 0.0 -0.11999999731779099 0.0 -0.11999999731779099 0.0 -0.18000000715255737 0.0 0.0 -0.09000000357627869 0.0 -0.27000001072883606 0.0 0.0 0.0 -0.27000001072883606 0.0 0.0 0.0 -0.09000000357627869 0.0 -0.27000001072883606 0.0 0.0 -0.27000001072883606 0.0 0.0 0.0 0.0 0.0 0.0 -0.6600000262260437 0.0 -0.18000000715255737 0.0 0.0 -0.09000000357627869 0.0 -0.27000001072883606 0.0 0.0 0.0 -0.27000001072883606 0.0 0.0 0.0 -0.18000000715255737 0.0 0.0 0.0 -0.11999999731779099 0.0 -0.11999999731779099 0.0 0.0 -0.5400000214576721 0.0 -0.11999999731779099 0.0 -0.11999999731779099 0.0 -0.18000000715255737 0.0 0.0 -0.029999999329447746 -0.15000000596046448 0.0 -0.5099999904632568 0.0 0.0 0.0 -0.25 0.0 -0.20000000298023224 0.0 -0.27000001072883606 0.0 -0.14000000059604645 0.0 -0.18000000715255737 0.0 0.0 0.0 -0.11999999731779099 0.0 -0.11999999731779099 0.0 0.0 -0.5400000214576721 0.0 -0.11999999731779099 0.0 -0.11999999731779099 0.0 0.0 0.0 0.0 -0.6600000262260437 0.0 -0.27000001072883606 0.0 0.0 0.0 -0.18000000715255737 0.0 0.0 -0.18000000715255737 0.0 0.0 -0.18000000715255737 0.0 0.0 0.0 0.0 0.0 -0.30000001192092896 0.0 0.0 -0.27000001072883606 0.0 0.0 0.0 -0.2800000011920929 0.0 0.0 0.0 -0.7599999904632568 -0.7599999904632568 0.0 -0.18000000715255737 0.0 0.0 0.0 -0.11999999731779099 0.0 -0.11999999731779099 0.0 -0.11999999731779099 0.0 -0.11999999731779099 0.0 -0.11999999731779099 0.0 -0.09000000357627869 0.0 -0.27000001072883606 0.0 0.0 0.0 -0.27000001072883606 0.0 0.0 0.0 0.0 0.0 0.0 0.0 -0.18000000715255737 0.0 0.0 0.0 -0.11999999731779099 0.0 -0.11999999731779099 0.0 -0.11999999731779099 0.0 -0.11999999731779099 0.0 -0.11999999731779099 0.0 -0.11999999731779099 0.0 -0.11999999731779099 0.0 -0.11999999731779099 0.0 -0.11999999731779099 0.0
6 -0.18000000715255737 0.0 0.0 -0.14000000059604645 0.0 0.0 -0.09000000357627869 -0.2199999988079071 0.0 0.0 0.0 0.0 0.0 0.0 -0.6600000262260437 0.0 -0.18000000715255737 0.0 0.0 -0.18000000715255737 0.0 0.0 0.0 0.0 0.0 -0.699999988079071 0.0 0.0 -0.800000011920929 0.0 0.0 -0.18000000715255737 0.0 0.0 -0.18000000715255737 0.0 0.0 0.0 0.0 0.0 -0.699999988079071 0.0 0.0 0.0 -0.18000000715255737 0.0 0.0 -0.18000000715255737 0.0 0.0 0.0 0.0 0.0 -0.699999988079071 0.0 0.0 -0.800000011920929 0.0 0.0 -0.800000011920929 0.0 0.0 -0.09000000357627869 0.0 -0.27000001072883606 0.0 0.0 0.0 -0.18000000715255737 0.0 0.0 -0.27000001072883606 0.0 0.0 0.0 0.0 0.0 0.0 -0.6600000262260437 0.0 -0.10999999940395355 0.0 0.0 -0.23000000417232513 0.0 -0.18000000715255737 0.0 0.0 -0.18000000715255737 0.0 0.0 -0.18000000715255737 0.0 0.0 -0.2800000011920929 0.0 0.0 0.0 -0.7599999904632568 -0.7599999904632568 -0.18000000715255737 0.0 0.0 -0.09000000357627869 0.0 -0.27000001072883606 0.0 0.0 0.0 -0.27000001072883606 0.0 0.0 0.0 0.0 -0.27000001072883606 0.0 0.0 0.0 -0.15000000596046448 0.0 0.0 -0.09000000357627869 0.0 -0.27000001072883606 0.0 0.0 0.0 -0.27000001072883606 0.0 0.0 0.0 -0.18000000715255737 0.0 0.0 -0.18000000715255737 0.0 0.0 -0.18000000715255737 0.0 0.0 0.0 0.0 0.0 -0.30000001192092896 0.0 0.0 0.0 0.0 0.0 0.0 -0.6600000262260437 0.0 -0.18000000715255737 0.0 0.0 0.0 -0.11999999731779099 0.0 -0.11999999731779099 0.0 0.0 -0.5400000214576721 0.0 -0.11999999731779099 0.0 -0.11999999731779099 0.0 -0.18000000715255737 0.0 0.0 0.0 -0.11999999731779099 0.0 -0.11999999731779099 0.0 0.0 -0.5400000214576721 0.0 -0.11999999731779099 0.0 -0.11999999731779099 0.0 -0.27000001072883606 0.0 0.0 0.0 -0.18000000715255737 0.0 0.0 -0.2800000011920929 0.0 0.0 0.0 -0.7599999904632568 -0.7599999904632568 -0.18000000715255737 0.0 0.0 -0.18000000715255737 0.0 0.0 -0.18000000715255737 0.0 0.0 0.0 0.0 0.0 -0.27000001072883606 0.0 0.0 0.0 -0.2800000011920929 0.0 0.0 -0.7599999904632568 0.0 -0.18000000715255737 0.0 0.0 0.0 -0.11999999731779099 0.0 -0.11999999731779099 0.0 -0.11999999731779099 0.0 -0.11999999731779099 0.0 -0.11999999731779099 0.0 -0.6600000262260437 0.0 -0.18000000715255737 0.0 0.0 -0.09000000357627869 0.0 -0.27000001072883606 0.0 0.0 0.0 -0.27000001072883606 0.0 0.0 0.0 -0.550000011920929 0.0
60 0.0 0.0 0.0 -0.6600000262260437 0.0 -0.18000000715255737 0.0 0.0 -0.18000000715255737 0.0 0.0 0.0 0.0 0.0 -0.699999988079071 0.0 0.0 -0.800000011920929 0.0 0.0 -0.800000011920929 0.0 0.0 -0.18000000715255737 0.0 0.0 -0.18000000715255737 0.0 0.0 0.0 0.0 0.0 -0.699999988079071 0.0 0.0 -0.800000011920929 0.0 0.0 -0.800000011920929 0.0 0.0 -0.18000000715255737 0.0 -0.18000000715255737 0.0 0.0 -0.09000000357627869 0.0 -0.27000001072883606 0.0 0.0 0.0 -0.18000000715255737 0.0 0.0 -0.27000001072883606 0.0 0.0 0.0 -0.18000000715255737 0.0 0.0 -0.09000000357627869 0.0 -0.27000001072883606 0.0 0.0 0.0 -0.27000001072883606 0.0 0.0 0.0 0.0 -0.18000000715255737 0.0 -0.18000000715255737 0.0 0.0 0.0 0.0 0.0 -0.30000001192092896 0.0 0.0 0.0 -0.7599999904632568 -0.18000000715255737 0.0 0.0 0.0 -0.11999999731779099 0.0 -0.11999999731779099 0.0 -0.11999999731779099 -0.09000000357627869 0.0 -0.27000001072883606 0.0 0.0 0.0 -0.27000001072883606 0.0 0.0 0.0 -0.09000000357627869 0.0 -0.27000001072883606 0.0 0.0 -0.27000001072883606 0.0 0.0 -0.18000000715255737 0.0 -0.27000001072883606 0.0 0.0 0.0 -0.18000000715255737 0.0 0.0 -0.18000000715255737 0.0 0.0 0.0 0.0 0.0 0.0 -0.6600000262260437 0.0 0.0 0.0 0.0 -0.6600000262260437 0.0 -0.18000000715255737 0.0 0.0 -0.09000000357627869 0.0 -0.27000001072883606 0.0 0.0 0.0 -0.27000001072883606 0.0 0.0 0.0 -0.18000000715255737 0.0 0.0 0.0 -0.11999999731779099 0.0 -0.11999999731779099 0.0 0.0 -0.5400000214576721 0.0 -0.11999999731779099 0.0 -0.11999999731779099 0.0 -0.18000000715255737 0.0 0.0 -0.029999999329447746 -0.15000000596046448 0.0 -0.5099999904632568 0.0 0.0 0.0 -0.25 0.0 -0.20000000298023224 0.0 -0.27000001072883606 0.0 -0.14000000059604645 0.0 -0.18000000715255737 0.0 0.0 -0.11999999731779099 0.0 -0.11999999731779099 0.0 0.0 -0.5400000214576721 0.0 -0.11999999731779099 0.0 -0.11999999731779099 0.0 -0.18000000715255737 0.0 0.0 -0.18000000715255737 0.0 0.0 -0.27000001072883606 0.0 0.0 0.0 -0.2800000011920929 0.0 0.0 0.0 -0.7599999904632568 -0.7599999904632568 0.0 -0.18000000715255737 0.0 0.0 0.0 -0.11999999731779099 0.0 -0.11999999731779099 0.0 -0.11999999731779099 0.0 -0.11999999731779099 0.0 -0.11999999731779099 0.0 -0.09000000357627869 0.0 -0.27000001072883606 0.0 0.0 0.0 -0.27000001072883606 0.0 0.0 0.0 -0.18000000715255737 0.0 0.0 0.0 -0.550000011920929 -0.6200000047683716 0.0 0.0 -0.18000000715255737 0.0 0.0 -0.09000000357627869 0.0 -0.27000001072883606 0.0 0.0 0.0 -0.27000001072883606 0.0 0.0 0.0 0.0 0.0 0.0 -0.6600000262260437 0.0 0.0 -0.11999999731779099 0.0 -0.11999999731779099 0.0 -0.11999999731779099 0.0 -0.11999999731779099 0.0 -0.11999999731779099 0.0 -0.09000000357627869 0.0 -0.27000001072883606 0.0 0.0 -0.27000001072883606 0.0 0.0 0.0 -0.09000000357627869 0.0 -0.27000001072883606 0.0 0.0 0.0 -0.18000000715255737 0.0 -0.27000001072883606 0.0 0.0 0.0 -0.18000000715255737 0.0 0.0 0.0 -0.11999999731779099 0.0 -0.11999999731779099 0.0 -0.11999999731779099 0.0 -0.11999999731779099 0.0 -0.11999999731779099 0.0 -0.11999999731779099 -0.11999999731779099 0.0 -0.11999999731779099 0.0 -0.11999999731779099 -0.11999999731779099 0.0 0.0 0.0 0.0 0.0 -0.10999999940395355 0.0 -0.23000000417232513 0.0 -0.05000000074505806 0.0 0.0 0.0 0.0 0.0 -0.5099999904632568 0.0 -0.5099999904632568 0.0 0.0 0.0 0.0 -0.7599999904632568 -0.18000000715255737 -0.14000000059604645 0.0 0.0 -0.09000000357627869 -0.2199999988079071 0.0 0.0 0.0 -0.18000000715255737 -0.14000000059604645 0.0 0.0 -0.09000000357627869 -0.2199999988079071 0.0 0.0 -0.550000011920929 -0.6200000047683716 0.0 -0.18000000715255737 0.0 0.0 -0.09000000357627869 0.0 -0.27000001072883606 0.0 0.0 0.0 0.0
61 -0.18000000715255737 0.0 0.0 -0.18000000715255737 0.0 0.0 0.0 0.0 0.0 -0.699999988079071 0.0 0.0 -0.800000011920929 0.0 0.0 -0.800000011920929 0.0 -0.18000000715255737 0.0 0.0 -0.18000000715255737 0.0 0.0 0.0 0.0 0.0 -0.699999988079071 0.0 0.0 -0.800000011920929 0.0 0.0 -0.800000011920929 0.0 0.0 -0.27000001072883606 0.0 0.0 0.0 -0.27000001072883606 0.0 0.0 -0.27000001072883606 0.0 0.0 0.0 -0.27000001072883606 0.0 0.0 0.0 -0.18000000715255737 0.0 -0.18000000715255737 0.0 0.0 -0.18000000715255737 0.0 0.0 0.0 0.0 0.0 -0.30000001192092896 0.0 0.0 0.0 0.0 -0.7599999904632568 -0.09000000357627869 0.0 -0.27000001072883606 0.0 0.0 0.0 -0.27000001072883606 0.0 0.0 0.0 -0.09000000357627869 0.0 0.0 -0.18000000715255737 0.0 0.0 -0.09000000357627869 0.0 -0.27000001072883606 0.0 0.0 0.0 -0.27000001072883606 0.0 0.0 0.0 -0.18000000715255737 0.0 0.0 0.0 0.0 0.0 0.0 0.0 -0.6600000262260437 0.0 0.0 0.0 0.0 -0.6600000262260437 0.0 -0.18000000715255737 0.0 0.0 -0.09000000357627869 0.0 -0.27000001072883606 0.0 0.0 0.0 -0.27000001072883606 0.0 0.0 0.0 -0.18000000715255737 0.0 0.0 0.0 -0.11999999731779099 0.0 -0.11999999731779099 0.0 0.0 -0.5400000214576721 0.0 -0.11999999731779099 0.0 -0.11999999731779099 0.0 -0.18000000715255737 0.0 0.0 -0.029999999329447746 -0.15000000596046448 0.0 -0.5099999904632568 0.0 0.0 0.0 -0.25 0.0 -0.20000000298023224 0.0 -0.27000001072883606 0.0 -0.14000000059604645 0.0 0.0 -0.5400000214576721 0.0 -0.11999999731779099 0.0 -0.11999999731779099 0.0 -0.27000001072883606 0.0 0.0 0.0 0.0 0.0 -0.18000000715255737 0.0 0.0 0.0 -0.11999999731779099 0.0 -0.11999999731779099 0.0 -0.11999999731779099 0.0 -0.11999999731779099 0.0 -0.11999999731779099 0.0 -0.09000000357627869 0.0 -0.27000001072883606 0.0 0.0 0.0 -0.27000001072883606 0.0 0.0 0.0 -0.18000000715255737 0.0 0.0 0.0 -0.550000011920929 -0.6200000047683716 0.0 0.0 -0.18000000715255737 0.0 0.0 -0.09000000357627869 0.0 -0.27000001072883606 0.0 0.0 0.0 -0.27000001072883606 0.0 0.0 0.0 0.0 0.0 0.0 -0.6600000262260437 0.0 -0.2800000011920929 0.0 0.0 0.0 -0.7599999904632568 -0.18000000715255737 0.0 0.0 0.0 -0.11999999731779099 0.0 -0.11999999731779099 0.0 -0.11999999731779099 0.0 -0.11999999731779099 0.0 -0.11999999731779099 0.0 -0.09000000357627869 -0.27000001072883606 0.0 0.0 -0.27000001072883606 0.0 0.0 0.0 -0.11999999731779099 0.0 -0.11999999731779099 0.0 -0.11999999731779099 0.0 0.0 -0.09000000357627869 0.0 -0.27000001072883606 0.0 0.0 0.0 -0.18000000715255737 0.0 0.0 -0.27000001072883606 0.0 0.0 0.0 -0.18000000715255737 0.0 0.0 0.0 -0.550000011920929 -0.05000000074505806 0.0 0.0 0.0 0.0 0.0 -0.5099999904632568 0.0 -0.5099999904632568 0.0 0.0 0.0 0.0 0.0 0.0 0.0 -0.09000000357627869 0.0 -0.27000001072883606 0.0 0.0 0.0 -0.18000000715255737 0.0 0.0 -0.27000001072883606 0.0 0.0 0.0 -0.18000000715255737 0.0 0.0 -0.27000001072883606 0.0 0.0 0.0 -0.18000000715255737 0.0 0.0 0.0 -0.11999999731779099 0.0 -0.11999999731779099 0.0 -0.11999999731779099 0.0 -0.11999999731779099 0.0 -0.11999999731779099 0.0 -0.18000000715255737 0.0 0.0 0.0 -0.11999999731779099 0.0 -0.11999999731779099 0.0 -0.11999999731779099 0.0 -0.11999999731779099 0.0 -0.11999999731779099 0.0 -0.25 0.0 -0.20000000298023224 0.0 -0.14000000059604645 0.0 -0.18000000715255737 0.0 0.0 -0.09000000357627869 0.0 -0.27000001072883606 0.0 0.0 0.0 -0.27000001072883606 0.0 0.0 0.0 -0.27000001072883606 0.0 0.0 0.0 -0.09000000357627869 -0.27000001072883606 0.0 0.0 -0.27000001072883606 0.0 0.0 0.0 -0.5099999904632568 0.0 0.0 0.0 0.0 -0.09000000357627869
62 -0.18000000715255737 0.0 0.0 -0.18000000715255737 0.0 0.0 0.0 0.0 0.0 -0.699999988079071 0.0 0.0 -0.800000011920929 0.0 0.0 -0.800000011920929 0.0 0.0 -0.18000000715255737 0.0 0.0 0.0 -0.699999988079071 0.0 0.0 -0.800000011920929 0.0 0.0 0.0 0.0 -0.18000000715255737 0.0 -0.09000000357627869 0.0 -0.27000001072883606 0.0 0.0 0.0 -0.27000001072883606 0.0 0.0 -0.18000000715255737 0.0 0.0 0.0 0.0 0.0 0.0 0.0 -0.6600000262260437 0.0 0.0 0.0 0.0 -0.6600000262260437 0.0 -0.18000000715255737 0.0 0.0 -0.09000000357627869 0.0 -0.27000001072883606 0.0 0.0 0.0 -0.27000001072883606 0.0 0.0 0.0 -0.18000000715255737 0.0 0.0 0.0 -0.11999999731779099 0.0 -0.11999999731779099 0.0 0.0 -0.5400000214576721 0.0 -0.11999999731779099 0.0 -0.11999999731779099 0.0 0.0 0.0 -0.25 0.0 -0.20000000298023224 0.0 -0.27000001072883606 0.0 -0.14000000059604645 0.0 0.0 -0.18000000715255737 0.0 0.0 0.0 -0.11999999731779099 0.0 -0.11999999731779099 0.0 -0.11999999731779099 0.0 -0.11999999731779099 0.0 -0.11999999731779099 0.0 -0.09000000357627869 0.0 -0.27000001072883606 0.0 0.0 0.0 -0.27000001072883606 0.0 0.0 0.0 -0.18000000715255737 0.0 0.0 0.0 -0.550000011920929 -0.6200000047683716 0.0 0.0 -0.18000000715255737 0.0 0.0 -0.09000000357627869 0.0 -0.27000001072883606 0.0 0.0 0.0 -0.27000001072883606 0.0 0.0 0.0 0.0 0.0 0.0 -0.6600000262260437 0.0 -0.2800000011920929 0.0 0.0 0.0 -0.7599999904632568 -0.7599999904632568 -0.18000000715255737 0.0 0.0 0.0 -0.11999999731779099 0.0 -0.11999999731779099 0.0 -0.11999999731779099 0.0 -0.11999999731779099 0.0 -0.11999999731779099 0.0 -0.27000001072883606 0.0 0.0 0.0 -0.09000000357627869 0.0 -0.27000001072883606 0.0 0.0 0.0 -0.18000000715255737 0.0 0.0 -0.27000001072883606 0.0 0.0 0.0 -0.05000000074505806 0.0 0.0 0.0 0.0 0.0 -0.5099999904632568 0.0 -0.5099999904632568 0.0 0.0 0.0 0.0 0.0 0.0 0.0 -0.09000000357627869 0.0 -0.27000001072883606 0.0 0.0 0.0 -0.18000000715255737 0.0 0.0 -0.27000001072883606 0.0 0.0 0.0 -0.18000000715255737 0.0 0.0 0.0 -0.11999999731779099 -0.11999999731779099 0.0 -0.11999999731779099 0.0 -0.11999999731779099 0.0 -0.11999999731779099 0.0 0.0 0.0 0.0 -0.27000001072883606 0.0 0.0 0.0 -0.27000001072883606 0.0 0.0 0.0 -0.09000000357627869 0.0 -0.27000001072883606 0.0 0.0 0.0 -0.27000001072883606 0.0 0.0 0.0 -0.18000000715255737 0.0 0.0 -0.18000000715255737 0.0 0.0 0.0 -0.550000011920929 -0.6200000047683716 0.0 0.0 0.0 -0.5099999904632568 0.0 -0.5099999904632568 0.0 0.0 -0.18000000715255737 0.0 -0.14000000059604645 0.0 0.0 -0.09000000357627869 -0.2199999988079071 0.0 0.0 0.0 -0.550000011920929 0.0 -0.18000000715255737 0.0 -0.029999999329447746 -0.15000000596046448 0.0 -0.5099999904632568 0.0 -0.09000000357627869 0.0 -0.27000001072883606 0.0 0.0 0.0 -0.18000000715255737 0.0 0.0 -0.14000000059604645 0.0 0.0 -0.09000000357627869 -0.2199999988079071 0.0 0.0 0.0 -0.18000000715255737 0.0 0.0 0.0 -0.550000011920929 -0.6200000047683716 0.0 0.0 -0.6600000262260437 0.0 0.0 0.0 -0.27000001072883606 0.0 0.0
63 0.0 0.0 0.0 -0.699999988079071 0.0 -0.800000011920929 0.0 0.0 -0.800000011920929 0.0 -0.2800000011920929 0.0 0.0 0.0 -0.7599999904632568 -0.7599999904632568 -0.10999999940395355 0.0 0.0 -0.23000000417232513 0.0 -0.27000001072883606 0.0 0.0 0.0 0.0 0.0 0.0 0.0 0.0 0.0 -0.09000000357627869 0.0 -0.27000001072883606 0.0 0.0 0.0 -0.27000001072883606 0.0 0.0 -0.09000000357627869 0.0 0.0 -0.18000000715255737 0.0 0.0 -0.09000000357627869 0.0 -0.27000001072883606 0.0 0.0 0.0 -0.27000001072883606 0.0 0.0 0.0 -0.18000000715255737 0.0 0.0 -0.18000000715255737 0.0 0.0 0.0 0.0 0.0 0.0 -0.6600000262260437 0.0 0.0 0.0 0.0 -0.6600000262260437 0.0 -0.18000000715255737 0.0 0.0 -0.09000000357627869 0.0 -0.27000001072883606 0.0 0.0 0.0 -0.27000001072883606 0.0 0.0 0.0 -0.18000000715255737 0.0 0.0 0.0 -0.11999999731779099 0.0 -0.11999999731779099 0.0 0.0 -0.5400000214576721 0.0 -0.11999999731779099 0.0 -0.11999999731779099 0.0 -0.18000000715255737 0.0 -0.029999999329447746 0.0 0.0 -0.25 0.0 -0.20000000298023224 0.0 -0.27000001072883606 0.0 -0.14000000059604645 0.0 -0.18000000715255737 0.0 0.0 0.0 -0.11999999731779099 -0.11999999731779099 0.0 -0.11999999731779099 0.0 -0.11999999731779099 0.0 -0.11999999731779099 0.0 -0.09000000357627869 0.0 -0.27000001072883606 0.0 0.0 0.0 -0.27000001072883606 0.0 0.0 0.0 -0.18000000715255737 0.0 0.0 0.0 -0.550000011920929 -0.6200000047683716 0.0 0.0 -0.18000000715255737 0.0 0.0 -0.09000000357627869 0.0 -0.27000001072883606 0.0 0.0 0.0 -0.27000001072883606 0.0 0.0 0.0 0.0 0.0 0.0 -0.6600000262260437 0.0 -0.2800000011920929 0.0 0.0 0.0 -0.7599999904632568 -0.7599999904632568 -0.18000000715255737 0.0 0.0 0.0 -0.11999999731779099 0.0 -0.11999999731779099 0.0 -0.11999999731779099 0.0 -0.11999999731779099 0.0 -0.11999999731779099 0.0 0.0 0.0 -0.6600000262260437 0.0 -0.27000001072883606 0.0 0.0 0.0 -0.09000000357627869 0.0 -0.27000001072883606 0.0 0.0 0.0 -0.27000001072883606 0.0 0.0 0.0 0.0 0.0 0.0 -0.11999999731779099 -0.11999999731779099 0.0 -0.11999999731779099 0.0 -0.11999999731779099 0.0 -0.18000000715255737 0.0 0.0 -0.09000000357627869 0.0 -0.27000001072883606 0.0 0.0 0.0 -0.18000000715255737 0.0 0.0 -0.27000001072883606 0.0 0.0 0.0 -0.18000000715255737 0.0 0.0 0.0 -0.550000011920929 -0.6200000047683716 0.0 -0.05000000074505806 0.0 0.0 0.0 0.0 0.0 -0.5099999904632568 0.0 -0.5099999904632568 0.0 0.0 0.0 0.0 0.0 0.0 -0.18000000715255737 0.0 -0.09000000357627869 0.0 -0.27000001072883606 0.0 0.0 -0.18000000715255737 0.0 -0.27000001072883606 0.0 0.0 0.0 0.0 -0.18000000715255737 0.0 0.0 0.0 -0.11999999731779099 0.0 -0.11999999731779099 0.0 -0.11999999731779099 0.0 -0.11999999731779099 0.0 -0.11999999731779099 0.0 -0.18000000715255737 0.0 0.0 0.0 -0.11999999731779099 0.0 -0.11999999731779099 0.0 -0.11999999731779099 0.0 -0.11999999731779099 0.0 -0.11999999731779099 0.0 -0.18000000715255737 0.0 0.0 -0.029999999329447746 0.0 0.0 -0.25 0.0 -0.20000000298023224 0.0 -0.27000001072883606 0.0 -0.14000000059604645 0.0 -0.18000000715255737 -0.27000001072883606 0.0 0.0 0.0 -0.18000000715255737 0.0 0.0 -0.18000000715255737 0.0 0.0 -0.18000000715255737 0.0 0.0 -0.18000000715255737 0.0 0.0 -0.09000000357627869 0.0 -0.27000001072883606 0.0 0.0 0.0 -0.27000001072883606 0.0 0.0 0.0 0.0 -0.18000000715255737 0.0 0.0 0.0 -0.11999999731779099 0.0 -0.27000001072883606 0.0 0.0 0.0 -0.09000000357627869 0.0 -0.27000001072883606 0.0 0.0 0.0 -0.27000001072883606 0.0 0.0 0.0 0.0 0.0 -0.6600000262260437 0.0 -0.27000001072883606 0.0 0.0 0.0 -0.05000000074505806 0.0 0.0 -0.18000000715255737 0.0 -0.18000000715255737 0.0 0.0 -0.18000000715255737 0.0 -0.14000000059604645 0.0 0.0 -0.09000000357627869 -0.2199999988079071 0.0 0.0
64 0.0 0.0 0.0 -0.699999988079071 0.0 0.0 -0.800000011920929 0.0 0.0 -0.800000011920929 0.0 0.0 -0.27000001072883606 0.0 0.0 0.0 0.0 0.0 0.0 0.0 -0.6600000262260437 0.0 0.0 0.0 0.0 -0.6600000262260437 0.0 -0.18000000715255737 0.0 0.0 -0.09000000357627869 0.0 -0.27000001072883606 0.0 0.0 0.0 0.0 -0.11999999731779099 0.0 -0.11999999731779099 0.0 -0.11999999731779099 0.0 -0.09000000357627869 0.0 -0.27000001072883606 0.0 0.0 0.0 -0.27000001072883606 0.0 0.0 0.0 -0.18000000715255737 0.0 0.0 0.0 -0.550000011920929 -0.6200000047683716 0.0 0.0 -0.18000000715255737 0.0 0.0 -0.09000000357627869 0.0 -0.27000001072883606 0.0 0.0 0.0 -0.27000001072883606 0.0 0.0 0.0 0.0 0.0 0.0 -0.6600000262260437 0.0 -0.2800000011920929 0.0 0.0 0.0 -0.7599999904632568 -0.7599999904632568 -0.18000000715255737 0.0 0.0 0.0 -0.11999999731779099 0.0 -0.11999999731779099 0.0 -0.11999999731779099 0.0 -0.11999999731779099 0.0 -0.11999999731779099 0.0 0.0 0.0 -0.6600000262260437 -0.27000001072883606 0.0 0.0 0.0 -0.27000001072883606 0.0 0.0 0.0 -0.09000000357627869 0.0 -0.27000001072883606 0.0 0.0 0.0 -0.27000001072883606 0.0 0.0 0.0 -0.05000000074505806 0.0 0.0 0.0 0.0 0.0 -0.5099999904632568 0.0 -0.5099999904632568 0.0 0.0 0.0 0.0 0.0 0.0 -0.18000000715255737 0.0 -0.18000000715255737 0.0 0.0 -0.18000000715255737 0.0 -0.18000000715255737 0.0 0.0 -0.550000011920929 -0.09000000357627869 0.0 -0.27000001072883606 0.0 -0.18000000715255737 0.0 0.0 -0.27000001072883606 0.0 0.0 0.0 -0.11999999731779099 0.0 -0.11999999731779099 0.0 0.0 -0.27000001072883606 0.0 0.0 0.0 -0.27000001072883606 0.0 0.0 0.0 -0.09000000357627869 0.0 -0.27000001072883606 0.0 0.0 0.0 -0.27000001072883606 0.0 0.0 0.0 0.0 0.0 -0.6600000262260437 -0.27000001072883606 0.0 0.0 -0.05000000074505806 0.0 0.0 -0.18000000715255737 0.0 0.0 -0.18000000715255737 0.0 0.0 0.0 -0.550000011920929 -0.6200000047683716 0.0 0.0 0.0 0.0 -0.09000000357627869 0.0 -0.18000000715255737 0.0 0.0 0.0 -0.7599999904632568 -0.18000000715255737 0.0 -0.029999999329447746 -0.15000000596046448 0.0 -0.09000000357627869 0.0 -0.27000001072883606 0.0 0.0 0.0 -0.18000000715255737 0.0 0.0 -0.14000000059604645 0.0 0.0 -0.09000000357627869 -0.2199999988079071 0.0 0.0 0.0 -0.18000000715255737 0.0 0.0 -0.550000011920929 -0.6200000047683716 0.0 0.0
65 0.0 0.0 0.0 -0.6600000262260437 0.0 -0.09000000357627869 -0.27000001072883606 0.0 0.0 -0.27000001072883606 0.0 0.0 0.0 -0.18000000715255737 0.0 0.0 0.0 -0.550000011920929 -0.6200000047683716 0.0 0.0 -0.18000000715255737 0.0 0.0 -0.09000000357627869 0.0 -0.27000001072883606 0.0 0.0 0.0 -0.27000001072883606 0.0 0.0 0.0 0.0 0.0 0.0 -0.6600000262260437 0.0 -0.2800000011920929 0.0 0.0 0.0 -0.7599999904632568 -0.7599999904632568 -0.18000000715255737 0.0 0.0 0.0 -0.11999999731779099 0.0 -0.11999999731779099 0.0 -0.11999999731779099 0.0 -0.11999999731779099 0.0 -0.11999999731779099 0.0 0.0 0.0 -0.6600000262260437 0.0 -0.27000001072883606 0.0 0.0 0.0 -0.09000000357627869 0.0 -0.27000001072883606 0.0 0.0 0.0 0.0 -0.09000000357627869 0.0 -0.27000001072883606 0.0 0.0 0.0 -0.18000000715255737 0.0 0.0 -0.18000000715255737 0.0 0.0 0.0 -0.550000011920929 -0.6200000047683716 0.0 0.0 -0.05000000074505806 0.0 0.0 0.0 0.0 0.0 -0.5099999904632568 0.0 -0.5099999904632568 0.0 0.0 0.0 0.0 0.0 0.0 -0.18000000715255737 0.0 0.0 -0.18000000715255737 0.0 0.0 -0.18000000715255737 0.0 0.0 -0.18000000715255737 0.0 0.0 0.0 -0.550000011920929 -0.6200000047683716 0.0 0.0 -0.09000000357627869 0.0 -0.27000001072883606 0.0 0.0 -0.18000000715255737 0.0 0.0 -0.27000001072883606 0.0 0.0 0.0 0.0 -0.11999999731779099 0.0 -0.27000001072883606 0.0 0.0 -0.09000000357627869 0.0 -0.27000001072883606 0.0 0.0 0.0 -0.27000001072883606 0.0 0.0 0.0 0.0 0.0 -0.6600000262260437 -0.27000001072883606 0.0 0.0 0.0 -0.18000000715255737 0.0 0.0 -0.18000000715255737 0.0 0.0 -0.550000011920929 -0.6200000047683716 0.0 0.0 0.0 -0.550000011920929 -0.6200000047683716 0.0 0.0 0.0 0.0 -0.18000000715255737 0.0 0.0 -0.14000000059604645 0.0 0.0 -0.09000000357627869 -0.2199999988079071 0.0 0.0 0.0 0.0
66 0.0 0.0 0.0 0.0 -0.30000001192092896 0.0 0.0 0.0 0.0 -0.7599999904632568 -0.27000001072883606 0.0 0.0 0.0 0.0 0.0 0.0 0.0 0.0 -0.6600000262260437 0.0 0.0 -0.6600000262260437 -0.18000000715255737 0.0 0.0 -0.09000000357627869 0.0 -0.27000001072883606 0.0 -0.27000001072883606 0.0 0.0 0.0 -0.25 0.0 -0.20000000298023224 0.0 -0.27000001072883606 0.0 -0.14000000059604645 0.0 -0.18000000715255737 0.0 -0.11999999731779099 -0.11999999731779099 0.0 -0.11999999731779099 0.0 -0.11999999731779099 0.0 -0.11999999731779099 0.0 -0.09000000357627869 0.0 -0.27000001072883606 0.0 0.0 0.0 -0.27000001072883606 0.0 0.0 0.0 -0.18000000715255737 0.0 0.0 0.0 -0.550000011920929 -0.6200000047683716 0.0 0.0 -0.18000000715255737 0.0 0.0 -0.09000000357627869 0.0 -0.27000001072883606 0.0 0.0 0.0 -0.27000001072883606 0.0 0.0 0.0 0.0 0.0 0.0 -0.6600000262260437 0.0 -0.2800000011920929 0.0 0.0 0.0 -0.7599999904632568 -0.7599999904632568 -0.18000000715255737 0.0 0.0 0.0 -0.11999999731779099 0.0 -0.11999999731779099 0.0 -0.11999999731779099 0.0 -0.11999999731779099 0.0 -0.11999999731779099 0.0 0.0 0.0 -0.6600000262260437 0.0 -0.27000001072883606 0.0 0.0 0.0 -0.09000000357627869 0.0 -0.27000001072883606 0.0 0.0 0.0 -0.27000001072883606 0.0 0.0 0.0 -0.18000000715255737 0.0 -0.2800000011920929 0.0 0.0 0.0 -0.7599999904632568 -0.7599999904632568 0.0 -0.11999999731779099 0.0 -0.11999999731779099 0.0 -0.18000000715255737 0.0 0.0 -0.18000000715255737 0.0 0.0 -0.18000000715255737 0.0 0.0 0.0 0.0 -0.09000000357627869 0.0 -0.27000001072883606 0.0 0.0 0.0 -0.18000000715255737 0.0 0.0 -0.27000001072883606 0.0 0.0 0.0 -0.18000000715255737 0.0 0.0 0.0 -0.550000011920929 -0.6200000047683716 0.0 0.0 -0.05000000074505806 0.0 0.0 0.0 0.0 0.0 -0.5099999904632568 0.0 -0.5099999904632568 0.0 0.0 0.0 0.0 0.0 0.0 -0.18000000715255737 0.0 0.0 -0.18000000715255737 0.0 0.0 -0.18000000715255737 0.0 0.0 -0.18000000715255737 0.0 0.0 0.0 -0.550000011920929 -0.09000000357627869 0.0 -0.27000001072883606 0.0 0.0 0.0 -0.18000000715255737 0.0 0.0 -0.27000001072883606 0.0 0.0 0.0 -0.18000000715255737 0.0 0.0 -0.18000000715255737 0.0 0.0 -0.18000000715255737 0.0 0.0 0.0 -0.27000001072883606 0.0 0.0 0.0 -0.18000000715255737 0.0 0.0 0.0 -0.11999999731779099 0.0 -0.11999999731779099 0.0 -0.11999999731779099 0.0 -0.11999999731779099 0.0 -0.11999999731779099 0.0 -0.11999999731779099 0.0 -0.11999999731779099 0.0 -0.11999999731779099 0.0 -0.11999999731779099 0.0 -0.11999999731779099 0.0 0.0 -0.18000000715255737 0.0 0.0 -0.09000000357627869 0.0 -0.27000001072883606 0.0 0.0 0.0 -0.27000001072883606 0.0 0.0 0.0 0.0 -0.27000001072883606 0.0 0.0 0.0 -0.09000000357627869 0.0 -0.27000001072883606 0.0 0.0 0.0 -0.27000001072883606 0.0 0.0 0.0 0.0 0.0 -0.6600000262260437 0.0 -0.27000001072883606 0.0 0.0 0.0 0.0 0.0 0.0 -0.09000000357627869 -0.2199999988079071 0.0 0.0
67 0.0 -0.27000001072883606 0.0 0.0 0.0 -0.09000000357627869 -0.27000001072883606 0.0 0.0 -0.27000001072883606 0.0 0.0 0.0 -0.18000000715255737 0.0 0.0 -0.09000000357627869 0.0 -0.27000001072883606 0.0 0.0 0.0 -0.27000001072883606 0.0 0.0 0.0 0.0 0.0 0.0 -0.2800000011920929 0.0 0.0 0.0 -0.7599999904632568 -0.7599999904632568 -0.18000000715255737 0.0 0.0 0.0 -0.11999999731779099 0.0 -0.11999999731779099 0.0 -0.11999999731779099 0.0 -0.11999999731779099 0.0 -0.11999999731779099 0.0 0.0 0.0 -0.6600000262260437 0.0 -0.27000001072883606 0.0 0.0 0.0 -0.09000000357627869 0.0 -0.27000001072883606 0.0 0.0 0.0 -0.27000001072883606 0.0 0.0 0.0 -0.18000000715255737 0.0 0.0 -0.2800000011920929 0.0 0.0 0.0 -0.7599999904632568 -0.7599999904632568 0.0 -0.27000001072883606 0.0 -0.18000000715255737 0.0 0.0 0.0 -0.11999999731779099 -0.11999999731779099 -0.11999999731779099 0.0 -0.11999999731779099 0.0 -0.18000000715255737 0.0 0.0 -0.18000000715255737 0.0 0.0 -0.18000000715255737 0.0 0.0 0.0 0.0 0.0 -0.30000001192092896 0.0 0.0 0.0 -0.09000000357627869 0.0 -0.27000001072883606 0.0 0.0 0.0 -0.18000000715255737 0.0 0.0 -0.27000001072883606 0.0 0.0 0.0 -0.18000000715255737 0.0 0.0 0.0 -0.550000011920929 -0.6200000047683716 0.0 0.0 -0.05000000074505806 0.0 0.0 0.0 0.0 0.0 -0.5099999904632568 0.0 -0.5099999904632568 0.0 0.0 0.0 0.0 0.0 0.0 -0.18000000715255737 0.0 0.0 -0.18000000715255737 0.0 0.0 0.0 0.0 -0.09000000357627869 0.0 -0.27000001072883606 0.0 0.0 -0.18000000715255737 0.0 -0.27000001072883606 0.0 -0.27000001072883606 0.0 0.0 0.0 -0.18000000715255737 0.0 0.0 0.0 -0.11999999731779099 0.0 -0.11999999731779099 0.0 -0.11999999731779099 0.0 0.0 -0.11999999731779099 0.0 -0.11999999731779099 0.0 -0.18000000715255737 0.0 -0.09000000357627869 0.0 0.0 -0.27000001072883606 0.0 0.0 0.0 -0.18000000715255737 0.0 0.0 -0.09000000357627869 0.0 -0.27000001072883606 0.0 0.0 0.0 -0.27000001072883606 0.0 0.0 0.0 0.0 -0.27000001072883606 0.0 0.0 -0.09000000357627869 0.0 -0.27000001072883606 0.0 0.0 0.0 -0.27000001072883606 0.0 0.0 0.0 0.0 0.0 -0.6600000262260437 0.0 -0.27000001072883606 0.0 0.0 0.0
68 0.0 0.0 -0.27000001072883606 0.0 0.0 0.0 0.0 0.0 0.0 -0.18000000715255737 0.0 0.0 -0.09000000357627869 0.0 -0.27000001072883606 0.0 0.0 0.0 -0.27000001072883606 0.0 0.0 0.0 0.0 0.0 -0.6600000262260437 -0.18000000715255737 0.0 0.0 -0.09000000357627869 0.0 -0.27000001072883606 0.0 0.0 0.0 -0.27000001072883606 0.0 0.0 0.0 0.0 -0.09000000357627869 0.0 -0.27000001072883606 0.0 0.0 0.0 -0.27000001072883606 0.0 0.0 0.0 -0.18000000715255737 0.0 0.0 -0.09000000357627869 0.0 -0.27000001072883606 0.0 0.0 0.0 -0.27000001072883606 0.0 0.0 0.0 -0.2800000011920929 0.0 -0.18000000715255737 0.0 0.0 0.0 -0.11999999731779099 0.0 -0.11999999731779099 0.0 -0.11999999731779099 0.0 -0.11999999731779099 0.0 -0.11999999731779099 0.0 0.0 0.0 -0.6600000262260437 0.0 -0.27000001072883606 0.0 0.0 0.0 -0.09000000357627869 0.0 -0.27000001072883606 0.0 0.0 0.0 -0.27000001072883606 0.0 0.0 0.0 -0.18000000715255737 0.0 0.0 -0.2800000011920929 0.0 0.0 0.0 -0.7599999904632568 -0.7599999904632568 -0.18000000715255737 0.0 0.0 -0.18000000715255737 0.0 0.0 0.0 0.0 0.0 -0.699999988079071 0.0 0.0 -0.800000011920929 0.0 0.0 -0.800000011920929 0.0 0.0 -0.27000001072883606 0.0 0.0 0.0 -0.7599999904632568 0.0 -0.18000000715255737 0.0 0.0 0.0 -0.11999999731779099 0.0 -0.11999999731779099 0.0 -0.11999999731779099 0.0 -0.11999999731779099 0.0 -0.11999999731779099 0.0 -0.18000000715255737 0.0 0.0 -0.18000000715255737 0.0 0.0 -0.18000000715255737 0.0 0.0 0.0 0.0 0.0 -0.30000001192092896 0.0 0.0 0.0 -0.09000000357627869 0.0 -0.27000001072883606 0.0 0.0 0.0 -0.18000000715255737 0.0 0.0 -0.27000001072883606 0.0 0.0 0.0 -0.18000000715255737 0.0 0.0 0.0 -0.550000011920929 -0.6200000047683716 0.0 0.0 -0.05000000074505806 0.0 0.0 0.0 0.0 0.0 0.0 0.0 -0.27000001072883606 0.0 0.0 0.0 -0.18000000715255737 0.0 0.0 0.0 -0.11999999731779099 0.0 -0.11999999731779099 0.0 -0.18000000715255737 0.0 0.0 -0.11999999731779099 0.0 -0.11999999731779099 0.0 0.0 -0.18000000715255737 0.0 0.0 0.0 -0.11999999731779099 0.0 -0.11999999731779099 -0.11999999731779099 0.0 -0.11999999731779099 0.0 -0.11999999731779099 0.0 0.0 -0.18000000715255737 0.0 0.0 -0.14000000059604645 0.0 0.0 -0.09000000357627869 -0.2199999988079071 0.0 0.0 0.0 -0.18000000715255737 0.0 -0.550000011920929 0.0 -0.18000000715255737 0.0 0.0 -0.029999999329447746 -0.15000000596046448 0.0 -0.5099999904632568 0.0 0.0 -0.25 0.0 -0.20000000298023224 0.0 -0.14000000059604645 -0.18000000715255737 0.0 0.0 -0.09000000357627869 0.0 -0.27000001072883606 0.0 0.0 0.0 -0.27000001072883606 0.0 0.0 0.0 -0.18000000715255737 0.0 0.0 0.0 -0.550000011920929 -0.6200000047683716 -0.18000000715255737 0.0 0.0 -0.18000000715255737 0.0 0.0 0.0 -0.18000000715255737 0.0 0.0 -0.09000000357627869 0.0 -0.27000001072883606 0.0 0.0 0.0 -0.27000001072883606 0.0 0.0 0.0 0.0 -0.18000000715255737 0.0 0.0 0.0 -0.11999999731779099 0.0 -0.27000001072883606 0.0 0.0 0.0 -0.09000000357627869 0.0 -0.27000001072883606 0.0 0.0 0.0 -0.27000001072883606 0.0 0.0 0.0 0.0 0.0 -0.6600000262260437 0.0 -0.27000001072883606 0.0 0.0 0.0
69 0.0 0.0 -0.14000000059604645 0.0 0.0 0.0 0.0 0.0 0.0 -0.27000001072883606 0.0 0.0 0.0 -0.18000000715255737 0.0 0.0 0.0 -0.11999999731779099 0.0 -0.11999999731779099 0.0 0.0 0.0 -0.6600000262260437 0.0 -0.27000001072883606 0.0 0.0 0.0 -0.09000000357627869 0.0 -0.27000001072883606 0.0 0.0 0.0 -0.27000001072883606 0.0 0.0 0.0 -0.18000000715255737 0.0 0.0 -0.2800000011920929 0.0 0.0 0.0 -0.7599999904632568 -0.7599999904632568 -0.18000000715255737 0.0 0.0 -0.18000000715255737 0.0 0.0 0.0 0.0 0.0 -0.699999988079071 0.0 0.0 -0.800000011920929 0.0 0.0 -0.800000011920929 0.0 0.0 -0.27000001072883606 0.0 0.0 0.0 0.0 0.0 0.0 -0.6600000262260437 0.0 -0.18000000715255737 0.0 -0.2800000011920929 0.0 0.0 0.0 -0.7599999904632568 -0.7599999904632568 -0.10999999940395355 0.0 0.0 -0.23000000417232513 0.0 -0.27000001072883606 0.0 0.0 0.0 -0.18000000715255737 0.0 0.0 0.0 -0.11999999731779099 0.0 -0.11999999731779099 0.0 -0.11999999731779099 0.0 -0.11999999731779099 0.0 -0.11999999731779099 0.0 -0.18000000715255737 0.0 0.0 -0.18000000715255737 0.0 0.0 -0.18000000715255737 0.0 0.0 0.0 0.0 0.0 -0.30000001192092896 0.0 0.0 0.0 -0.09000000357627869 0.0 -0.27000001072883606 0.0 0.0 0.0 -0.18000000715255737 0.0 0.0 -0.27000001072883606 0.0 0.0 0.0 -0.18000000715255737 0.0 0.0 0.0 -0.550000011920929 -0.6200000047683716 0.0 0.0 0.0 0.0 0.0 -0.27000001072883606 0.0 0.0 0.0 -0.18000000715255737 0.0 0.0 0.0 -0.18000000715255737 0.0 0.0 0.0 -0.11999999731779099 0.0 -0.11999999731779099 0.0 0.0 -0.5400000214576721 0.0 -0.11999999731779099 0.0 -0.11999999731779099 0.0 -0.18000000715255737 0.0 0.0 0.0 -0.11999999731779099 0.0 -0.11999999731779099 0.0 0.0 -0.18000000715255737 0.0 0.0 -0.14000000059604645 0.0 0.0 -0.09000000357627869 -0.2199999988079071 0.0 0.0 0.0 -0.550000011920929 -0.18000000715255737 0.0 0.0 -0.18000000715255737 0.0 0.0 -0.09000000357627869 0.0 -0.27000001072883606 0.0 0.0 0.0 -0.27000001072883606 0.0 0.0 0.0 -0.550000011920929 -0.18000000715255737 0.0 0.0 -0.09000000357627869 0.0 -0.27000001072883606 0.0 0.0 0.0 -0.27000001072883606 0.0 0.0 0.0 0.0 -0.09000000357627869 0.0 -0.27000001072883606 0.0 0.0 0.0 -0.27000001072883606 0.0 0.0 0.0
7 -0.18000000715255737 0.0 0.0 -0.14000000059604645 0.0 -0.09000000357627869 -0.2199999988079071 0.0 0.0 0.0 -0.18000000715255737 0.0 -0.18000000715255737 0.0 0.0 0.0 -0.18000000715255737 0.0 0.0 -0.18000000715255737 0.0 0.0 0.0 0.0 0.0 -0.699999988079071 0.0 0.0 -0.800000011920929 0.0 -0.09000000357627869 0.0 -0.27000001072883606 0.0 0.0 0.0 -0.18000000715255737 0.0 0.0 -0.27000001072883606 0.0 0.0 0.0 0.0 0.0 0.0 -0.6600000262260437 0.0 -0.10999999940395355 0.0 0.0 -0.23000000417232513 0.0 -0.18000000715255737 0.0 0.0 -0.18000000715255737 0.0 0.0 -0.18000000715255737 0.0 0.0 0.0 0.0 0.0 -0.30000001192092896 0.0 0.0 0.0 -0.2800000011920929 0.0 0.0 0.0 -0.7599999904632568 -0.7599999904632568 -0.18000000715255737 0.0 0.0 -0.09000000357627869 0.0 -0.27000001072883606 0.0 0.0 0.0 -0.27000001072883606 0.0 0.0 0.0 0.0 -0.27000001072883606 0.0 0.0 0.0 -0.550000011920929 -0.18000000715255737 0.0 -0.029999999329447746 -0.15000000596046448 0.0 -0.5099999904632568 0.0 -0.09000000357627869 0.0 -0.27000001072883606 0.0 0.0 0.0 -0.27000001072883606 0.0 0.0 0.0 -0.18000000715255737 0.0 0.0 -0.18000000715255737 -0.18000000715255737 0.0 0.0 0.0 -0.30000001192092896 0.0 0.0 0.0 -0.18000000715255737 0.0 0.0 0.0 -0.11999999731779099 0.0 -0.11999999731779099 0.0 0.0 -0.5400000214576721 0.0 -0.11999999731779099 0.0 -0.11999999731779099 0.0 -0.18000000715255737 0.0 0.0 0.0 -0.11999999731779099 0.0 -0.11999999731779099 0.0 0.0 -0.5400000214576721 0.0 -0.11999999731779099 0.0 -0.11999999731779099 0.0 -0.6600000262260437 0.0 0.0 -0.550000011920929 -0.6200000047683716 0.0 -0.18000000715255737 0.0 0.0 0.0 -0.18000000715255737 0.0 0.0 -0.14000000059604645 0.0 0.0 -0.09000000357627869 -0.2199999988079071 0.0 0.0 0.0 -0.27000001072883606 0.0 0.0 0.0 -0.18000000715255737 0.0 0.0 -0.2800000011920929 0.0 0.0 0.0 -0.7599999904632568 -0.7599999904632568 -0.18000000715255737 0.0 0.0 -0.18000000715255737 0.0 0.0 -0.18000000715255737 0.0 0.0 0.0 0.0 0.0 -0.30000001192092896 0.0 -0.27000001072883606 0.0 0.0 0.0 0.0 0.0 0.0 0.0 0.0
70 0.0 0.0 -0.14000000059604645 0.0 0.0 0.0 -0.6600000262260437 0.0 -0.09000000357627869 0.0 -0.27000001072883606 0.0 0.0 0.0 -0.27000001072883606 0.0 0.0 0.0 -0.18000000715255737 0.0 0.0 -0.2800000011920929 0.0 0.0 0.0 -0.7599999904632568 -0.7599999904632568 -0.18000000715255737 0.0 0.0 -0.18000000715255737 0.0 0.0 0.0 0.0 0.0 -0.699999988079071 0.0 0.0 -0.800000011920929 0.0 0.0 -0.800000011920929 0.0 0.0 -0.27000001072883606 0.0 0.0 0.0 0.0 0.0 0.0 -0.6600000262260437 0.0 -0.18000000715255737 0.0 0.0 -0.2800000011920929 0.0 0.0 0.0 -0.7599999904632568 -0.7599999904632568 -0.10999999940395355 0.0 0.0 -0.23000000417232513 0.0 0.0 0.0 -0.18000000715255737 0.0 0.0 0.0 -0.550000011920929 -0.6200000047683716 0.0 -0.27000001072883606 0.0 0.0 0.0 -0.18000000715255737 0.0 0.0 0.0 -0.11999999731779099 0.0 -0.11999999731779099 0.0 -0.11999999731779099 0.0 -0.11999999731779099 0.0 -0.11999999731779099 0.0 -0.18000000715255737 0.0 0.0 -0.18000000715255737 0.0 0.0 -0.18000000715255737 0.0 0.0 0.0 0.0 0.0 -0.30000001192092896 0.0 0.0 0.0 -0.09000000357627869 0.0 -0.27000001072883606 0.0 -0.18000000715255737 0.0 0.0 -0.27000001072883606 0.0 -0.18000000715255737 0.0 0.0 0.0 -0.550000011920929 -0.6200000047683716 0.0 0.0 -0.27000001072883606 0.0 0.0 0.0 -0.18000000715255737 0.0 0.0 0.0 -0.11999999731779099 0.0 -0.11999999731779099 0.0 0.0 -0.5400000214576721 0.0 -0.11999999731779099 -0.11999999731779099 -0.18000000715255737 0.0 0.0 0.0 -0.11999999731779099 0.0 -0.27000001072883606 0.0 0.0 -0.27000001072883606 0.0 0.0 -0.18000000715255737 0.0 0.0 -0.09000000357627869 0.0 -0.27000001072883606 0.0 0.0 0.0 -0.27000001072883606 0.0 0.0 0.0 -0.18000000715255737 0.0 -0.18000000715255737 0.0 0.0 -0.550000011920929 -0.6200000047683716 0.0 0.0 -0.18000000715255737 0.0 0.0 -0.14000000059604645 0.0 0.0 -0.09000000357627869 -0.2199999988079071 0.0 0.0 0.0 -0.18000000715255737 0.0 0.0 0.0 -0.550000011920929 -0.6200000047683716 0.0 0.0 -0.09000000357627869 0.0 -0.27000001072883606 0.0 0.0 -0.18000000715255737 0.0 0.0 -0.18000000715255737 0.0 0.0 -0.09000000357627869 0.0 -0.27000001072883606 0.0 0.0 0.0 -0.27000001072883606 0.0 0.0 0.0 -0.18000000715255737 0.0 0.0 0.0 -0.550000011920929 -0.6200000047683716 0.0 0.0 -0.18000000715255737 0.0 0.0 -0.27000001072883606 0.0 0.0 0.0 0.0
71 0.0 0.0 0.0 -0.18000000715255737 0.0 0.0 -0.18000000715255737 0.0 0.0 -0.18000000715255737 0.0 0.0 0.0 0.0 0.0 -0.30000001192092896 0.0 0.0 0.0 -0.029999999329447746 -0.15000000596046448 -0.5099999904632568 0.0 0.0 0.0 -0.25 0.0 -0.20000000298023224 0.0 -0.27000001072883606 0.0 -0.14000000059604645 0.0 -0.09000000357627869 0.0 -0.27000001072883606 0.0 0.0 0.0 -0.27000001072883606 0.0 -0.18000000715255737 0.0 0.0 -0.2800000011920929 0.0 0.0 0.0 -0.7599999904632568 -0.7599999904632568 -0.18000000715255737 0.0 0.0 -0.18000000715255737 0.0 0.0 0.0 0.0 0.0 -0.699999988079071 0.0 0.0 -0.800000011920929 0.0 0.0 -0.800000011920929 0.0 0.0 -0.27000001072883606 0.0 0.0 0.0 0.0 0.0 0.0 -0.6600000262260437 0.0 -0.18000000715255737 0.0 0.0 -0.2800000011920929 0.0 0.0 0.0 -0.7599999904632568 -0.7599999904632568 -0.10999999940395355 0.0 0.0 -0.23000000417232513 0.0 -0.18000000715255737 0.0 0.0 -0.18000000715255737 0.0 0.0 -0.18000000715255737 0.0 0.0 -0.18000000715255737 0.0 0.0 -0.18000000715255737 0.0 0.0 -0.18000000715255737 0.0 0.0 -0.18000000715255737 0.0 0.0 -0.18000000715255737 0.0 0.0 0.0 -0.550000011920929 -0.27000001072883606 0.0 0.0 0.0 -0.18000000715255737 0.0 0.0 0.0 -0.11999999731779099 0.0 -0.11999999731779099 0.0 -0.11999999731779099 0.0 -0.11999999731779099 0.0 -0.11999999731779099 0.0 -0.18000000715255737 0.0 0.0 -0.18000000715255737 0.0 0.0 -0.18000000715255737 0.0 0.0 0.0 0.0 0.0 -0.30000001192092896 0.0 0.0 0.0 -0.09000000357627869 0.0 -0.27000001072883606 0.0 0.0 -0.18000000715255737 0.0 0.0 -0.27000001072883606 0.0 0.0 -0.18000000715255737 0.0 0.0 0.0 -0.550000011920929 -0.6200000047683716 0.0 0.0 -0.27000001072883606 0.0 0.0 0.0 -0.18000000715255737 0.0 0.0 -0.18000000715255737 0.0 0.0 0.0 -0.11999999731779099 0.0 -0.11999999731779099 0.0 0.0 -0.5400000214576721 0.0 -0.11999999731779099 0.0 -0.11999999731779099 0.0 -0.18000000715255737 0.0 0.0 0.0 -0.11999999731779099 0.0 -0.11999999731779099 0.0 -0.11999999731779099 0.0 -0.27000001072883606 0.0 0.0 0.0 -0.27000001072883606 0.0 0.0 -0.27000001072883606 0.0 0.0 0.0 -0.18000000715255737 0.0 0.0 -0.14000000059604645 0.0 0.0 -0.09000000357627869 -0.2199999988079071 0.0 0.0 0.0 -0.550000011920929 0.0 0.0 -0.18000000715255737 0.0 0.0 -0.09000000357627869 0.0 -0.27000001072883606 0.0 0.0 0.0 -0.27000001072883606 0.0 0.0 0.0 0.0 0.0
72 0.0 -0.30000001192092896 0.0 0.0 0.0 -0.27000001072883606 0.0 -0.14000000059604645 0.0 -0.18000000715255737 0.0 0.0 -0.2800000011920929 0.0 0.0 0.0 -0.7599999904632568 -0.7599999904632568 -0.18000000715255737 0.0 0.0 -0.18000000715255737 0.0 0.0 0.0 0.0 0.0 -0.699999988079071 0.0 0.0 -0.800000011920929 0.0 0.0 -0.800000011920929 0.0 -0.27000001072883606 0.0 0.0 0.0 0.0 0.0 0.0 -0.6600000262260437 0.0 -0.18000000715255737 0.0 0.0 -0.2800000011920929 0.0 0.0 0.0 -0.7599999904632568 -0.7599999904632568 -0.10999999940395355 0.0 0.0 -0.23000000417232513 0.0 -0.18000000715255737 0.0 0.0 -0.18000000715255737 0.0 0.0 -0.18000000715255737 0.0 0.0 0.0 0.0 0.0 -0.18000000715255737 0.0 0.0 -0.18000000715255737 0.0 -0.18000000715255737 0.0 0.0 -0.18000000715255737 0.0 0.0 -0.18000000715255737 0.0 0.0 -0.18000000715255737 0.0 0.0 0.0 -0.550000011920929 -0.27000001072883606 0.0 0.0 0.0 -0.18000000715255737 0.0 0.0 0.0 -0.11999999731779099 0.0 -0.11999999731779099 0.0 -0.18000000715255737 0.0 0.0 -0.18000000715255737 0.0 0.0 -0.18000000715255737 0.0 0.0 0.0 0.0 0.0 -0.30000001192092896 0.0 0.0 0.0 0.0 -0.550000011920929 -0.6200000047683716 0.0 0.0 -0.18000000715255737 0.0 0.0 -0.11999999731779099 0.0 -0.11999999731779099 0.0 0.0 -0.5400000214576721 0.0 -0.11999999731779099 -0.11999999731779099 -0.27000001072883606 0.0 0.0 -0.27000001072883606 0.0 0.0 0.0 -0.14000000059604645 0.0 0.0 -0.09000000357627869 -0.2199999988079071 0.0 0.0 0.0 -0.09000000357627869 -0.27000001072883606 0.0 0.0 0.0 -0.27000001072883606 0.0 0.0
73 -0.18000000715255737 0.0 0.0 -0.18000000715255737 0.0 0.0 -0.18000000715255737 0.0 0.0 0.0 0.0 0.0 -0.30000001192092896 0.0 0.0 0.0 -0.18000000715255737 0.0 0.0 -0.30000001192092896 0.0 0.0 -0.5099999904632568 0.0 0.0 -0.20000000298023224 0.0 -0.27000001072883606 0.0 -0.14000000059604645 0.0 -0.18000000715255737 0.0 0.0 -0.2800000011920929 0.0 0.0 0.0 -0.7599999904632568 -0.7599999904632568 -0.18000000715255737 0.0 0.0 -0.18000000715255737 0.0 0.0 0.0 0.0 0.0 -0.27000001072883606 0.0 0.0 0.0 0.0 0.0 0.0 -0.6600000262260437 0.0 -0.18000000715255737 0.0 0.0 -0.2800000011920929 0.0 0.0 0.0 -0.7599999904632568 -0.7599999904632568 -0.10999999940395355 0.0 0.0 -0.23000000417232513 0.0 -0.18000000715255737 0.0 0.0 -0.18000000715255737 0.0 0.0 -0.18000000715255737 0.0 0.0 0.0 0.0 0.0 -0.30000001192092896 0.0 0.0 0.0 -0.18000000715255737 0.0 0.0 -0.18000000715255737 0.0 0.0 0.0 -0.27000001072883606 0.0 0.0 0.0 -0.18000000715255737 0.0 0.0 0.0 0.0 -0.18000000715255737 0.0 0.0 -0.18000000715255737 0.0 0.0 -0.18000000715255737 0.0 0.0 0.0 0.0 0.0 -0.30000001192092896 0.0 0.0 0.0 -0.18000000715255737 0.0 0.0 0.0 -0.550000011920929 -0.6200000047683716 0.0 0.0 -0.27000001072883606 0.0 0.0 0.0 -0.18000000715255737 0.0 0.0 0.0 -0.11999999731779099 0.0 -0.11999999731779099 0.0 0.0 -0.5400000214576721 0.0 -0.11999999731779099 0.0 -0.11999999731779099 0.0 0.0 0.0
74 -0.18000000715255737 0.0 0.0 0.0 -0.18000000715255737 -0.18000000715255737 0.0 0.0 -0.18000000715255737 0.0 0.0 -0.18000000715255737 0.0 0.0 -0.18000000715255737 0.0 0.0 0.0 0.0 0.0 -0.30000001192092896 0.0 0.0 0.0 -0.18000000715255737 0.0 0.0 -0.18000000715255737 0.0 -0.18000000715255737 0.0 0.0 0.0 0.0 -0.30000001192092896 0.0 0.0 0.0 -0.18000000715255737 0.0 0.0 -0.029999999329447746 -0.15000000596046448 0.0 -0.5099999904632568 0.0 0.0 0.0 -0.25 0.0 -0.20000000298023224 0.0 -0.27000001072883606 0.0 -0.14000000059604645 0.0 0.0 0.0 -0.18000000715255737 0.0 0.0 -0.18000000715255737 0.0 0.0 0.0 -0.27000001072883606 0.0 0.0 0.0 0.0 0.0 0.0 -0.6600000262260437 0.0 -0.18000000715255737 0.0 0.0 -0.2800000011920929 0.0 0.0 0.0 -0.7599999904632568 -0.7599999904632568 -0.10999999940395355 0.0 0.0 -0.23000000417232513 0.0 -0.18000000715255737 0.0 0.0 -0.18000000715255737 0.0 0.0 -0.18000000715255737 0.0 0.0 0.0 0.0 0.0 -0.30000001192092896 0.0 0.0 0.0 -0.18000000715255737 0.0 0.0 -0.18000000715255737 0.0 0.0 -0.18000000715255737 0.0 0.0 0.0 0.0 0.0 -0.30000001192092896 0.0 0.0 0.0 -0.18000000715255737 0.0 0.0 -0.18000000715255737 0.0 0.0 -0.18000000715255737 0.0 0.0 0.0 0.0 0.0 -0.30000001192092896 -0.18000000715255737 0.0 0.0 0.0 -0.550000011920929 -0.27000001072883606 0.0 0.0 0.0 -0.18000000715255737 0.0 0.0 0.0 -0.11999999731779099 0.0 -0.11999999731779099 0.0 -0.11999999731779099 -0.11999999731779099 0.0 -0.11999999731779099 0.0 -0.18000000715255737 0.0 0.0 -0.18000000715255737 0.0 0.0 -0.18000000715255737 0.0 0.0 0.0 0.0 0.0 -0.30000001192092896 0.0 0.0 0.0 0.0 -0.550000011920929 0.0 -0.27000001072883606 0.0 0.0 0.0 -0.18000000715255737 0.0 0.0 -0.18000000715255737 0.0 0.0 0.0 -0.11999999731779099 0.0 -0.11999999731779099 0.0 0.0 -0.5400000214576721 0.0 -0.11999999731779099 0.0 -0.11999999731779099 0.0 -0.18000000715255737 0.0 0.0 0.0 -0.11999999731779099 0.0 -0.11999999731779099 0.0 -0.11999999731779099 0.0 -0.27000001072883606 0.0 0.0 0.0 -0.14000000059604645 0.0 -0.09000000357627869 -0.2199999988079071 0.0 0.0
75 0.0 0.0 -0.18000000715255737 0.0 0.0 -0.18000000715255737 0.0 0.0 -0.18000000715255737 0.0 0.0 0.0 0.0 0.0 -0.30000001192092896 0.0 0.0 0.0 -0.11999999731779099 0.0 -0.11999999731779099 0.0 -0.18000000715255737 0.0 0.0 -0.18000000715255737 0.0 0.0 -0.18000000715255737 0.0 0.0 0.0 0.0 0.0 -0.30000001192092896 0.0 0.0 0.0 -0.18000000715255737 0.0 0.0 -0.029999999329447746 -0.15000000596046448 0.0 -0.5099999904632568 0.0 0.0 0.0 -0.25 0.0 -0.20000000298023224 0.0 -0.27000001072883606 0.0 -0.14000000059604645 0.0 -0.27000001072883606 0.0 0.0 0.0 0.0 0.0 0.0 -0.6600000262260437 0.0 -0.18000000715255737 0.0 0.0 -0.2800000011920929 0.0 0.0 0.0 -0.7599999904632568 -0.7599999904632568 -0.10999999940395355 0.0 0.0 -0.23000000417232513 0.0 -0.18000000715255737 0.0 0.0 -0.18000000715255737 0.0 0.0 -0.18000000715255737 0.0 0.0 0.0 0.0 0.0 -0.30000001192092896 0.0 0.0 0.0 -0.18000000715255737 0.0 0.0 -0.18000000715255737 0.0 0.0 -0.18000000715255737 0.0 0.0 0.0 0.0 0.0 -0.30000001192092896 0.0 0.0 0.0 -0.18000000715255737 0.0 0.0 -0.18000000715255737 0.0 0.0 -0.18000000715255737 0.0 0.0 0.0 0.0 0.0 -0.30000001192092896 0.0 0.0 0.0 -0.18000000715255737 0.0 0.0 -0.550000011920929 -0.6200000047683716 0.0 0.0 -0.27000001072883606 0.0 0.0 0.0 0.0 0.0 -0.18000000715255737 0.0 0.0 0.0 -0.11999999731779099 0.0 -0.11999999731779099 0.0 0.0 -0.5400000214576721 -0.11999999731779099 -0.11999999731779099 -0.27000001072883606 0.0 0.0 0.0
76 0.0 -0.18000000715255737 0.0 0.0 -0.09000000357627869 0.0 -0.27000001072883606 0.0 0.0 0.0 -0.18000000715255737 0.0 0.0 0.0 -0.11999999731779099 0.0 -0.11999999731779099 0.0 0.0 -0.5400000214576721 0.0 -0.11999999731779099 0.0 -0.11999999731779099 0.0 -0.18000000715255737 0.0 0.0 -0.18000000715255737 0.0 0.0 -0.18000000715255737 0.0 0.0 -0.18000000715255737 0.0 0.0 -0.18000000715255737 0.0 0.0 0.0 0.0 0.0 -0.30000001192092896 0.0 0.0 0.0 0.0 -0.18000000715255737 0.0 0.0 0.0 -0.550000011920929 -0.6200000047683716 0.0 0.0 -0.18000000715255737 0.0 0.0 -0.18000000715255737 0.0 0.0 -0.18000000715255737 0.0 0.0 0.0 0.0 0.0 -0.30000001192092896 0.0 0.0 -0.18000000715255737 0.0 0.0 -0.029999999329447746 -0.15000000596046448 0.0 -0.5099999904632568 0.0 0.0 0.0 -0.25 0.0 -0.20000000298023224 0.0 -0.27000001072883606 0.0 -0.14000000059604645 0.0 -0.18000000715255737 0.0 0.0 -0.18000000715255737 0.0 0.0 -0.18000000715255737 0.0 0.0 -0.18000000715255737 0.0 0.0 0.0 0.0 0.0 -0.30000001192092896 0.0 0.0 0.0 0.0 -0.18000000715255737 0.0 -0.18000000715255737 0.0 0.0 -0.27000001072883606 0.0 0.0 0.0 0.0 0.0 0.0 -0.6600000262260437 -0.18000000715255737 0.0 0.0 -0.2800000011920929 0.0 0.0 0.0 -0.7599999904632568 -0.7599999904632568 -0.10999999940395355 0.0 0.0 -0.23000000417232513 0.0 -0.18000000715255737 0.0 0.0 -0.18000000715255737 0.0 0.0 -0.18000000715255737 0.0 0.0 0.0 0.0 0.0 -0.30000001192092896 0.0 0.0 0.0 -0.18000000715255737 0.0 0.0 -0.18000000715255737 0.0 0.0 -0.18000000715255737 0.0 0.0 0.0 0.0 0.0 -0.30000001192092896 0.0 0.0 0.0 -0.18000000715255737 0.0 0.0 -0.18000000715255737 0.0 0.0 -0.18000000715255737 0.0 0.0 0.0 0.0 0.0 -0.30000001192092896 0.0 0.0 0.0 -0.18000000715255737 0.0 0.0 0.0 -0.550000011920929 -0.6200000047683716 0.0 0.0 -0.27000001072883606 0.0 0.0 0.0 -0.18000000715255737 0.0 0.0 0.0 -0.11999999731779099 0.0 -0.11999999731779099 0.0 -0.11999999731779099 -0.18000000715255737 0.0 -0.18000000715255737 0.0 0.0 0.0 -0.11999999731779099 0.0 -0.11999999731779099 0.0 0.0 -0.11999999731779099 0.0 -0.11999999731779099 -0.18000000715255737 0.0 0.0 0.0 -0.11999999731779099 0.0 -0.27000001072883606 0.0 0.0 0.0 -0.27000001072883606 0.0 0.0 0.0 -0.18000000715255737 0.0 0.0 -0.2800000011920929 0.0 0.0 0.0 -0.7599999904632568 -0.7599999904632568 -0.18000000715255737 0.0 0.0 -0.27000001072883606 0.0 0.0 0.0 -0.7599999904632568 -0.18000000715255737 0.0 0.0 -0.14000000059604645 0.0 0.0 -0.09000000357627869 -0.2199999988079071 0.0 0.0 0.0
77 -0.18000000715255737 0.0 0.0 -0.27000001072883606 0.0 0.0 0.0 -0.18000000715255737 0.0 0.0 0.0 -0.11999999731779099 0.0 -0.11999999731779099 0.0 -0.5400000214576721 0.0 -0.11999999731779099 0.0 -0.11999999731779099 0.0 0.0 0.0 -0.18000000715255737 0.0 0.0 -0.029999999329447746 -0.15000000596046448 0.0 -0.5099999904632568 0.0 0.0 0.0 -0.25 0.0 -0.20000000298023224 0.0 -0.27000001072883606 0.0 -0.14000000059604645 0.0 -0.18000000715255737 0.0 -0.18000000715255737 0.0 0.0 0.0 0.0 -0.27000001072883606 0.0 0.0 0.0 0.0 0.0 0.0 -0.6600000262260437 0.0 -0.10999999940395355 0.0 0.0 -0.23000000417232513 0.0 -0.18000000715255737 0.0 0.0 -0.18000000715255737 0.0 0.0 -0.18000000715255737 0.0 0.0 -0.18000000715255737 0.0 0.0 -0.18000000715255737 0.0 0.0 -0.18000000715255737 0.0 0.0 0.0 0.0 0.0 -0.30000001192092896 0.0 0.0 0.0 -0.18000000715255737 0.0 0.0 -0.18000000715255737 0.0 0.0 -0.18000000715255737 0.0 0.0 0.0 0.0 0.0 -0.30000001192092896 0.0 0.0 0.0 -0.18000000715255737 0.0 0.0 0.0 -0.550000011920929 -0.6200000047683716 0.0 0.0 -0.27000001072883606 0.0 0.0 0.0 -0.18000000715255737 0.0 0.0 0.0 -0.11999999731779099 0.0 -0.11999999731779099 0.0 -0.11999999731779099 -0.11999999731779099 0.0 0.0 -0.18000000715255737 0.0 0.0 -0.27000001072883606 0.0 0.0 0.0 -0.27000001072883606 0.0 0.0 0.0 -0.18000000715255737 0.0 0.0 -0.2800000011920929 0.0 0.0 -0.18000000715255737 0.0 0.0 0.0 -0.550000011920929 0.0 -0.18000000715255737 0.0 0.0 -0.09000000357627869 0.0 -0.27000001072883606 0.0 0.0 0.0 -0.27000001072883606 0.0 0.0 0.0 -0.18000000715255737 0.0 0.0 -0.7599999904632568 -0.18000000715255737 0.0 0.0 -0.14000000059604645 0.0 0.0 -0.09000000357627869 -0.2199999988079071 0.0 0.0 0.0 0.0
78 -0.18000000715255737 0.0 0.0 -0.09000000357627869 0.0 -0.27000001072883606 0.0 0.0 0.0 -0.27000001072883606 0.0 0.0 0.0 -0.18000000715255737 0.0 0.0 0.0 -0.11999999731779099 -0.11999999731779099 0.0 -0.5400000214576721 0.0 -0.11999999731779099 0.0 -0.11999999731779099 0.0 0.0 0.0 -0.029999999329447746 -0.5099999904632568 0.0 0.0 0.0 -0.25 0.0 -0.20000000298023224 0.0 -0.27000001072883606 0.0 -0.14000000059604645 0.0 0.0 -0.18000000715255737 0.0 0.0 -0.18000000715255737 0.0 0.0 0.0 0.0 0.0 -0.699999988079071 0.0 0.0 -0.800000011920929 0.0 -0.800000011920929 0.0 0.0 -0.27000001072883606 0.0 0.0 0.0 0.0 0.0 0.0 -0.6600000262260437 -0.10999999940395355 0.0 0.0 -0.23000000417232513 0.0 -0.18000000715255737 0.0 0.0 -0.18000000715255737 0.0 0.0 -0.18000000715255737 0.0 0.0 -0.18000000715255737 0.0 0.0 0.0 0.0 0.0 -0.30000001192092896 0.0 0.0 0.0 -0.18000000715255737 0.0 0.0 -0.18000000715255737 0.0 0.0 -0.18000000715255737 0.0 0.0 0.0 0.0 0.0 -0.30000001192092896 0.0 0.0 0.0 -0.18000000715255737 0.0 0.0 0.0 -0.550000011920929 -0.6200000047683716 0.0 0.0 -0.27000001072883606 0.0 0.0 0.0 -0.18000000715255737 0.0 0.0 0.0 -0.11999999731779099 0.0 -0.11999999731779099 0.0 -0.11999999731779099 0.0 -0.11999999731779099 0.0 -0.11999999731779099 0.0 -0.18000000715255737 0.0 0.0 -0.18000000715255737 0.0 0.0 -0.11999999731779099 0.0 -0.18000000715255737 0.0 0.0 0.0 -0.11999999731779099 0.0 -0.11999999731779099 0.0 -0.27000001072883606 0.0 0.0 0.0 -0.27000001072883606 0.0 0.0 0.0 -0.18000000715255737 0.0 0.0 -0.2800000011920929 0.0 0.0 0.0 -0.7599999904632568 -0.7599999904632568 -0.18000000715255737 0.0 0.0 0.0 -0.550000011920929 -0.6200000047683716 0.0 0.0 -0.18000000715255737 0.0 0.0 -0.09000000357627869 0.0 -0.27000001072883606 0.0 0.0 0.0 -0.27000001072883606 0.0 0.0 0.0 -0.18000000715255737 0.0 0.0 -0.18000000715255737 0.0 0.0 0.0 -0.550000011920929 -0.6200000047683716 0.0 0.0 -0.18000000715255737 0.0 0.0 -0.2800000011920929 0.0 0.0 0.0 -0.7599999904632568 -0.7599999904632568 -0.18000000715255737 0.0 0.0 -0.14000000059604645 0.0 0.0 -0.09000000357627869 -0.2199999988079071 0.0 0.0 0.0 -0.18000000715255737 0.0 0.0 0.0 -0.550000011920929 -0.6200000047683716 0.0 0.0 -0.09000000357627869 0.0 0.0 -0.18000000715255737 0.0 0.0 -0.029999999329447746 -0.15000000596046448 0.0 -0.5099999904632568 0.0 0.0 0.0 -0.18000000715255737 0.0 0.0 -0.09000000357627869 0.0 -0.27000001072883606 0.0 0.0 0.0 -0.27000001072883606 0.0 0.0 0.0 -0.27000001072883606 0.0 0.0
79 -0.18000000715255737 0.0 0.0 -0.09000000357627869 0.0 -0.27000001072883606 0.0 0.0 0.0 -0.27000001072883606 0.0 0.0 0.0 -0.18000000715255737 0.0 0.0 0.0 -0.11999999731779099 0.0 -0.11999999731779099 0.0 -0.11999999731779099 0.0 -0.18000000715255737 0.0 -0.18000000715255737 0.0 0.0 -0.18000000715255737 0.0 0.0 -0.18000000715255737 0.0 0.0 -0.18000000715255737 0.0 0.0 0.0 0.0 0.0 -0.30000001192092896 0.0 0.0 0.0 0.0 0.0 -0.18000000715255737 0.0 0.0 -0.029999999329447746 -0.15000000596046448 0.0 -0.5099999904632568 0.0 0.0 0.0 -0.25 0.0 -0.20000000298023224 0.0 -0.27000001072883606 0.0 -0.14000000059604645 0.0 -0.09000000357627869 -0.27000001072883606 0.0 0.0 0.0 -0.18000000715255737 0.0 0.0 -0.2800000011920929 0.0 0.0 0.0 -0.7599999904632568 -0.18000000715255737 0.0 0.0 -0.18000000715255737 0.0 0.0 0.0 0.0 0.0 -0.699999988079071 0.0 0.0 -0.800000011920929 0.0 0.0 -0.800000011920929 0.0 0.0 -0.27000001072883606 0.0 0.0 0.0 0.0 0.0 0.0 -0.6600000262260437 0.0 -0.18000000715255737 0.0 0.0 -0.2800000011920929 0.0 0.0 0.0 -0.7599999904632568 -0.7599999904632568 -0.10999999940395355 0.0 0.0 -0.23000000417232513 0.0 -0.18000000715255737 0.0 0.0 -0.18000000715255737 0.0 0.0 -0.18000000715255737 0.0 0.0 -0.18000000715255737 0.0 0.0 -0.18000000715255737 0.0 0.0 0.0 0.0 0.0 -0.30000001192092896 0.0 0.0 0.0 -0.18000000715255737 0.0 0.0 -0.18000000715255737 0.0 0.0 -0.18000000715255737 0.0 0.0 0.0 0.0 0.0 0.0 -0.18000000715255737 0.0 0.0 0.0 -0.550000011920929 -0.6200000047683716 0.0 0.0 -0.27000001072883606 0.0 0.0 0.0 -0.18000000715255737 0.0 0.0 0.0 -0.11999999731779099 0.0 -0.11999999731779099 0.0 -0.11999999731779099 0.0 -0.11999999731779099 0.0 -0.11999999731779099 0.0 -0.18000000715255737 0.0 0.0 -0.18000000715255737 0.0 0.0 -0.18000000715255737 0.0 0.0 0.0 0.0 0.0 -0.30000001192092896 0.0 0.0 0.0 -0.09000000357627869 -0.18000000715255737 0.0 0.0 -0.27000001072883606 0.0 0.0 0.0 0.0 -0.18000000715255737 0.0 0.0 0.0 -0.11999999731779099 0.0 -0.11999999731779099 0.0 0.0 -0.5400000214576721 0.0 -0.11999999731779099 0.0 -0.11999999731779099 0.0 -0.18000000715255737 0.0 0.0 0.0 -0.11999999731779099 0.0 -0.11999999731779099 0.0 -0.11999999731779099 -0.11999999731779099 0.0 -0.11999999731779099 0.0 -0.27000001072883606 0.0 0.0 0.0 -0.27000001072883606 0.0 0.0 0.0 0.0 0.0 -0.18000000715255737 -0.18000000715255737 0.0 0.0 -0.09000000357627869 0.0 -0.27000001072883606 0.0 0.0 0.0 -0.27000001072883606 0.0 0.0 -0.18000000715255737 0.0 0.0 -0.7599999904632568 -0.18000000715255737 0.0 0.0 -0.14000000059604645 0.0 0.0 -0.09000000357627869 -0.2199999988079071 0.0 0.0 0.0 0.0 -0.550000011920929 0.0 -0.18000000715255737 0.0 0.0 -0.029999999329447746 -0.15000000596046448 0.0 -0.5099999904632568 0.0 -0.18000000715255737 0.0 0.0 -0.09000000357627869 0.0 -0.27000001072883606 0.0 0.0 0.0 -0.27000001072883606 0.0 0.0 0.0 -0.27000001072883606 0.0 0.0 0.0
8 -0.18000000715255737 0.0 -0.09000000357627869 0.0 -0.27000001072883606 0.0 0.0 0.0 -0.18000000715255737 0.0 0.0 -0.27000001072883606 0.0 0.0 0.0 0.0 0.0 0.0 -0.6600000262260437 0.0 -0.10999999940395355 0.0 0.0 -0.23000000417232513 0.0 -0.18000000715255737 0.0 0.0 -0.18000000715255737 0.0 0.0 -0.18000000715255737 0.0 0.0 0.0 0.0 0.0 -0.30000001192092896 0.0 0.0 0.0 -0.2800000011920929 0.0 0.0 0.0 -0.7599999904632568 -0.7599999904632568 -0.18000000715255737 0.0 0.0 -0.09000000357627869 0.0 -0.27000001072883606 0.0 0.0 0.0 -0.27000001072883606 0.0 0.0 0.0 0.0 -0.05000000074505806 0.0 -0.27000001072883606 0.0 0.0 0.0 -0.18000000715255737 0.0 0.0 -0.18000000715255737 0.0 0.0 0.0 -0.550000011920929 -0.6200000047683716 0.0 0.0 0.0 -0.029999999329447746 -0.15000000596046448 0.0 -0.5099999904632568 0.0 0.0 0.0 -0.25 0.0 -0.20000000298023224 0.0 -0.27000001072883606 0.0 -0.14000000059604645 0.0 -0.18000000715255737 0.0 -0.11999999731779099 0.0 -0.18000000715255737 0.0 0.0 -0.029999999329447746 -0.15000000596046448 0.0 -0.5099999904632568 0.0 0.0 0.0 -0.25 0.0 -0.20000000298023224 0.0 -0.27000001072883606 0.0 -0.14000000059604645 0.0 -0.09000000357627869 0.0 -0.27000001072883606 0.0 0.0 -0.27000001072883606 0.0 0.0 -0.09000000357627869 0.0 -0.27000001072883606 0.0 0.0 0.0 -0.27000001072883606 0.0 0.0 0.0 -0.18000000715255737 0.0 0.0 -0.18000000715255737 0.0 -0.18000000715255737 0.0 0.0 0.0 0.0 -0.30000001192092896 0.0 0.0 0.0 -0.18000000715255737 0.0 0.0 0.0 -0.11999999731779099 0.0 -0.11999999731779099 0.0 0.0 -0.5400000214576721 0.0 -0.11999999731779099 0.0 -0.11999999731779099 0.0 -0.18000000715255737 0.0 0.0 -0.029999999329447746 0.0 -0.18000000715255737 0.0 0.0 0.0 -0.11999999731779099 0.0 -0.11999999731779099 0.0 0.0 -0.5400000214576721 0.0 -0.11999999731779099 0.0 -0.11999999731779099 0.0 0.0 0.0 0.0 -0.6600000262260437 0.0 -0.18000000715255737 0.0 0.0 0.0 -0.550000011920929 -0.6200000047683716 0.0 0.0 -0.18000000715255737 0.0 0.0 -0.18000000715255737 0.0 0.0 0.0 -0.550000011920929 -0.6200000047683716 0.0 0.0 -0.18000000715255737 0.0 0.0 -0.14000000059604645 0.0 0.0 -0.09000000357627869 -0.2199999988079071 0.0 0.0 0.0 -0.27000001072883606 0.0 0.0 0.0 -0.18000000715255737 0.0 0.0 -0.2800000011920929 0.0 0.0 0.0 -0.7599999904632568 -0.7599999904632568 -0.18000000715255737 0.0 0.0 -0.18000000715255737 0.0 0.0 -0.18000000715255737 0.0 0.0 0.0 0.0 -0.27000001072883606 0.0 0.0 0.0 -0.2800000011920929 0.0 0.0 -0.7599999904632568 0.0 0.0 0.0 0.0
80 -0.10999999940395355 0.0 0.0 -0.23000000417232513 0.0 0.0 -0.18000000715255737 0.0 0.0 -0.18000000715255737 0.0 0.0 -0.09000000357627869 0.0 -0.27000001072883606 0.0 0.0 0.0 -0.27000001072883606 0.0 0.0 0.0 -0.18000000715255737 0.0 0.0 0.0 -0.11999999731779099 0.0 -0.11999999731779099 0.0 -0.18000000715255737 0.0 0.0 -0.18000000715255737 0.0 0.0 -0.18000000715255737 0.0 0.0 0.0 0.0 -0.18000000715255737 0.0 0.0 -0.18000000715255737 0.0 0.0 -0.18000000715255737 0.0 0.0 0.0 0.0 0.0 -0.30000001192092896 0.0 0.0 0.0 0.0 -0.029999999329447746 -0.15000000596046448 -0.5099999904632568 0.0 0.0 0.0 -0.25 0.0 -0.20000000298023224 0.0 -0.27000001072883606 0.0 -0.14000000059604645 0.0 -0.18000000715255737 0.0 0.0 0.0 -0.09000000357627869 0.0 -0.27000001072883606 0.0 0.0 0.0 -0.27000001072883606 0.0 0.0 0.0 -0.18000000715255737 0.0 0.0 -0.09000000357627869 0.0 -0.27000001072883606 0.0 0.0 0.0 -0.27000001072883606 0.0 0.0 0.0 -0.18000000715255737 0.0 0.0 -0.09000000357627869 0.0 -0.27000001072883606 0.0 0.0 0.0 -0.27000001072883606 0.0 0.0 0.0 -0.18000000715255737 0.0 0.0 -0.029999999329447746 0.0 -0.25 0.0 -0.20000000298023224 0.0 -0.09000000357627869 0.0 -0.27000001072883606 0.0 0.0 0.0 0.0 -0.18000000715255737 0.0 0.0 -0.09000000357627869 0.0 -0.27000001072883606 0.0 0.0 0.0 -0.27000001072883606 0.0 0.0 0.0 -0.18000000715255737 0.0 0.0 0.0 -0.11999999731779099 0.0 0.0 0.0 0.0 -0.6600000262260437 -0.09000000357627869 0.0 -0.27000001072883606 0.0 0.0 0.0 -0.27000001072883606 0.0 0.0 0.0 -0.18000000715255737 0.0 0.0 -0.2800000011920929 0.0 0.0 0.0 -0.7599999904632568 -0.7599999904632568 -0.18000000715255737 0.0 0.0 -0.18000000715255737 0.0 0.0 0.0 0.0 0.0 -0.699999988079071 0.0 0.0 -0.800000011920929 0.0 0.0 -0.800000011920929 0.0 0.0 -0.27000001072883606 0.0 0.0 0.0 0.0 0.0 0.0 -0.6600000262260437 0.0 -0.18000000715255737 0.0 0.0 -0.2800000011920929 0.0 0.0 0.0 -0.7599999904632568 -0.7599999904632568 -0.10999999940395355 0.0 0.0 -0.23000000417232513 0.0 -0.18000000715255737 0.0 0.0 -0.18000000715255737 0.0 0.0 -0.18000000715255737 0.0 0.0 0.0 0.0 0.0 -0.18000000715255737 0.0 0.0 -0.18000000715255737 0.0 0.0 0.0 -0.550000011920929 -0.6200000047683716 0.0 0.0 -0.27000001072883606 0.0 0.0 0.0 -0.18000000715255737 0.0 0.0 0.0 -0.11999999731779099 0.0 -0.11999999731779099 0.0 -0.11999999731779099 0.0 -0.11999999731779099 0.0 -0.11999999731779099 0.0 -0.18000000715255737 0.0 0.0 -0.18000000715255737 0.0 0.0 -0.18000000715255737 0.0 0.0 0.0 0.0 0.0 -0.30000001192092896 0.0 0.0 0.0 -0.09000000357627869 0.0 -0.27000001072883606 0.0 0.0 0.0 -0.18000000715255737 0.0 0.0 -0.27000001072883606 0.0 0.0 0.0 -0.18000000715255737 0.0 0.0 0.0 -0.550000011920929 -0.6200000047683716 0.0 0.0 -0.27000001072883606 0.0 0.0 0.0 -0.18000000715255737 0.0 0.0 0.0 -0.11999999731779099 0.0 -0.11999999731779099 0.0 -0.11999999731779099 -0.18000000715255737 0.0 0.0 0.0 -0.11999999731779099 0.0 -0.11999999731779099 0.0 0.0 -0.5400000214576721 0.0 -0.11999999731779099 0.0 -0.11999999731779099 0.0 -0.18000000715255737 0.0 0.0 0.0 -0.11999999731779099 0.0 -0.11999999731779099 0.0 -0.11999999731779099 0.0 -0.11999999731779099 0.0 -0.11999999731779099 0.0 -0.27000001072883606 0.0 0.0 0.0 -0.27000001072883606 0.0 0.0 0.0 -0.18000000715255737 0.0 -0.2800000011920929 0.0 0.0 0.0 -0.550000011920929 -0.18000000715255737 0.0 -0.09000000357627869 0.0 -0.27000001072883606 0.0 0.0 0.0 -0.18000000715255737 0.0 0.0 -0.2800000011920929 0.0 0.0 0.0 -0.7599999904632568 -0.7599999904632568 -0.18000000715255737 0.0 0.0 -0.14000000059604645 0.0 0.0 -0.09000000357627869 -0.2199999988079071 0.0 0.0 0.0 -0.18000000715255737 0.0 0.0 0.0 -0.550000011920929 -0.6200000047683716 0.0 0.0 -0.09000000357627869 0.0 -0.27000001072883606 0.0 0.0 0.0 -0.27000001072883606 0.0 -0.18000000715255737 0.0 0.0 -0.029999999329447746 -0.15000000596046448 0.0 -0.5099999904632568 0.0 0.0 0.0 -0.25 0.0 -0.20000000298023224 0.0 -0.27000001072883606 0.0 -0.14000000059604645 0.0 -0.18000000715255737 0.0 0.0 -0.09000000357627869 0.0 -0.27000001072883606 0.0 0.0 0.0 -0.27000001072883606 0.0 0.0 0.0 -0.550000011920929 -0.18000000715255737 0.0 0.0 -0.18000000715255737 0.0 0.0 -0.18000000715255737 0.0 0.0 -0.09000000357627869 0.0 -0.27000001072883606 0.0 0.0 0.0 -0.27000001072883606 0.0 0.0 0.0 0.0 -0.27000001072883606 0.0 0.0 -0.27000001072883606 0.0 0.0 0.0
81 0.0 -0.27000001072883606 0.0 0.0 0.0 -0.27000001072883606 0.0 -0.18000000715255737 0.0 -0.18000000715255737 0.0 0.0 -0.18000000715255737 0.0 0.0 0.0 0.0 -0.30000001192092896 0.0 -0.18000000715255737 0.0 0.0 -0.18000000715255737 0.0 0.0 -0.18000000715255737 0.0 0.0 0.0 0.0 0.0 -0.30000001192092896 0.0 0.0 0.0 0.0 0.0 0.0 -0.25 0.0 -0.20000000298023224 0.0 -0.27000001072883606 0.0 -0.14000000059604645 0.0 0.0 -0.09000000357627869 -0.27000001072883606 0.0 0.0 0.0 -0.27000001072883606 0.0 0.0 0.0 -0.27000001072883606 0.0 -0.18000000715255737 0.0 -0.09000000357627869 -0.27000001072883606 0.0 0.0 -0.27000001072883606 0.0 0.0 0.0 -0.18000000715255737 0.0 0.0 0.0 -0.11999999731779099 0.0 -0.11999999731779099 0.0 -0.11999999731779099 -0.11999999731779099 0.0 0.0 -0.6600000262260437 0.0 -0.27000001072883606 0.0 0.0 0.0 -0.09000000357627869 0.0 -0.27000001072883606 0.0 0.0 0.0 -0.27000001072883606 0.0 0.0 0.0 -0.18000000715255737 0.0 0.0 -0.2800000011920929 0.0 0.0 0.0 -0.7599999904632568 -0.7599999904632568 -0.18000000715255737 0.0 0.0 -0.18000000715255737 0.0 0.0 0.0 0.0 0.0 -0.699999988079071 0.0 0.0 -0.800000011920929 0.0 -0.27000001072883606 0.0 0.0 0.0 0.0 0.0 0.0 -0.6600000262260437 0.0 -0.18000000715255737 0.0 0.0 -0.2800000011920929 0.0 0.0 0.0 -0.7599999904632568 -0.7599999904632568 -0.10999999940395355 0.0 0.0 -0.23000000417232513 0.0 0.0 -0.27000001072883606 0.0 0.0 0.0 -0.18000000715255737 0.0 0.0 0.0 -0.11999999731779099 0.0 -0.11999999731779099 0.0 -0.11999999731779099 0.0 -0.11999999731779099 0.0 -0.11999999731779099 0.0 -0.18000000715255737 0.0 0.0 -0.18000000715255737 0.0 0.0 -0.18000000715255737 0.0 0.0 0.0 0.0 0.0 -0.30000001192092896 0.0 0.0 0.0 -0.09000000357627869 0.0 -0.27000001072883606 0.0 0.0 0.0 -0.18000000715255737 0.0 0.0 -0.27000001072883606 0.0 0.0 0.0 -0.18000000715255737 0.0 0.0 0.0 -0.550000011920929 -0.6200000047683716 0.0 0.0 -0.05000000074505806 0.0 0.0 0.0 -0.18000000715255737 0.0 -0.18000000715255737 0.0 0.0 -0.18000000715255737 0.0 0.0 0.0 0.0 -0.27000001072883606 0.0 0.0 0.0 -0.18000000715255737 0.0 0.0 0.0 -0.11999999731779099 0.0 -0.11999999731779099 0.0 -0.11999999731779099 -0.11999999731779099 0.0 -0.11999999731779099 0.0 -0.18000000715255737 0.0 0.0 0.0 -0.11999999731779099 0.0 -0.11999999731779099 0.0 0.0 -0.5400000214576721 0.0 -0.11999999731779099 0.0 -0.11999999731779099 0.0 -0.18000000715255737 0.0 0.0 0.0 -0.11999999731779099 0.0 -0.11999999731779099 0.0 -0.11999999731779099 0.0 -0.11999999731779099 0.0 -0.11999999731779099 0.0 -0.27000001072883606 0.0 0.0 0.0 0.0 -0.18000000715255737 0.0 0.0 -0.14000000059604645 0.0 0.0 -0.09000000357627869 -0.2199999988079071 0.0 0.0 0.0 -0.18000000715255737 0.0 0.0 0.0 -0.18000000715255737 0.0 0.0 -0.09000000357627869 0.0 -0.27000001072883606 0.0 0.0 0.0 -0.27000001072883606 0.0 0.0 0.0 -0.18000000715255737 0.0 0.0 -0.09000000357627869 0.0 -0.27000001072883606 0.0 0.0 0.0 -0.27000001072883606 0.0 0.0 0.0 0.0 -0.09000000357627869 0.0 -0.27000001072883606 0.0 0.0 -0.27000001072883606 0.0 0.0 0.0
82 0.0 0.0 -0.18000000715255737 0.0 0.0 -0.09000000357627869 0.0 -0.27000001072883606 0.0 0.0 0.0 -0.27000001072883606 0.0 0.0 0.0 -0.18000000715255737 0.0 0.0 -0.18000000715255737 0.0 0.0 -0.18000000715255737 0.0 0.0 0.0 0.0 0.0 -0.30000001192092896 0.0 0.0 0.0 -0.18000000715255737 0.0 0.0 -0.18000000715255737 -0.18000000715255737 0.0 0.0 0.0 0.0 0.0 0.0 0.0 -0.7599999904632568 -0.20000000298023224 0.0 -0.14000000059604645 0.0 -0.09000000357627869 0.0 -0.27000001072883606 0.0 0.0 0.0 -0.27000001072883606 0.0 0.0 0.0 -0.18000000715255737 0.0 0.0 -0.09000000357627869 0.0 -0.27000001072883606 0.0 0.0 0.0 -0.27000001072883606 0.0 0.0 0.0 0.0 0.0 -0.18000000715255737 0.0 0.0 -0.09000000357627869 0.0 -0.27000001072883606 0.0 0.0 0.0 -0.27000001072883606 0.0 0.0 0.0 -0.18000000715255737 0.0 0.0 -0.029999999329447746 -0.15000000596046448 -0.5099999904632568 0.0 0.0 -0.25 0.0 -0.20000000298023224 0.0 -0.27000001072883606 0.0 -0.14000000059604645 0.0 0.0 0.0 -0.09000000357627869 0.0 -0.27000001072883606 0.0 0.0 0.0 -0.27000001072883606 0.0 0.0 0.0 -0.18000000715255737 0.0 0.0 0.0 -0.550000011920929 -0.18000000715255737 0.0 0.0 -0.09000000357627869 0.0 -0.27000001072883606 0.0 0.0 0.0 -0.27000001072883606 0.0 0.0 0.0 0.0 0.0 -0.2800000011920929 0.0 0.0 -0.18000000715255737 0.0 0.0 0.0 -0.11999999731779099 0.0 -0.11999999731779099 0.0 -0.11999999731779099 0.0 -0.11999999731779099 0.0 -0.11999999731779099 0.0 0.0 0.0 -0.6600000262260437 0.0 -0.27000001072883606 0.0 0.0 0.0 -0.09000000357627869 0.0 -0.27000001072883606 0.0 0.0 0.0 -0.27000001072883606 0.0 0.0 0.0 -0.18000000715255737 0.0 0.0 -0.2800000011920929 0.0 0.0 0.0 -0.7599999904632568 -0.7599999904632568 -0.18000000715255737 0.0 0.0 -0.18000000715255737 0.0 0.0 -0.27000001072883606 0.0 0.0 0.0 -0.2800000011920929 0.0 0.0 0.0 -0.7599999904632568 -0.7599999904632568 0.0 -0.23000000417232513 0.0 -0.27000001072883606 0.0 0.0 -0.18000000715255737 0.0 0.0 0.0 -0.11999999731779099 0.0 -0.11999999731779099 0.0 -0.11999999731779099 0.0 -0.11999999731779099 0.0 -0.11999999731779099 0.0 -0.18000000715255737 0.0 0.0 -0.18000000715255737 0.0 0.0 -0.18000000715255737 0.0 0.0 0.0 0.0 0.0 -0.30000001192092896 0.0 0.0 0.0 -0.09000000357627869 0.0 -0.27000001072883606 0.0 0.0 0.0 -0.18000000715255737 0.0 0.0 -0.27000001072883606 0.0 0.0 0.0 -0.18000000715255737 0.0 0.0 0.0 -0.550000011920929 -0.6200000047683716 0.0 0.0 -0.05000000074505806 0.0 0.0 0.0 0.0 0.0 -0.5099999904632568 0.0 -0.5099999904632568 0.0 0.0 0.0 0.0 0.0 0.0 -0.18000000715255737 0.0 -0.09000000357627869 0.0 -0.27000001072883606 0.0 0.0 0.0 -0.18000000715255737 0.0 0.0 -0.27000001072883606 0.0 0.0 0.0 -0.18000000715255737 0.0 0.0 -0.18000000715255737 0.0 0.0 -0.18000000715255737 0.0 0.0 0.0 0.0 0.0 -0.27000001072883606 0.0 0.0 0.0 -0.18000000715255737 0.0 0.0 0.0 -0.11999999731779099 0.0 -0.11999999731779099 0.0 -0.11999999731779099 0.0 -0.11999999731779099 0.0 -0.11999999731779099 0.0 -0.18000000715255737 0.0 0.0 0.0 -0.11999999731779099 0.0 -0.11999999731779099 0.0 0.0 -0.5400000214576721 0.0 -0.11999999731779099 0.0 -0.11999999731779099 0.0 -0.18000000715255737 0.0 0.0 0.0 -0.11999999731779099 0.0 -0.11999999731779099 0.0 -0.11999999731779099 0.0 -0.11999999731779099 0.0 -0.11999999731779099 0.0 0.0 0.0 -0.14000000059604645 0.0 0.0 -0.18000000715255737 0.0 0.0 -0.029999999329447746 -0.15000000596046448 0.0 -0.5099999904632568 0.0 0.0 0.0 -0.25 0.0 -0.20000000298023224 0.0 -0.27000001072883606 0.0 -0.14000000059604645 0.0 -0.18000000715255737 0.0 0.0 -0.09000000357627869 0.0 -0.27000001072883606 0.0 0.0 0.0 -0.27000001072883606 0.0 0.0 0.0 -0.18000000715255737 0.0 0.0 -0.18000000715255737 0.0 0.0 -0.09000000357627869 0.0 -0.27000001072883606 0.0 0.0 0.0 -0.27000001072883606 0.0 0.0 0.0 0.0 -0.27000001072883606 0.0 0.0 0.0 -0.09000000357627869 0.0 -0.27000001072883606 0.0 0.0 0.0 -0.27000001072883606 0.0 0.0 0.0 0.0
83 0.0 0.0 -0.27000001072883606 0.0 0.0 0.0 -0.09000000357627869 0.0 -0.27000001072883606 0.0 0.0 0.0 -0.27000001072883606 0.0 0.0 0.0 -0.18000000715255737 0.0 0.0 -0.09000000357627869 0.0 -0.27000001072883606 0.0 0.0 -0.27000001072883606 0.0 0.0 0.0 0.0 0.0 -0.2800000011920929 0.0 0.0 0.0 -0.7599999904632568 -0.7599999904632568 -0.18000000715255737 0.0 0.0 0.0 -0.11999999731779099 0.0 -0.11999999731779099 0.0 -0.11999999731779099 0.0 -0.11999999731779099 0.0 -0.11999999731779099 0.0 0.0 0.0 -0.6600000262260437 0.0 -0.27000001072883606 0.0 0.0 0.0 -0.09000000357627869 0.0 -0.27000001072883606 0.0 0.0 0.0 -0.27000001072883606 0.0 0.0 0.0 -0.18000000715255737 0.0 0.0 -0.2800000011920929 0.0 0.0 0.0 -0.7599999904632568 -0.7599999904632568 -0.18000000715255737 0.0 0.0 -0.18000000715255737 0.0 0.0 -0.27000001072883606 0.0 0.0 0.0 -0.6600000262260437 -0.18000000715255737 0.0 -0.2800000011920929 0.0 0.0 0.0 -0.7599999904632568 -0.7599999904632568 -0.23000000417232513 0.0 -0.18000000715255737 0.0 0.0 0.0 -0.11999999731779099 0.0 -0.11999999731779099 0.0 -0.18000000715255737 0.0 0.0 -0.18000000715255737 0.0 0.0 -0.18000000715255737 0.0 0.0 0.0 0.0 0.0 -0.30000001192092896 0.0 0.0 0.0 -0.09000000357627869 0.0 -0.27000001072883606 0.0 0.0 0.0 -0.18000000715255737 0.0 0.0 -0.27000001072883606 0.0 0.0 0.0 -0.18000000715255737 0.0 0.0 0.0 -0.550000011920929 -0.6200000047683716 0.0 0.0 -0.05000000074505806 0.0 0.0 0.0 0.0 0.0 -0.5099999904632568 0.0 -0.5099999904632568 0.0 0.0 0.0 0.0 0.0 0.0 -0.18000000715255737 0.0 0.0 -0.18000000715255737 0.0 0.0 -0.18000000715255737 0.0 0.0 -0.18000000715255737 0.0 -0.09000000357627869 0.0 -0.27000001072883606 0.0 0.0 0.0 -0.18000000715255737 0.0 0.0 -0.27000001072883606 0.0 0.0 0.0 -0.18000000715255737 0.0 0.0 -0.18000000715255737 0.0 0.0 -0.18000000715255737 0.0 0.0 0.0 0.0 0.0 -0.27000001072883606 0.0 0.0 0.0 -0.18000000715255737 0.0 0.0 0.0 -0.11999999731779099 0.0 -0.11999999731779099 0.0 -0.11999999731779099 0.0 -0.11999999731779099 0.0 -0.11999999731779099 0.0 -0.18000000715255737 0.0 0.0 0.0 -0.11999999731779099 0.0 -0.11999999731779099 0.0 0.0 -0.5400000214576721 0.0 -0.11999999731779099 0.0 -0.11999999731779099 0.0 0.0 0.0 -0.11999999731779099 0.0 -0.11999999731779099 0.0 -0.11999999731779099 0.0 -0.27000001072883606 0.0 0.0 0.0 -0.18000000715255737 0.0 0.0 -0.09000000357627869 -0.27000001072883606 0.0 0.0 0.0 -0.27000001072883606 0.0 0.0 0.0 -0.09000000357627869 0.0 -0.27000001072883606 0.0 0.0 0.0 -0.27000001072883606 0.0 0.0 0.0
84 0.0 0.0 -0.09000000357627869 0.0 -0.27000001072883606 0.0 0.0 0.0 -0.27000001072883606 0.0 0.0 0.0 -0.18000000715255737 0.0 0.0 0.0 -0.550000011920929 -0.6200000047683716 0.0 0.0 -0.18000000715255737 0.0 0.0 -0.09000000357627869 0.0 -0.27000001072883606 0.0 -0.27000001072883606 0.0 0.0 0.0 0.0 0.0 0.0 -0.6600000262260437 0.0 -0.2800000011920929 0.0 0.0 0.0 -0.7599999904632568 -0.7599999904632568 -0.18000000715255737 0.0 0.0 0.0 -0.11999999731779099 0.0 -0.11999999731779099 0.0 -0.11999999731779099 0.0 -0.11999999731779099 0.0 -0.11999999731779099 0.0 0.0 0.0 -0.6600000262260437 0.0 -0.27000001072883606 0.0 0.0 0.0 -0.09000000357627869 0.0 0.0 -0.27000001072883606 0.0 0.0 0.0 -0.18000000715255737 0.0 -0.2800000011920929 0.0 0.0 0.0 -0.7599999904632568 -0.7599999904632568 -0.18000000715255737 0.0 0.0 -0.18000000715255737 0.0 0.0 -0.18000000715255737 0.0 0.0 0.0 0.0 0.0 -0.30000001192092896 0.0 0.0 0.0 -0.09000000357627869 0.0 -0.27000001072883606 0.0 0.0 0.0 -0.18000000715255737 0.0 0.0 -0.27000001072883606 0.0 0.0 0.0 -0.18000000715255737 0.0 0.0 0.0 -0.550000011920929 -0.6200000047683716 0.0 0.0 -0.05000000074505806 0.0 0.0 0.0 0.0 0.0 -0.5099999904632568 0.0 -0.5099999904632568 0.0 0.0 0.0 0.0 0.0 0.0 -0.18000000715255737 0.0 0.0 -0.18000000715255737 0.0 0.0 -0.18000000715255737 0.0 0.0 -0.18000000715255737 0.0 0.0 0.0 -0.550000011920929 -0.6200000047683716 0.0 0.0 -0.09000000357627869 0.0 -0.27000001072883606 0.0 0.0 0.0 -0.18000000715255737 0.0 0.0 -0.27000001072883606 0.0 0.0 0.0 -0.18000000715255737 0.0 0.0 -0.18000000715255737 0.0 0.0 -0.18000000715255737 0.0 0.0 0.0 0.0 0.0 -0.27000001072883606 0.0 0.0 0.0 -0.18000000715255737 0.0 0.0 0.0 -0.11999999731779099 0.0 -0.11999999731779099 0.0 -0.11999999731779099 0.0 -0.11999999731779099 0.0 -0.11999999731779099 0.0 0.0 -0.11999999731779099 0.0 -0.5400000214576721 0.0 -0.11999999731779099 0.0 -0.11999999731779099 0.0 0.0 -0.09000000357627869 0.0 -0.27000001072883606 0.0 0.0 0.0 -0.27000001072883606 0.0 0.0 0.0 0.0 -0.550000011920929 -0.6200000047683716 0.0 0.0 -0.09000000357627869 -0.2199999988079071 0.0 0.0
85 -0.27000001072883606 0.0 0.0 0.0 0.0 0.0 0.0 0.0 0.0 0.0 -0.2800000011920929 0.0 0.0 0.0 -0.7599999904632568 -0.7599999904632568 -0.18000000715255737 0.0 0.0 0.0 -0.11999999731779099 0.0 -0.11999999731779099 0.0 -0.11999999731779099 0.0 -0.11999999731779099 0.0 -0.11999999731779099 0.0 0.0 0.0 -0.6600000262260437 0.0 -0.27000001072883606 0.0 0.0 0.0 0.0 0.0 0.0 0.0 -0.7599999904632568 -0.09000000357627869 0.0 -0.27000001072883606 0.0 0.0 0.0 -0.18000000715255737 0.0 0.0 0.0 -0.550000011920929 -0.6200000047683716 0.0 0.0 -0.05000000074505806 0.0 0.0 0.0 0.0 0.0 -0.5099999904632568 0.0 -0.5099999904632568 0.0 0.0 0.0 0.0 0.0 0.0 -0.18000000715255737 0.0 0.0 -0.18000000715255737 0.0 0.0 -0.18000000715255737 0.0 0.0 -0.18000000715255737 0.0 0.0 0.0 -0.550000011920929 -0.6200000047683716 0.0 0.0 -0.09000000357627869 0.0 -0.27000001072883606 0.0 0.0 0.0 -0.18000000715255737 0.0 0.0 -0.27000001072883606 0.0 0.0 0.0 -0.18000000715255737 0.0 0.0 -0.18000000715255737 0.0 -0.27000001072883606 0.0 0.0 0.0 -0.11999999731779099 0.0 -0.11999999731779099 0.0 -0.09000000357627869 -0.27000001072883606 0.0 0.0 0.0 -0.27000001072883606 0.0 0.0
86 -0.27000001072883606 0.0 0.0 0.0 -0.2800000011920929 0.0 0.0 0.0 -0.7599999904632568 -0.7599999904632568 -0.18000000715255737 0.0 0.0 0.0 -0.11999999731779099 0.0 -0.11999999731779099 0.0 -0.11999999731779099 0.0 -0.11999999731779099 0.0 -0.11999999731779099 0.0 0.0 -0.6600000262260437 0.0 -0.27000001072883606 0.0 0.0 0.0 -0.18000000715255737 0.0 0.0 0.0 -0.550000011920929 0.0 -0.05000000074505806 0.0 0.0 0.0 0.0 0.0 -0.5099999904632568 0.0 -0.5099999904632568 0.0 0.0 0.0 0.0 0.0 0.0 -0.18000000715255737 0.0 0.0 -0.18000000715255737 0.0 0.0 -0.18000000715255737 0.0 0.0 -0.18000000715255737 0.0 0.0 0.0 -0.550000011920929 -0.6200000047683716 0.0 0.0 -0.09000000357627869 0.0 -0.27000001072883606 0.0 0.0 0.0 -0.18000000715255737 0.0 0.0 -0.27000001072883606 0.0 0.0 0.0 -0.18000000715255737 0.0 0.0 -0.18000000715255737 0.0 0.0 -0.18000000715255737 0.0 0.0 -0.27000001072883606 0.0 0.0 0.0 -0.11999999731779099 0.0 -0.11999999731779099 0.0 -0.11999999731779099 0.0 -0.18000000715255737 0.0 0.0 0.0 -0.550000011920929 -0.6200000047683716 0.0 0.0
87 0.0 0.0 -0.800000011920929 0.0 0.0 0.0 0.0 0.0 -0.30000001192092896 0.0 0.0 0.0 -0.18000000715255737 0.0 0.0 -0.2800000011920929 0.0 0.0 0.0 -0.7599999904632568 -0.7599999904632568 -0.20000000298023224 0.0 -0.27000001072883606 0.0 -0.14000000059604645 0.0 0.0 -0.11999999731779099 0.0 -0.11999999731779099 0.0 -0.11999999731779099 0.0 -0.11999999731779099 0.0 -0.11999999731779099 0.0 -0.09000000357627869 0.0 -0.27000001072883606 0.0 0.0 0.0 -0.27000001072883606 0.0 0.0 0.0 -0.18000000715255737 0.0 0.0 0.0 -0.550000011920929 -0.6200000047683716 0.0 0.0 -0.18000000715255737 0.0 -0.09000000357627869 0.0 -0.27000001072883606 0.0 0.0 0.0 0.0 0.0 0.0 -0.6600000262260437 0.0 -0.2800000011920929 0.0 0.0 0.0 -0.7599999904632568 -0.7599999904632568 -0.18000000715255737 0.0 0.0 0.0 -0.11999999731779099 0.0 -0.11999999731779099 0.0 -0.11999999731779099 0.0 -0.11999999731779099 0.0 -0.11999999731779099 0.0 0.0 -0.6600000262260437 0.0 0.0 -0.18000000715255737 0.0 0.0 -0.18000000715255737 0.0 0.0 -0.09000000357627869 0.0 -0.27000001072883606 0.0 0.0 0.0 0.0 -0.18000000715255737 0.0 0.0 0.0 -0.550000011920929 -0.6200000047683716 0.0 0.0 -0.05000000074505806 0.0 0.0 0.0 0.0 0.0 -0.5099999904632568 0.0 -0.5099999904632568 0.0 0.0 0.0 0.0 0.0 0.0 -0.18000000715255737 0.0 0.0 -0.18000000715255737 0.0 0.0 -0.18000000715255737 0.0 0.0 -0.18000000715255737 0.0 0.0 0.0 -0.550000011920929 -0.6200000047683716 0.0 0.0 -0.09000000357627869 0.0 -0.27000001072883606 0.0 0.0 0.0 -0.18000000715255737 0.0 0.0 -0.27000001072883606 0.0 0.0 0.0 -0.18000000715255737 0.0 0.0 -0.18000000715255737 0.0 0.0 -0.18000000715255737 0.0 0.0 0.0 0.0 0.0 -0.30000001192092896 0.0 0.0 0.0 -0.27000001072883606 0.0 0.0 0.0 -0.18000000715255737 0.0 0.0 0.0 -0.11999999731779099 0.0 -0.11999999731779099 0.0 -0.11999999731779099 0.0 -0.11999999731779099 0.0 -0.11999999731779099 0.0 0.0 -0.5400000214576721 0.0 -0.11999999731779099 0.0 -0.11999999731779099 0.0 0.0 0.0 0.0 -0.5099999904632568 0.0 0.0 0.0 -0.550000011920929 -0.6200000047683716 0.0
88 -0.18000000715255737 0.0 0.0 -0.18000000715255737 0.0 0.0 0.0 0.0 -0.30000001192092896 0.0 0.0 0.0 -0.18000000715255737 0.0 0.0 -0.18000000715255737 0.0 0.0 -0.18000000715255737 0.0 0.0 0.0 0.0 0.0 -0.30000001192092896 0.0 0.0 0.0 -0.18000000715255737 0.0 0.0 -0.18000000715255737 0.0 0.0 0.0 -0.18000000715255737 0.0 0.0 -0.2800000011920929 0.0 0.0 0.0 -0.7599999904632568 -0.7599999904632568 -0.18000000715255737 0.0 0.0 -0.18000000715255737 0.0 0.0 -0.18000000715255737 0.0 0.0 0.0 0.0 0.0 -0.30000001192092896 0.0 0.0 0.0 0.0 0.0 0.0 0.0 0.0 0.0 -0.20000000298023224 0.0 -0.27000001072883606 0.0 -0.14000000059604645 0.0 -0.09000000357627869 0.0 -0.27000001072883606 0.0 0.0 0.0 -0.27000001072883606 0.0 0.0 0.0 0.0 0.0 0.0 -0.18000000715255737 0.0 0.0 0.0 -0.11999999731779099 0.0 -0.11999999731779099 0.0 -0.11999999731779099 0.0 -0.11999999731779099 0.0 -0.11999999731779099 0.0 -0.6600000262260437 -0.18000000715255737 0.0 0.0 -0.18000000715255737 0.0 -0.18000000715255737 0.0 0.0 0.0 0.0 0.0 -0.09000000357627869 0.0 -0.27000001072883606 0.0 0.0 0.0 -0.18000000715255737 0.0 0.0 -0.27000001072883606 0.0 0.0 0.0 -0.18000000715255737 0.0 0.0 0.0 -0.550000011920929 -0.6200000047683716 0.0 0.0 -0.05000000074505806 0.0 0.0 0.0 0.0 0.0 -0.5099999904632568 0.0 -0.5099999904632568 0.0 0.0 0.0 0.0 0.0 0.0 -0.18000000715255737 0.0 0.0 -0.18000000715255737 0.0 -0.18000000715255737 0.0 0.0 -0.18000000715255737 0.0 0.0 0.0 -0.550000011920929 -0.09000000357627869 0.0 -0.27000001072883606 0.0 0.0 0.0 -0.18000000715255737 0.0 0.0 -0.27000001072883606 0.0 0.0 0.0 -0.18000000715255737 0.0 0.0 -0.18000000715255737 0.0 0.0 -0.18000000715255737 0.0 0.0 0.0 0.0 0.0 -0.30000001192092896 0.0 0.0 0.0 -0.27000001072883606 0.0 0.0 0.0 -0.18000000715255737 0.0 0.0 0.0 -0.11999999731779099 0.0 -0.11999999731779099 0.0 -0.11999999731779099 0.0 -0.11999999731779099 0.0 -0.11999999731779099 0.0 -0.18000000715255737 0.0 0.0 0.0 -0.11999999731779099 0.0 -0.11999999731779099 0.0 0.0 -0.5400000214576721 0.0 -0.11999999731779099 0.0 -0.11999999731779099 0.0 -0.11999999731779099 0.0 -0.11999999731779099 0.0 -0.11999999731779099 0.0
89 -0.18000000715255737 0.0 0.0 -0.18000000715255737 0.0 0.0 -0.18000000715255737 0.0 0.0 0.0 0.0 0.0 -0.30000001192092896 0.0 0.0 0.0 -0.18000000715255737 0.0 0.0 -0.18000000715255737 0.0 0.0 -0.18000000715255737 0.0 0.0 0.0 0.0 0.0 -0.30000001192092896 0.0 0.0 0.0 -0.18000000715255737 0.0 0.0 -0.2800000011920929 0.0 0.0 0.0 -0.7599999904632568 -0.7599999904632568 0.0 -0.20000000298023224 0.0 -0.27000001072883606 0.0 -0.14000000059604645 0.0 0.0 0.0 -0.20000000298023224 0.0 -0.27000001072883606 0.0 -0.14000000059604645 0.0 -0.09000000357627869 0.0 -0.27000001072883606 0.0 0.0 0.0 -0.27000001072883606 0.0 0.0 0.0 -0.27000001072883606 0.0 0.0 0.0 -0.18000000715255737 0.0 0.0 0.0 -0.11999999731779099 0.0 -0.11999999731779099 0.0 -0.11999999731779099 0.0 -0.11999999731779099 0.0 -0.11999999731779099 0.0 0.0 0.0 -0.6600000262260437 0.0 -0.27000001072883606 0.0 0.0 -0.09000000357627869 -0.27000001072883606 0.0 0.0 -0.27000001072883606 0.0 0.0 -0.18000000715255737 0.0 0.0 -0.2800000011920929 0.0 0.0 0.0 -0.7599999904632568 -0.7599999904632568 -0.27000001072883606 0.0 0.0 0.0 -0.18000000715255737 0.0 0.0 -0.2800000011920929 0.0 0.0 0.0 -0.7599999904632568 -0.7599999904632568 -0.23000000417232513 0.0 0.0 -0.18000000715255737 0.0 0.0 -0.11999999731779099 0.0 -0.11999999731779099 0.0 -0.18000000715255737 0.0 0.0 -0.18000000715255737 0.0 0.0 -0.18000000715255737 0.0 0.0 0.0 0.0 0.0 -0.30000001192092896 0.0 0.0 0.0 -0.09000000357627869 0.0 -0.27000001072883606 0.0 0.0 0.0 -0.18000000715255737 0.0 0.0 -0.27000001072883606 0.0 0.0 0.0 -0.18000000715255737 0.0 0.0 0.0 -0.550000011920929 -0.6200000047683716 0.0 0.0 -0.05000000074505806 0.0 0.0 0.0 0.0 0.0 -0.5099999904632568 -0.5099999904632568 0.0 0.0 0.0 0.0 0.0 0.0 -0.18000000715255737 0.0 -0.18000000715255737 0.0 -0.18000000715255737 0.0 0.0 -0.09000000357627869 0.0 -0.27000001072883606 0.0 0.0 0.0 -0.18000000715255737 0.0 0.0 -0.27000001072883606 0.0 0.0 0.0 -0.18000000715255737 0.0 0.0 -0.18000000715255737 0.0 0.0 -0.18000000715255737 0.0 0.0 0.0 0.0 0.0 -0.30000001192092896 0.0 0.0 0.0 -0.27000001072883606 0.0 0.0 0.0 -0.18000000715255737 0.0 0.0 0.0 -0.11999999731779099 0.0 -0.11999999731779099 0.0 -0.11999999731779099 0.0 -0.11999999731779099 0.0 -0.11999999731779099 0.0 -0.18000000715255737 0.0 0.0 0.0 -0.11999999731779099 0.0 -0.11999999731779099 0.0 0.0 -0.5400000214576721 0.0 -0.11999999731779099 0.0 -0.11999999731779099 0.0 -0.18000000715255737 0.0 0.0 -0.11999999731779099 -0.11999999731779099 0.0 -0.11999999731779099 0.0 -0.11999999731779099 0.0 -0.11999999731779099 0.0
9 -0.09000000357627869 0.0 -0.27000001072883606 0.0 0.0 0.0 -0.18000000715255737 0.0 0.0 -0.27000001072883606 0.0 0.0 0.0 0.0 0.0 0.0 -0.6600000262260437 0.0 -0.10999999940395355 0.0 0.0 -0.23000000417232513 0.0 -0.18000000715255737 0.0 0.0 -0.18000000715255737 0.0 0.0 -0.18000000715255737 0.0 0.0 0.0 0.0 0.0 -0.30000001192092896 0.0 0.0 0.0 -0.2800000011920929 0.0 0.0 0.0 -0.7599999904632568 -0.7599999904632568 -0.18000000715255737 0.0 0.0 -0.09000000357627869 0.0 -0.27000001072883606 0.0 0.0 0.0 -0.27000001072883606 0.0 0.0 0.0 0.0 -0.05000000074505806 0.0 0.0 0.0 0.0 -0.27000001072883606 0.0 0.0 0.0 -0.18000000715255737 0.0 0.0 -0.18000000715255737 0.0 -0.550000011920929 -0.6200000047683716 0.0 0.0 -0.18000000715255737 0.0 -0.029999999329447746 -0.15000000596046448 0.0 -0.5099999904632568 0.0 0.0 0.0 -0.27000001072883606 0.0 -0.09000000357627869 0.0 -0.27000001072883606 0.0 0.0 0.0 -0.27000001072883606 0.0 0.0 0.0 0.0 -0.18000000715255737 0.0 -0.18000000715255737 0.0 0.0 0.0 0.0 0.0 -0.30000001192092896 0.0 0.0 0.0 -0.18000000715255737 0.0 0.0 0.0 -0.11999999731779099 0.0 -0.11999999731779099 0.0 -0.18000000715255737 0.0 0.0 0.0 -0.11999999731779099 0.0 -0.11999999731779099 0.0 0.0 -0.5400000214576721 0.0 -0.11999999731779099 0.0 -0.11999999731779099 0.0 -0.18000000715255737 0.0 0.0 -0.550000011920929 -0.6200000047683716 0.0 -0.18000000715255737 0.0 0.0 -0.18000000715255737 0.0 0.0 0.0 -0.550000011920929 -0.6200000047683716 0.0 0.0 -0.18000000715255737 0.0 0.0 -0.14000000059604645 0.0 0.0 -0.09000000357627869 -0.2199999988079071 0.0 0.0 0.0 -0.27000001072883606 0.0 0.0 0.0 -0.18000000715255737 0.0 0.0 -0.2800000011920929 0.0 0.0 0.0 -0.7599999904632568 -0.7599999904632568 -0.18000000715255737 0.0 0.0 0.0 -0.27000001072883606 0.0 0.0
90 0.0 -0.699999988079071 0.0 0.0 -0.800000011920929 0.0 -0.800000011920929 0.0 0.0 -0.18000000715255737 0.0 0.0 -0.09000000357627869 -0.27000001072883606 0.0 0.0 0.0 0.0 -0.18000000715255737 0.0 0.0 -0.18000000715255737 0.0 0.0 -0.18000000715255737 0.0 0.0 0.0 0.0 0.0 -0.30000001192092896 0.0 0.0 0.0 -0.18000000715255737 0.0 0.0 -0.18000000715255737 0.0 0.0 -0.18000000715255737 0.0 0.0 0.0 0.0 0.0 -0.30000001192092896 0.0 0.0 0.0 -0.18000000715255737 0.0 0.0 -0.18000000715255737 0.0 0.0 -0.18000000715255737 0.0 0.0 -0.2800000011920929 0.0 0.0 0.0 -0.7599999904632568 -0.7599999904632568 0.0 0.0 0.0 -0.25 0.0 -0.20000000298023224 0.0 -0.27000001072883606 0.0 -0.14000000059604645 0.0 0.0 0.0 -0.11999999731779099 0.0 -0.11999999731779099 0.0 -0.11999999731779099 0.0 -0.09000000357627869 -0.27000001072883606 0.0 0.0 0.0 -0.27000001072883606 0.0 0.0 0.0 -0.18000000715255737 0.0 0.0 -0.09000000357627869 0.0 -0.27000001072883606 0.0 0.0 0.0 -0.27000001072883606 0.0 0.0 0.0 -0.18000000715255737 0.0 0.0 -0.029999999329447746 -0.15000000596046448 0.0 -0.5099999904632568 0.0 0.0 0.0 -0.25 0.0 -0.20000000298023224 0.0 -0.27000001072883606 0.0 -0.14000000059604645 0.0 0.0 0.0 -0.18000000715255737 0.0 0.0 0.0 -0.11999999731779099 0.0 -0.11999999731779099 0.0 -0.11999999731779099 0.0 -0.11999999731779099 0.0 -0.11999999731779099 0.0 -0.09000000357627869 0.0 -0.27000001072883606 0.0 0.0 0.0 -0.27000001072883606 0.0 0.0 0.0 -0.18000000715255737 0.0 0.0 0.0 -0.18000000715255737 0.0 0.0 -0.09000000357627869 0.0 -0.27000001072883606 0.0 0.0 0.0 -0.27000001072883606 0.0 0.0 0.0 0.0 -0.18000000715255737 0.0 0.0 0.0 -0.11999999731779099 0.0 -0.11999999731779099 0.0 -0.11999999731779099 0.0 -0.11999999731779099 0.0 -0.11999999731779099 0.0 0.0 0.0 -0.6600000262260437 0.0 -0.09000000357627869 0.0 -0.27000001072883606 0.0 0.0 0.0 -0.27000001072883606 0.0 0.0 0.0 -0.18000000715255737 0.0 0.0 -0.2800000011920929 0.0 0.0 -0.7599999904632568 -0.27000001072883606 0.0 0.0 0.0 -0.2800000011920929 0.0 0.0 0.0 -0.7599999904632568 -0.7599999904632568 -0.10999999940395355 0.0 0.0 -0.23000000417232513 0.0 -0.27000001072883606 0.0 0.0 0.0 -0.18000000715255737 0.0 0.0 0.0 -0.11999999731779099 0.0 -0.11999999731779099 0.0 -0.11999999731779099 0.0 -0.11999999731779099 0.0 -0.11999999731779099 0.0 -0.18000000715255737 0.0 0.0 -0.18000000715255737 0.0 0.0 -0.18000000715255737 0.0 0.0 0.0 0.0 0.0 -0.30000001192092896 0.0 0.0 0.0 -0.09000000357627869 0.0 -0.27000001072883606 0.0 0.0 0.0 -0.18000000715255737 0.0 0.0 -0.27000001072883606 0.0 0.0 0.0 -0.18000000715255737 0.0 0.0 0.0 -0.550000011920929 -0.6200000047683716 0.0 0.0 -0.05000000074505806 0.0 0.0 0.0 0.0 0.0 -0.5099999904632568 0.0 -0.5099999904632568 0.0 0.0 0.0 0.0 0.0 0.0 -0.18000000715255737 0.0 -0.09000000357627869 0.0 -0.27000001072883606 0.0 0.0 0.0 -0.18000000715255737 0.0 0.0 -0.27000001072883606 0.0 0.0 0.0 -0.18000000715255737 0.0 0.0 -0.18000000715255737 0.0 0.0 -0.18000000715255737 0.0 0.0 0.0 0.0 0.0 -0.30000001192092896 0.0 0.0 0.0 -0.27000001072883606 0.0 0.0 0.0 -0.18000000715255737 0.0 0.0 0.0 -0.11999999731779099 0.0 -0.11999999731779099 0.0 -0.11999999731779099 0.0 -0.11999999731779099 0.0 -0.11999999731779099 0.0 -0.18000000715255737 0.0 0.0 0.0 -0.11999999731779099 0.0 -0.11999999731779099 0.0 0.0 -0.5400000214576721 0.0 -0.11999999731779099 0.0 -0.11999999731779099 0.0 -0.18000000715255737 0.0 0.0 0.0 -0.11999999731779099 0.0 -0.11999999731779099 0.0 -0.11999999731779099 0.0 -0.11999999731779099 0.0 -0.11999999731779099 0.0 -0.27000001072883606 0.0 0.0 -0.27000001072883606 0.0 0.0 0.0 -0.18000000715255737 0.0 -0.09000000357627869 -0.27000001072883606 0.0 0.0 0.0 -0.27000001072883606 0.0 0.0 0.0 -0.27000001072883606 0.0 0.0 0.0
91 -0.18000000715255737 0.0 0.0 -0.09000000357627869 0.0 -0.27000001072883606 0.0 0.0 0.0 -0.27000001072883606 0.0 0.0 0.0 -0.18000000715255737 0.0 0.0 0.0 -0.11999999731779099 0.0 -0.11999999731779099 0.0 -0.18000000715255737 0.0 0.0 -0.18000000715255737 0.0 0.0 -0.18000000715255737 0.0 0.0 0.0 0.0 0.0 -0.30000001192092896 0.0 0.0 0.0 -0.18000000715255737 0.0 0.0 -0.18000000715255737 0.0 0.0 -0.18000000715255737 0.0 0.0 0.0 0.0 0.0 -0.30000001192092896 0.0 0.0 0.0 -0.18000000715255737 0.0 0.0 -0.18000000715255737 0.0 0.0 -0.18000000715255737 0.0 0.0 -0.2800000011920929 0.0 0.0 0.0 -0.7599999904632568 -0.7599999904632568 0.0 -0.18000000715255737 0.0 0.0 -0.18000000715255737 0.0 -0.18000000715255737 0.0 0.0 -0.18000000715255737 0.0 0.0 -0.029999999329447746 -0.15000000596046448 0.0 -0.5099999904632568 0.0 0.0 0.0 -0.25 0.0 -0.20000000298023224 0.0 -0.27000001072883606 0.0 -0.14000000059604645 0.0 -0.18000000715255737 0.0 0.0 0.0 -0.18000000715255737 0.0 0.0 0.0 -0.11999999731779099 -0.11999999731779099 0.0 -0.11999999731779099 0.0 -0.11999999731779099 0.0 -0.09000000357627869 0.0 -0.27000001072883606 0.0 0.0 -0.27000001072883606 0.0 0.0 0.0 -0.09000000357627869 0.0 0.0 -0.27000001072883606 0.0 0.0 0.0 -0.18000000715255737 0.0 0.0 -0.029999999329447746 -0.15000000596046448 0.0 -0.5099999904632568 0.0 0.0 0.0 -0.25 0.0 -0.20000000298023224 0.0 -0.27000001072883606 0.0 -0.14000000059604645 0.0 -0.09000000357627869 0.0 -0.27000001072883606 0.0 0.0 0.0 -0.27000001072883606 0.0 0.0 -0.11999999731779099 0.0 -0.11999999731779099 0.0 -0.09000000357627869 -0.27000001072883606 0.0 0.0 0.0 -0.27000001072883606 0.0 0.0 -0.18000000715255737 0.0 0.0 -0.2800000011920929 0.0 0.0 -0.7599999904632568 -0.18000000715255737 0.0 0.0 -0.18000000715255737 0.0 -0.27000001072883606 0.0 0.0 0.0 0.0 0.0 0.0 -0.6600000262260437 0.0 -0.18000000715255737 0.0 0.0 -0.2800000011920929 0.0 0.0 0.0 -0.7599999904632568 -0.7599999904632568 -0.10999999940395355 0.0 0.0 -0.23000000417232513 0.0 -0.18000000715255737 0.0 0.0 -0.18000000715255737 0.0 0.0 -0.18000000715255737 0.0 0.0 -0.18000000715255737 0.0 0.0 0.0 0.0 0.0 -0.27000001072883606 0.0 0.0 0.0 -0.18000000715255737 0.0 0.0 0.0 -0.11999999731779099 0.0 -0.11999999731779099 0.0 -0.11999999731779099 0.0 -0.11999999731779099 0.0 -0.11999999731779099 0.0 -0.18000000715255737 0.0 0.0 -0.18000000715255737 0.0 0.0 -0.18000000715255737 0.0 0.0 0.0 0.0 0.0 -0.30000001192092896 0.0 0.0 0.0 -0.09000000357627869 0.0 -0.27000001072883606 0.0 0.0 0.0 -0.18000000715255737 0.0 0.0 -0.27000001072883606 0.0 0.0 0.0 -0.18000000715255737 0.0 0.0 0.0 -0.550000011920929 -0.6200000047683716 0.0 0.0 -0.27000001072883606 0.0 -0.18000000715255737 0.0 0.0 -0.18000000715255737 0.0 0.0 -0.18000000715255737 0.0 0.0 0.0 0.0 0.0 -0.30000001192092896 0.0 0.0 0.0 -0.27000001072883606 0.0 0.0 0.0 -0.18000000715255737 0.0 0.0 0.0 -0.11999999731779099 0.0 -0.11999999731779099 0.0 -0.11999999731779099 0.0 -0.11999999731779099 0.0 -0.11999999731779099 0.0 -0.18000000715255737 0.0 0.0 0.0 -0.11999999731779099 0.0 -0.11999999731779099 0.0 0.0 -0.5400000214576721 0.0 -0.11999999731779099 0.0 -0.11999999731779099 0.0 -0.18000000715255737 0.0 0.0 0.0 -0.11999999731779099 0.0 -0.11999999731779099 0.0 -0.11999999731779099 0.0 -0.11999999731779099 0.0 -0.11999999731779099 0.0 -0.27000001072883606 0.0 0.0 0.0 -0.27000001072883606 0.0 -0.14000000059604645 0.0 -0.09000000357627869 0.0 0.0 -0.27000001072883606 0.0 0.0 0.0 -0.27000001072883606 0.0 0.0 0.0 0.0
92 0.0 0.0 -0.18000000715255737 0.0 0.0 -0.029999999329447746 -0.25 0.0 0.0 -0.18000000715255737 0.0 0.0 -0.09000000357627869 0.0 -0.27000001072883606 0.0 0.0 0.0 -0.27000001072883606 0.0 0.0 0.0 -0.18000000715255737 0.0 0.0 0.0 -0.11999999731779099 0.0 -0.11999999731779099 0.0 0.0 -0.11999999731779099 0.0 -0.11999999731779099 0.0 -0.18000000715255737 0.0 0.0 -0.18000000715255737 0.0 0.0 -0.18000000715255737 0.0 0.0 0.0 0.0 0.0 -0.30000001192092896 0.0 0.0 0.0 -0.18000000715255737 0.0 0.0 -0.18000000715255737 0.0 0.0 -0.18000000715255737 0.0 0.0 0.0 0.0 0.0 -0.30000001192092896 0.0 0.0 0.0 0.0 0.0 -0.2800000011920929 0.0 0.0 0.0 -0.7599999904632568 0.0 -0.18000000715255737 0.0 0.0 -0.029999999329447746 -0.15000000596046448 0.0 -0.5099999904632568 0.0 0.0 0.0 -0.25 0.0 -0.20000000298023224 0.0 -0.27000001072883606 0.0 -0.14000000059604645 0.0 -0.18000000715255737 0.0 0.0 -0.18000000715255737 0.0 -0.18000000715255737 0.0 0.0 -0.18000000715255737 0.0 0.0 -0.18000000715255737 0.0 0.0 -0.18000000715255737 0.0 0.0 -0.18000000715255737 0.0 0.0 0.0 -0.11999999731779099 0.0 -0.11999999731779099 0.0 -0.11999999731779099 0.0 -0.11999999731779099 0.0 -0.11999999731779099 0.0 -0.18000000715255737 0.0 0.0 -0.029999999329447746 -0.09000000357627869 0.0 -0.27000001072883606 0.0 0.0 0.0 -0.27000001072883606 0.0 0.0 0.0 -0.09000000357627869 0.0 0.0 -0.18000000715255737 0.0 -0.27000001072883606 0.0 0.0 0.0 -0.18000000715255737 0.0 0.0 -0.09000000357627869 0.0 -0.27000001072883606 0.0 0.0 0.0 -0.27000001072883606 0.0 0.0 0.0 -0.18000000715255737 0.0 0.0 0.0 -0.11999999731779099 0.0 -0.11999999731779099 0.0 -0.18000000715255737 0.0 0.0 -0.029999999329447746 -0.15000000596046448 0.0 -0.5099999904632568 0.0 0.0 0.0 -0.25 0.0 -0.20000000298023224 0.0 -0.27000001072883606 0.0 -0.14000000059604645 0.0 -0.18000000715255737 0.0 0.0 -0.11999999731779099 0.0 -0.11999999731779099 0.0 0.0 -0.2800000011920929 0.0 0.0 0.0 -0.7599999904632568 0.0 -0.18000000715255737 0.0 0.0 0.0 -0.11999999731779099 0.0 -0.09000000357627869 0.0 -0.27000001072883606 0.0 0.0 0.0 -0.27000001072883606 0.0 0.0 0.0 -0.18000000715255737 0.0 0.0 -0.09000000357627869 0.0 -0.27000001072883606 0.0 0.0 0.0 -0.27000001072883606 0.0 0.0 0.0 -0.18000000715255737 0.0 0.0 0.0 -0.11999999731779099 0.0 -0.11999999731779099 0.0 -0.11999999731779099 0.0 -0.11999999731779099 0.0 -0.11999999731779099 0.0 -0.09000000357627869 0.0 -0.27000001072883606 0.0 0.0 0.0 -0.27000001072883606 0.0 0.0 0.0 -0.18000000715255737 0.0 0.0 -0.18000000715255737 0.0 0.0 -0.18000000715255737 0.0 0.0 0.0 -0.27000001072883606 0.0 0.0 0.0 -0.2800000011920929 0.0 0.0 0.0 -0.7599999904632568 -0.7599999904632568 -0.10999999940395355 0.0 0.0 -0.23000000417232513 0.0 -0.18000000715255737 0.0 0.0 -0.18000000715255737 0.0 0.0 -0.18000000715255737 0.0 0.0 0.0 0.0 0.0 -0.30000001192092896 0.0 0.0 0.0 -0.18000000715255737 0.0 0.0 -0.18000000715255737 0.0 0.0 0.0 -0.550000011920929 -0.6200000047683716 0.0 -0.27000001072883606 0.0 0.0 0.0 -0.18000000715255737 0.0 0.0 0.0 -0.11999999731779099 0.0 -0.11999999731779099 0.0 -0.11999999731779099 0.0 -0.11999999731779099 0.0 -0.11999999731779099 0.0 -0.18000000715255737 0.0 0.0 -0.18000000715255737 0.0 0.0 -0.18000000715255737 0.0 0.0 0.0 0.0 0.0 -0.30000001192092896 0.0 0.0 -0.09000000357627869 0.0 -0.27000001072883606 0.0 0.0 0.0 -0.18000000715255737 0.0 0.0 -0.27000001072883606 0.0 0.0 0.0 -0.18000000715255737 0.0 -0.550000011920929 -0.6200000047683716 0.0 0.0 0.0 0.0 0.0 0.0 -0.27000001072883606 0.0 0.0 0.0 -0.18000000715255737 0.0 0.0 0.0 -0.11999999731779099 0.0 -0.11999999731779099 0.0 -0.11999999731779099 0.0 -0.11999999731779099 0.0 -0.11999999731779099 0.0 -0.18000000715255737 0.0 0.0 0.0 -0.11999999731779099 0.0 -0.11999999731779099 0.0 0.0 -0.5400000214576721 0.0 -0.11999999731779099 0.0 -0.11999999731779099 0.0 -0.18000000715255737 0.0 0.0 0.0 -0.11999999731779099 0.0 -0.11999999731779099 0.0 -0.11999999731779099 0.0 -0.11999999731779099 0.0 -0.11999999731779099 0.0 -0.27000001072883606 0.0 0.0 0.0 -0.27000001072883606 0.0 0.0 0.0 -0.2800000011920929 0.0 0.0 -0.18000000715255737 0.0 0.0 -0.7599999904632568 -0.18000000715255737 0.0 0.0 -0.14000000059604645 0.0 0.0 -0.09000000357627869 -0.2199999988079071 0.0 0.0 0.0 -0.18000000715255737 0.0 0.0 -0.029999999329447746 -0.15000000596046448 0.0 -0.5099999904632568 0.0 0.0 0.0 -0.25 0.0 -0.20000000298023224 0.0 -0.27000001072883606 0.0 -0.14000000059604645 0.0 -0.18000000715255737 0.0 0.0 -0.09000000357627869 0.0 -0.27000001072883606 0.0 0.0 0.0 -0.27000001072883606 0.0 0.0 0.0 -0.18000000715255737 0.0 0.0 -0.09000000357627869 0.0 -0.27000001072883606 0.0 0.0 0.0 -0.27000001072883606 0.0 0.0 0.0 0.0 0.0
93 0.0 -0.18000000715255737 0.0 0.0 -0.029999999329447746 -0.15000000596046448 0.0 0.0 -0.25 0.0 -0.18000000715255737 0.0 0.0 -0.09000000357627869 0.0 -0.27000001072883606 0.0 0.0 0.0 -0.27000001072883606 0.0 0.0 0.0 -0.18000000715255737 0.0 0.0 0.0 -0.11999999731779099 0.0 -0.11999999731779099 0.0 0.0 -0.5400000214576721 0.0 -0.11999999731779099 0.0 -0.11999999731779099 0.0 -0.18000000715255737 0.0 0.0 -0.18000000715255737 0.0 0.0 -0.18000000715255737 0.0 0.0 0.0 0.0 0.0 -0.18000000715255737 0.0 0.0 -0.18000000715255737 0.0 0.0 -0.18000000715255737 0.0 0.0 0.0 0.0 0.0 -0.30000001192092896 0.0 0.0 0.0 -0.18000000715255737 0.0 0.0 -0.18000000715255737 0.0 0.0 -0.029999999329447746 -0.15000000596046448 0.0 -0.5099999904632568 0.0 0.0 0.0 -0.25 0.0 -0.20000000298023224 0.0 -0.27000001072883606 0.0 -0.14000000059604645 0.0 -0.18000000715255737 0.0 0.0 -0.18000000715255737 0.0 0.0 -0.18000000715255737 0.0 0.0 -0.18000000715255737 0.0 0.0 0.0 0.0 0.0 -0.30000001192092896 0.0 0.0 0.0 -0.18000000715255737 0.0 0.0 0.0 -0.11999999731779099 0.0 -0.11999999731779099 0.0 -0.09000000357627869 0.0 -0.27000001072883606 0.0 0.0 0.0 -0.27000001072883606 0.0 0.0 0.0 0.0 -0.27000001072883606 0.0 0.0 0.0 -0.18000000715255737 0.0 0.0 0.0 -0.18000000715255737 0.0 -0.18000000715255737 0.0 0.0 0.0 0.0 -0.27000001072883606 0.0 0.0 0.0 0.0 -0.10999999940395355 0.0 0.0 -0.23000000417232513 0.0 -0.18000000715255737 0.0 0.0 -0.18000000715255737 0.0 0.0 -0.18000000715255737 0.0 0.0 -0.18000000715255737 0.0 0.0 0.0 0.0 0.0 -0.30000001192092896 0.0 0.0 0.0 -0.18000000715255737 0.0 0.0 -0.18000000715255737 0.0 0.0 -0.18000000715255737 0.0 0.0 0.0 0.0 -0.18000000715255737 0.0 0.0 0.0 -0.550000011920929 -0.6200000047683716 0.0 0.0 -0.27000001072883606 0.0 0.0 0.0 -0.18000000715255737 0.0 0.0 0.0 -0.11999999731779099 0.0 -0.11999999731779099 0.0 -0.11999999731779099 0.0 -0.11999999731779099 0.0 -0.11999999731779099 0.0 -0.18000000715255737 0.0 0.0 -0.18000000715255737 0.0 0.0 0.0 -0.18000000715255737 0.0 0.0 -0.27000001072883606 0.0 0.0 -0.18000000715255737 0.0 0.0 -0.18000000715255737 0.0 0.0 0.0 -0.11999999731779099 0.0 -0.11999999731779099 0.0 0.0 -0.11999999731779099 0.0 -0.11999999731779099 -0.18000000715255737 0.0 0.0 0.0 -0.11999999731779099 0.0 -0.11999999731779099 0.0 -0.11999999731779099 0.0 -0.11999999731779099 0.0 -0.11999999731779099 0.0 -0.27000001072883606 0.0 0.0 0.0 -0.27000001072883606 0.0 0.0 0.0 -0.18000000715255737 0.0 0.0 -0.2800000011920929 0.0 0.0 0.0 -0.7599999904632568 -0.7599999904632568 -0.18000000715255737 0.0 0.0 0.0 -0.550000011920929 -0.6200000047683716 0.0 0.0 -0.18000000715255737 0.0 -0.27000001072883606 0.0 0.0 -0.18000000715255737 0.0 0.0 -0.2800000011920929 0.0 0.0 0.0 -0.7599999904632568 -0.7599999904632568 -0.18000000715255737 0.0 0.0 -0.14000000059604645 0.0 0.0 -0.09000000357627869 -0.2199999988079071 0.0 0.0 0.0 -0.18000000715255737 0.0 0.0 -0.029999999329447746 -0.15000000596046448 0.0 -0.5099999904632568 0.0 0.0 0.0 -0.25 0.0 -0.20000000298023224 -0.27000001072883606 0.0 -0.14000000059604645 -0.18000000715255737 0.0 -0.09000000357627869 0.0 -0.27000001072883606 0.0 0.0 0.0 -0.27000001072883606 0.0 0.0 0.0 -0.27000001072883606 0.0 0.0 0.0
94 -0.23000000417232513 0.0 0.0 -0.18000000715255737 0.0 0.0 -0.029999999329447746 -0.15000000596046448 0.0 0.0 -0.25 0.0 -0.18000000715255737 0.0 0.0 -0.09000000357627869 0.0 -0.27000001072883606 0.0 0.0 0.0 -0.27000001072883606 0.0 0.0 0.0 -0.18000000715255737 0.0 0.0 0.0 -0.11999999731779099 0.0 -0.11999999731779099 0.0 0.0 -0.5400000214576721 0.0 -0.11999999731779099 0.0 -0.11999999731779099 0.0 -0.18000000715255737 0.0 0.0 0.0 -0.18000000715255737 0.0 0.0 -0.029999999329447746 -0.15000000596046448 -0.5099999904632568 0.0 0.0 -0.25 0.0 -0.20000000298023224 0.0 -0.27000001072883606 0.0 -0.14000000059604645 0.0 -0.18000000715255737 0.0 0.0 -0.18000000715255737 0.0 0.0 -0.18000000715255737 0.0 0.0 0.0 0.0 0.0 -0.30000001192092896 0.0 0.0 0.0 -0.18000000715255737 0.0 0.0 0.0 0.0 -0.09000000357627869 0.0 -0.27000001072883606 0.0 0.0 -0.27000001072883606 0.0 0.0 0.0 0.0 0.0 0.0 0.0 -0.18000000715255737 0.0 -0.18000000715255737 0.0 0.0 0.0 -0.699999988079071 0.0 0.0 -0.27000001072883606 0.0 0.0 0.0 -0.10999999940395355 0.0 0.0 -0.23000000417232513 0.0 -0.18000000715255737 0.0 0.0 -0.18000000715255737 0.0 0.0 -0.18000000715255737 0.0 0.0 0.0 0.0 0.0 -0.30000001192092896 0.0 0.0 0.0 -0.18000000715255737 0.0 0.0 -0.18000000715255737 0.0 0.0 -0.18000000715255737 0.0 0.0 0.0 -0.18000000715255737 0.0 0.0 0.0 -0.550000011920929 -0.6200000047683716 0.0 0.0 -0.27000001072883606 0.0 0.0 0.0 -0.18000000715255737 0.0 0.0 0.0 -0.11999999731779099 0.0 -0.11999999731779099 0.0 -0.11999999731779099 0.0 -0.11999999731779099 0.0 -0.11999999731779099 0.0 0.0 -0.18000000715255737 0.0 0.0 -0.18000000715255737 0.0 0.0 0.0 -0.11999999731779099 0.0 -0.11999999731779099 0.0 -0.11999999731779099 -0.11999999731779099 0.0 -0.11999999731779099 -0.27000001072883606 0.0 0.0 0.0 -0.27000001072883606 0.0 0.0 0.0 -0.18000000715255737 0.0 0.0 -0.2800000011920929 0.0 0.0 0.0 -0.7599999904632568 -0.7599999904632568 -0.18000000715255737 0.0 0.0 0.0 -0.550000011920929 -0.6200000047683716 0.0 0.0 -0.18000000715255737 0.0 0.0 -0.09000000357627869 0.0 -0.27000001072883606 0.0 0.0 0.0 -0.27000001072883606 0.0 0.0 0.0 -0.18000000715255737 0.0 0.0 -0.18000000715255737 0.0 0.0 0.0 -0.550000011920929 -0.18000000715255737 0.0 0.0 -0.2800000011920929 0.0 0.0 0.0 -0.7599999904632568 -0.7599999904632568 -0.18000000715255737 0.0 0.0 -0.14000000059604645 0.0 0.0 -0.09000000357627869 -0.2199999988079071 0.0 0.0 0.0 -0.18000000715255737 0.0 0.0 0.0 -0.550000011920929 -0.6200000047683716 0.0 0.0 -0.09000000357627869 0.0 -0.27000001072883606 0.0 0.0 0.0 -0.27000001072883606 0.0 0.0 0.0 -0.18000000715255737 0.0 0.0 -0.029999999329447746 -0.15000000596046448 0.0 -0.5099999904632568 0.0 0.0 0.0 -0.25 0.0 -0.20000000298023224 0.0 -0.27000001072883606 0.0 -0.14000000059604645 0.0 -0.18000000715255737 0.0 0.0 -0.09000000357627869 0.0 -0.27000001072883606 0.0 0.0 0.0 -0.27000001072883606 0.0 0.0 0.0 0.0 0.0 -0.09000000357627869 0.0 -0.27000001072883606 0.0 0.0 0.0 0.0
95 0.0 -0.18000000715255737 0.0 0.0 -0.029999999329447746 -0.15000000596046448 0.0 -0.5099999904632568 0.0 0.0 0.0 -0.25 0.0 -0.20000000298023224 0.0 -0.27000001072883606 0.0 -0.14000000059604645 0.0 -0.18000000715255737 0.0 0.0 -0.09000000357627869 0.0 -0.27000001072883606 0.0 0.0 0.0 -0.27000001072883606 0.0 0.0 0.0 -0.18000000715255737 0.0 0.0 0.0 -0.11999999731779099 0.0 -0.11999999731779099 0.0 0.0 -0.5400000214576721 0.0 -0.11999999731779099 0.0 -0.11999999731779099 0.0 0.0 -0.25 0.0 -0.20000000298023224 0.0 -0.18000000715255737 0.0 0.0 -0.18000000715255737 0.0 0.0 -0.18000000715255737 0.0 0.0 0.0 0.0 0.0 -0.30000001192092896 0.0 0.0 0.0 0.0 0.0 0.0 -0.25 0.0 -0.20000000298023224 0.0 -0.14000000059604645 0.0 -0.09000000357627869 0.0 -0.27000001072883606 0.0 0.0 -0.6200000047683716 0.0 0.0 -0.18000000715255737 0.0 0.0 -0.18000000715255737 0.0 0.0 -0.18000000715255737 0.0 0.0 0.0 0.0 0.0 -0.30000001192092896 0.0 0.0 0.0 -0.18000000715255737 0.0 0.0 -0.18000000715255737 0.0 0.0 -0.18000000715255737 0.0 0.0 0.0 0.0 0.0 -0.30000001192092896 0.0 0.0 -0.18000000715255737 0.0 0.0 0.0 -0.550000011920929 -0.6200000047683716 0.0 0.0 -0.27000001072883606 0.0 0.0 0.0 -0.11999999731779099 0.0 -0.11999999731779099 0.0 -0.11999999731779099 0.0 -0.18000000715255737 0.0 0.0 0.0 -0.27000001072883606 0.0 0.0 0.0 -0.27000001072883606 0.0 0.0 0.0 -0.18000000715255737 0.0 0.0 -0.2800000011920929 0.0 0.0 0.0 -0.7599999904632568 -0.7599999904632568 -0.18000000715255737 0.0 0.0 0.0 -0.550000011920929 -0.6200000047683716 0.0 0.0 -0.18000000715255737 0.0 0.0 -0.09000000357627869 0.0 -0.27000001072883606 0.0 0.0 0.0 -0.27000001072883606 0.0 0.0 -0.18000000715255737 0.0 0.0 -0.18000000715255737 0.0 0.0 -0.18000000715255737 0.0 0.0 -0.2800000011920929 0.0 0.0 0.0 -0.7599999904632568 -0.7599999904632568 -0.18000000715255737 0.0 0.0 -0.14000000059604645 0.0 0.0 -0.09000000357627869 -0.2199999988079071 0.0 0.0 -0.09000000357627869 0.0 0.0 0.0 0.0 0.0 -0.18000000715255737 0.0 0.0 -0.029999999329447746 -0.15000000596046448 0.0 -0.5099999904632568 0.0 0.0 0.0 -0.25 -0.27000001072883606 0.0 -0.14000000059604645
96 0.0 -0.18000000715255737 0.0 0.0 0.0 -0.18000000715255737 0.0 0.0 -0.09000000357627869 0.0 -0.27000001072883606 0.0 0.0 -0.27000001072883606 0.0 0.0 0.0 -0.18000000715255737 0.0 0.0 -0.11999999731779099 0.0 -0.5400000214576721 0.0 -0.11999999731779099 0.0 -0.11999999731779099 0.0 0.0 0.0 0.0 0.0 -0.30000001192092896 0.0 0.0 0.0 0.0 -0.699999988079071 0.0 -0.800000011920929 0.0 -0.18000000715255737 0.0 0.0 -0.18000000715255737 0.0 0.0 0.0 0.0 -0.30000001192092896 0.0 0.0 -0.18000000715255737 0.0 0.0 -0.18000000715255737 0.0 0.0 -0.18000000715255737 0.0 0.0 0.0 0.0 0.0 -0.30000001192092896 0.0 0.0 -0.18000000715255737 0.0 0.0 0.0 -0.550000011920929 -0.6200000047683716 0.0 0.0 -0.27000001072883606 0.0 0.0 -0.18000000715255737 0.0 0.0 -0.11999999731779099 0.0 -0.11999999731779099 0.0 -0.11999999731779099 0.0 0.0 -0.27000001072883606 0.0 0.0 0.0 -0.27000001072883606 0.0 0.0 0.0 -0.18000000715255737 0.0 0.0 -0.2800000011920929 0.0 0.0 0.0 -0.7599999904632568 -0.7599999904632568 -0.18000000715255737 0.0 0.0 0.0 -0.550000011920929 -0.6200000047683716 0.0 0.0 -0.18000000715255737 0.0 0.0 -0.09000000357627869 0.0 -0.27000001072883606 0.0 0.0 0.0 -0.27000001072883606 0.0 0.0 0.0 -0.18000000715255737 0.0 0.0 -0.18000000715255737 0.0 0.0 0.0 -0.550000011920929 -0.6200000047683716 0.0 0.0 -0.18000000715255737 0.0 0.0 -0.2800000011920929 0.0 0.0 0.0 -0.7599999904632568 -0.7599999904632568 -0.18000000715255737 0.0 0.0 -0.14000000059604645 0.0 0.0 -0.09000000357627869 -0.2199999988079071 0.0 0.0 0.0 -0.18000000715255737 0.0 0.0 0.0 -0.550000011920929 -0.6200000047683716 0.0 0.0 -0.09000000357627869 0.0 -0.27000001072883606 0.0 0.0 0.0 -0.27000001072883606 0.0 0.0 0.0 -0.18000000715255737 0.0 0.0 -0.029999999329447746 -0.15000000596046448 0.0 -0.5099999904632568 0.0 0.0 0.0 -0.18000000715255737 0.0 -0.09000000357627869 0.0 -0.27000001072883606 0.0 0.0 0.0 0.0
97 -0.27000001072883606 0.0 0.0 0.0 0.0 -0.18000000715255737 0.0 0.0 -0.18000000715255737 0.0 0.0 0.0 0.0 0.0 -0.699999988079071 0.0 0.0 -0.800000011920929 0.0 0.0 -0.800000011920929 0.0 0.0 0.0 0.0 0.0 -0.18000000715255737 0.0 0.0 -0.18000000715255737 0.0 0.0 -0.18000000715255737 0.0 0.0 0.0 0.0 0.0 -0.30000001192092896 0.0 0.0 0.0 -0.18000000715255737 0.0 0.0 0.0 -0.550000011920929 -0.6200000047683716 0.0 0.0 -0.27000001072883606 0.0 0.0 0.0 -0.18000000715255737 0.0 0.0 0.0 -0.11999999731779099 0.0 -0.11999999731779099 0.0 -0.11999999731779099 -0.27000001072883606 0.0 0.0 0.0 -0.27000001072883606 0.0 0.0 0.0 -0.18000000715255737 0.0 0.0 -0.2800000011920929 0.0 0.0 0.0 -0.7599999904632568 -0.18000000715255737 0.0 0.0 0.0 -0.550000011920929 -0.6200000047683716 0.0 0.0 -0.18000000715255737 0.0 0.0 -0.09000000357627869 0.0 -0.27000001072883606 0.0 0.0 0.0 -0.27000001072883606 0.0 0.0 0.0 -0.18000000715255737 0.0 0.0 -0.18000000715255737 0.0 0.0 0.0 -0.550000011920929 -0.6200000047683716 0.0 0.0 -0.18000000715255737 0.0 0.0 -0.2800000011920929 0.0 0.0 0.0 -0.7599999904632568 -0.7599999904632568 -0.18000000715255737 0.0 0.0 -0.14000000059604645 0.0 0.0 -0.09000000357627869 -0.2199999988079071 0.0 0.0 0.0 -0.18000000715255737 0.0 0.0 0.0 -0.550000011920929 -0.6200000047683716 0.0 0.0 -0.09000000357627869 0.0 -0.27000001072883606 0.0 0.0 0.0 -0.27000001072883606 0.0 0.0 0.0 -0.18000000715255737 0.0 0.0 -0.029999999329447746 -0.15000000596046448 0.0 -0.5099999904632568 0.0 0.0 -0.18000000715255737 0.0 0.0 -0.09000000357627869 0.0 -0.27000001072883606 0.0 0.0 0.0 -0.27000001072883606 0.0 0.0 0.0 -0.18000000715255737 0.0 0.0 -0.550000011920929 -0.6200000047683716 0.0 0.0
98 -0.23000000417232513 0.0 0.0 0.0 -0.27000001072883606 0.0 0.0 0.0 0.0 -0.699999988079071 0.0 0.0 -0.800000011920929 0.0 0.0 0.0 0.0 -0.18000000715255737 0.0 0.0 0.0 -0.550000011920929 -0.6200000047683716 0.0 0.0 0.0 -0.11999999731779099 0.0 -0.11999999731779099 0.0 -0.11999999731779099 0.0 -0.27000001072883606 0.0 0.0 0.0 -0.18000000715255737 0.0 0.0 -0.2800000011920929 0.0 0.0 -0.7599999904632568 -0.18000000715255737 0.0 0.0 0.0 -0.550000011920929 -0.6200000047683716 0.0 0.0 -0.18000000715255737 0.0 0.0 -0.09000000357627869 0.0 -0.27000001072883606 0.0 0.0 0.0 -0.27000001072883606 0.0 0.0 0.0 -0.18000000715255737 0.0 0.0 -0.18000000715255737 0.0 0.0 0.0 -0.550000011920929 -0.6200000047683716 0.0 0.0 -0.18000000715255737 0.0 0.0 -0.2800000011920929 0.0 0.0 0.0 -0.7599999904632568 -0.7599999904632568 -0.18000000715255737 0.0 0.0 -0.14000000059604645 0.0 0.0 -0.09000000357627869 -0.2199999988079071 0.0 0.0 0.0 -0.18000000715255737 0.0 0.0 0.0 -0.550000011920929 -0.6200000047683716 0.0 0.0 -0.09000000357627869 0.0 -0.27000001072883606 0.0 0.0 0.0 -0.27000001072883606 0.0 0.0 0.0 -0.18000000715255737 0.0 0.0 -0.029999999329447746 -0.15000000596046448 0.0 -0.5099999904632568 0.0 0.0 0.0 -0.25 0.0 -0.27000001072883606 -0.18000000715255737 0.0 0.0 -0.09000000357627869 0.0 -0.27000001072883606 0.0 0.0 0.0 -0.27000001072883606 0.0 0.0 -0.18000000715255737 0.0 0.0 0.0 -0.550000011920929 -0.6200000047683716 0.0 0.0 -0.18000000715255737 0.0 -0.18000000715255737 0.0 0.0 0.0 0.0 0.0
99 -0.10999999940395355 0.0 0.0 -0.23000000417232513 0.0 -0.18000000715255737 -0.18000000715255737 0.0 0.0 0.0 -0.18000000715255737 0.0 0.0 -0.029999999329447746 -0.15000000596046448 0.0 -0.5099999904632568 0.0 0.0 0.0 -0.25 0.0 -0.18000000715255737 0.0 0.0 -0.09000000357627869 0.0 -0.27000001072883606 0.0 0.0 0.0 -0.27000001072883606 0.0 0.0 0.0 -0.18000000715255737 0.0 0.0 -0.11999999731779099 -0.11999999731779099 0.0 -0.5400000214576721 0.0 -0.11999999731779099 0.0 -0.11999999731779099 0.0 -0.18000000715255737 0.0 0.0 -0.18000000715255737 0.0 0.0 0.0 0.0 -0.30000001192092896 0.0 0.0 0.0 -0.25 0.0 -0.20000000298023224 0.0 -0.14000000059604645 0.0 -0.09000000357627869 0.0 0.0 -0.27000001072883606 0.0 0.0 0.0 0.0 -0.27000001072883606 0.0 0.0 0.0 -0.699999988079071 0.0 0.0 -0.800000011920929 0.0 0.0 0.0 0.0 0.0 -0.18000000715255737 0.0 0.0 0.0 -0.550000011920929 -0.6200000047683716 0.0 0.0 -0.18000000715255737 0.0 0.0 0.0 -0.11999999731779099 0.0 -0.11999999731779099 0.0 -0.11999999731779099 0.0 -0.11999999731779099 0.0 -0.11999999731779099 0.0 -0.18000000715255737 0.0 0.0 0.0 -0.27000001072883606 0.0 0.0 0.0 -0.27000001072883606 0.0 0.0 0.0 -0.18000000715255737 0.0 0.0 -0.2800000011920929 0.0 0.0 0.0 -0.7599999904632568 -0.7599999904632568 -0.18000000715255737 0.0 0.0 0.0 -0.550000011920929 -0.6200000047683716 0.0 0.0 -0.18000000715255737 0.0 0.0 -0.09000000357627869 0.0 -0.27000001072883606 0.0 0.0 0.0 -0.27000001072883606 0.0 0.0 0.0 -0.18000000715255737 0.0 0.0 -0.18000000715255737 0.0 0.0 0.0 -0.550000011920929 -0.6200000047683716 0.0 0.0 -0.18000000715255737 0.0 0.0 -0.2800000011920929 0.0 0.0 0.0 -0.7599999904632568 -0.7599999904632568 -0.18000000715255737 0.0 0.0 -0.14000000059604645 0.0 0.0 -0.09000000357627869 -0.2199999988079071 0.0 0.0 0.0 -0.18000000715255737 0.0 0.0 0.0 -0.550000011920929 -0.6200000047683716 0.0 0.0 -0.09000000357627869 0.0 -0.27000001072883606 0.0 0.0 0.0 -0.27000001072883606 0.0 0.0 0.0 -0.18000000715255737 0.0 0.0 -0.029999999329447746 -0.15000000596046448 0.0 -0.5099999904632568 0.0 0.0 0.0 -0.25 0.0 -0.20000000298023224 0.0 -0.27000001072883606 0.0 -0.14000000059604645 0.0 -0.18000000715255737 0.0 0.0 -0.09000000357627869 0.0 -0.27000001072883606 0.0 0.0 0.0 -0.27000001072883606 0.0 0.0 0.0 -0.18000000715255737 0.0 0.0 0.0 -0.550000011920929 -0.6200000047683716 0.0 0.0 -0.18000000715255737 0.0 0.0 -0.18000000715255737 0.0 0.0 -0.18000000715255737 0.0 0.0 0.0 0.0 0.0 -0.18000000715255737 0.0 0.0 -0.09000000357627869 0.0 -0.27000001072883606 0.0 0.0 0.0 -0.27000001072883606 0.0
