1 0.0 0.3100000023841858 0.0 0.09000000357627869 0.0 0.09000000357627869 0.09000000357627869 0.6200000047683716 0.0 0.0 0.0 0.0 0.0 0.3100000023841858 0.0 0.09000000357627869 0.0 0.09000000357627869 0.0 0.09000000357627869 0.09000000357627869 0.09000000357627869 0.0 0.09000000357627869 0.09000000357627869 0.0 0.09000000357627869 0.09000000357627869 0.09000000357627869 0.0 0.0 0.0 0.3100000023841858 0.07000000029802322 0.09000000357627869 0.0 0.09000000357627869 0.09000000357627869 0.09000000357627869 0.0 0.0 0.0 0.3100000023841858 0.0 0.09000000357627869 0.0 0.09000000357627869 0.09000000357627869 0.0 0.09000000357627869 0.09000000357627869
10 0.09000000357627869 0.09000000357627869 0.0 0.0 0.0 0.3100000023841858 0.07000000029802322 0.09000000357627869 0.0 0.09000000357627869 0.09000000357627869 0.0 0.09000000357627869 0.09000000357627869 0.550000011920929 0.0 0.0 0.3199999928474426 0.30000001192092896 0.0 0.0 0.0 0.3100000023841858 0.0 0.09000000357627869 0.0 0.09000000357627869 0.09000000357627869 0.1899999976158142 0.12999999523162842 0.1899999976158142 0.0 0.4399999976158142 0.0 0.4399999976158142 0.3199999928474426 0.0 0.0 0.0 0.0 0.09000000357627869 0.09000000357627869 0.0 0.09000000357627869 0.0 0.09000000357627869 0.09000000357627869 0.0 0.09000000357627869 0.09000000357627869 0.5099999904632568 0.0 0.0 0.0 0.0 0.09000000357627869 0.0 0.09000000357627869 0.09000000357627869 0.0 0.0 0.0 0.0 0.3700000047683716 0.23999999463558197 0.10999999940395355 0.0 0.17000000178813934 0.0 0.14000000059604645 0.0 0.1599999964237213 0.0 0.14000000059604645 0.5099999904632568 0.0 0.0 0.0 0.0 0.09000000357627869 0.0 0.09000000357627869 0.09000000357627869 0.0 0.09000000357627869 0.09000000357627869 0.0 0.09000000357627869 0.09000000357627869 0.20999999344348907 0.05000000074505806 0.05000000074505806 0.0 0.33000001311302185 0.33000001311302185 0.33000001311302185 0.5099999904632568 0.0 0.0 0.0 0.0 0.09000000357627869 0.0 0.09000000357627869 0.09000000357627869 0.0 0.09000000357627869 0.09000000357627869 0.20000000298023224 0.09000000357627869 0.09000000357627869 0.0 0.4399999976158142 0.6399999856948853 0.0 0.46000000834465027 0.46000000834465027 0.0 0.46000000834465027 0.46000000834465027 0.5099999904632568 0.0 0.0 0.3100000023841858 0.0 0.09000000357627869 0.0 0.09000000357627869 0.0 0.4300000071525574 0.0 0.09000000357627869 0.09000000357627869 0.09000000357627869 0.5099999904632568 0.0 0.0 0.3100000023841858 0.0 0.09000000357627869 0.0 0.09000000357627869 0.09000000357627869 0.0 0.09000000357627869 0.0 0.09000000357627869 0.09000000357627869 0.09000000357627869 0.0 0.09000000357627869 0.09000000357627869 0.09000000357627869 0.5099999904632568 0.0 0.0 0.3100000023841858 0.11999999731779099 0.0 0.11999999731779099 0.10999999940395355 0.0 0.4300000071525574
100 0.09000000357627869 0.0 0.11999999731779099 0.0 0.11999999731779099 0.0 0.3100000023841858 0.0 0.0 0.09000000357627869 0.09000000357627869 0.11999999731779099 0.5099999904632568 0.0 0.0 0.3100000023841858 0.0 0.09000000357627869 0.09000000357627869 0.5099999904632568 0.0 0.0 0.3100000023841858 0.0 0.09000000357627869 0.0 0.0 0.6200000047683716 0.0 0.0 0.0 0.09000000357627869 0.0 0.0 0.0 0.0 0.09000000357627869 0.0 0.0 0.0 0.0 0.0 0.0 0.0 0.3100000023841858 0.0 0.09000000357627869 0.0 0.09000000357627869 0.0 0.09000000357627869 0.09000000357627869 0.0 0.05000000074505806 0.0 0.0 0.0 0.3100000023841858 0.0 0.09000000357627869 0.0 0.0 0.0 0.1899999976158142 0.12999999523162842 0.0 0.0 0.0 0.0 0.4399999976158142 0.3199999928474426 0.18000000715255737 0.5099999904632568 0.0 0.0 0.0 0.0 0.0 0.0 0.0 0.0 0.0 0.0 0.0 0.0 0.0 0.0 0.11999999731779099 0.0 0.0 0.0 0.11999999731779099 0.5099999904632568 0.0 0.0 0.0 0.0 0.09000000357627869 0.05000000074505806 0.09000000357627869 0.09000000357627869 0.0 0.4300000071525574 0.0 0.0 0.0 0.0 0.09000000357627869 0.09000000357627869 0.0 0.09000000357627869 0.5099999904632568 0.0 0.0 0.0 0.0 0.09000000357627869 0.0 0.09000000357627869 0.09000000357627869 0.0 0.09000000357627869 0.09000000357627869 0.6200000047683716 0.0 0.0 0.5099999904632568 0.0 0.0 0.0 0.0 0.09000000357627869 0.0 0.0 0.0 0.0 0.0 0.0 0.5099999904632568 0.0 0.0 0.0 0.0 0.0 0.0 0.09000000357627869 0.09000000357627869 0.0 0.0 0.0 0.0 0.09000000357627869 0.09000000357627869 0.0 0.0 0.0 0.0 0.0 0.0 0.0 0.0 0.09000000357627869 0.0 0.4300000071525574 0.0 0.0 0.0 0.09000000357627869 0.1899999976158142 0.0 0.1899999976158142 0.0 0.4399999976158142 0.0 0.4399999976158142 0.3199999928474426 0.18000000715255737 0.0 0.0 0.0 0.0 0.0 0.0 0.0 0.0 0.0 0.0 0.0 0.0 0.0 0.0 0.0 0.09000000357627869 0.0 0.09000000357627869 0.0 0.0 0.0 0.09000000357627869 0.20999999344348907 0.05000000074505806 0.05000000074505806 0.0 0.33000001311302185 0.33000001311302185 0.33000001311302185 0.0 0.0 0.0 0.3100000023841858 0.0 0.09000000357627869 0.0 0.09000000357627869 0.09000000357627869 0.550000011920929 0.0 0.0 0.3199999928474426 0.30000001192092896 0.0 0.0 0.0 0.3100000023841858 0.0 0.0 0.0 0.09000000357627869 0.09000000357627869 0.0 0.09000000357627869 0.09000000357627869 0.6200000047683716 0.0 0.0 0.0 0.0 0.0 0.0 0.0 0.09000000357627869 0.0 0.09000000357627869 0.09000000357627869 0.0 0.0 0.0 0.0 0.09000000357627869 0.09000000357627869 0.0 0.4399999976158142 0.6399999856948853 0.0 0.46000000834465027 0.46000000834465027 0.0 0.46000000834465027 0.46000000834465027 0.0 0.0 0.0 0.3100000023841858 0.0 0.0 0.0 0.09000000357627869 0.09000000357627869 0.09000000357627869 0.5099999904632568 0.0 0.0 0.0 0.0 0.09000000357627869 0.0 0.09000000357627869 0.09000000357627869 0.0 0.0 0.0 0.5099999904632568 0.0 0.0 0.3100000023841858 0.0 0.0 0.0 0.0 0.0 0.3100000023841858 0.0 0.0 0.0 0.09000000357627869 0.0 0.0 0.0 0.11999999731779099 0.0 0.11999999731779099 0.0 0.0 0.0 0.0 0.0 0.09000000357627869 0.0 0.09000000357627869 0.0 0.0 0.0 0.0 0.0 0.0 0.09000000357627869 0.0 0.09000000357627869 0.09000000357627869 0.09000000357627869 0.0 0.0 0.0 0.3100000023841858 0.0 0.0 0.05000000074505806 0.09000000357627869 0.09000000357627869 0.0 0.4300000071525574 0.5099999904632568 0.0 0.0 0.0 0.0 0.09000000357627869 0.0 0.0 0.09000000357627869 0.0 0.09000000357627869 0.0 0.0 0.0 0.09000000357627869 0.0 0.4399999976158142 0.0 0.0 0.46000000834465027 0.0 0.0 0.46000000834465027 0.0 0.5099999904632568 0.0 0.0 0.3100000023841858 0.0 0.0 0.0 0.09000000357627869 0.09000000357627869 0.0 0.09000000357627869 0.0 0.6200000047683716 0.0 0.0 0.5099999904632568 0.0 0.0 0.0 0.0 0.09000000357627869 0.0 0.09000000357627869 0.09000000357627869 0.0 0.0 0.0 0.0 0.0 0.0 0.0 0.0 0.0 0.0 0.0 0.0 0.3100000023841858 0.09000000357627869
101 0.0 0.0 0.0 0.5099999904632568 0.0 0.0 0.0 0.0 0.0 0.0 0.0 0.0 0.0 0.0 0.0 0.0 0.11999999731779099 0.0 0.0 0.5099999904632568 0.0 0.0 0.0 0.05000000074505806 0.09000000357627869 0.0 0.4300000071525574 0.0 0.0 0.0 0.09000000357627869 0.0 0.09000000357627869 0.09000000357627869 0.6200000047683716 0.0 0.5099999904632568 0.0 0.0 0.0 0.0 0.09000000357627869 0.0 0.0 0.0 0.0 0.0 0.0 0.5099999904632568 0.0 0.0 0.0 0.0 0.4399999976158142 0.3199999928474426 0.18000000715255737 0.0 0.0 0.0 0.0 0.0 0.0 0.0 0.0 0.0 0.0 0.0 0.09000000357627869 0.0 0.09000000357627869 0.0 0.0 0.0 0.09000000357627869 0.20999999344348907 0.05000000074505806 0.05000000074505806 0.0 0.33000001311302185 0.33000001311302185 0.33000001311302185 0.0 0.0 0.0 0.0 0.0 0.09000000357627869 0.0 0.09000000357627869 0.0 0.0 0.0 0.0 0.0 0.0 0.0 0.0 0.0 0.0 0.0 0.0 0.0 0.3100000023841858 0.0 0.0 0.0 0.09000000357627869 0.09000000357627869 0.0 0.09000000357627869 0.09000000357627869 0.6200000047683716 0.0 0.0 0.0 0.0 0.0 0.0 0.0 0.09000000357627869 0.0 0.09000000357627869 0.09000000357627869 0.0 0.0 0.0 0.0 0.09000000357627869 0.09000000357627869 0.0 0.4399999976158142 0.6399999856948853 0.0 0.46000000834465027 0.46000000834465027 0.0 0.46000000834465027 0.46000000834465027 0.0 0.0 0.0 0.3100000023841858 0.0 0.0 0.0 0.09000000357627869 0.09000000357627869 0.5099999904632568 0.0 0.0 0.0 0.0 0.09000000357627869 0.0 0.09000000357627869 0.0 0.0 0.0 0.0 0.3100000023841858 0.0 0.0 0.0 0.09000000357627869 0.0 0.0 0.0 0.11999999731779099 0.0 0.11999999731779099 0.0 0.0 0.0 0.0 0.0 0.0 0.09000000357627869 0.0 0.09000000357627869 0.0 0.0 0.0 0.0 0.0 0.0 0.09000000357627869 0.0 0.09000000357627869 0.09000000357627869 0.09000000357627869 0.0 0.0 0.0 0.3100000023841858 0.0 0.0 0.05000000074505806 0.09000000357627869 0.09000000357627869 0.0 0.4300000071525574 0.5099999904632568 0.0 0.0 0.0 0.0 0.09000000357627869 0.0 0.0 0.09000000357627869 0.0 0.09000000357627869 0.0 0.0 0.0 0.09000000357627869 0.0 0.4399999976158142 0.0 0.0 0.46000000834465027 0.0 0.0 0.46000000834465027 0.5099999904632568 0.0 0.0 0.3100000023841858 0.0 0.0 0.0 0.09000000357627869 0.09000000357627869 0.0 0.09000000357627869 0.0 0.6200000047683716 0.0 0.0 0.5099999904632568 0.0 0.0 0.0
102 0.0 0.0 0.0 0.0 0.0 0.0 0.0 0.0 0.0 0.0 0.0 0.0 0.09000000357627869 0.0 0.09000000357627869 0.0 0.0 0.0 0.09000000357627869 0.20999999344348907 0.05000000074505806 0.05000000074505806 0.0 0.33000001311302185 0.33000001311302185 0.33000001311302185 0.0 0.0 0.0 0.0 0.0 0.09000000357627869 0.0 0.09000000357627869 0.0 0.0 0.0 0.0 0.0 0.0 0.0 0.0 0.0 0.0 0.0 0.0 0.0 0.3100000023841858 0.0 0.09000000357627869 0.0 0.09000000357627869 0.09000000357627869 0.550000011920929 0.0 0.0 0.3199999928474426 0.30000001192092896 0.0 0.0 0.0 0.0 0.0 0.09000000357627869 0.0 0.09000000357627869 0.09000000357627869 0.0 0.0 0.0 0.0 0.09000000357627869 0.09000000357627869 0.0 0.4399999976158142 0.6399999856948853 0.0 0.46000000834465027 0.46000000834465027 0.0 0.46000000834465027 0.46000000834465027 0.0 0.0 0.0 0.3100000023841858 0.0 0.0 0.0 0.09000000357627869 0.09000000357627869 0.0 0.09000000357627869 0.09000000357627869 0.550000011920929 0.0 0.0 0.30000001192092896 0.5099999904632568 0.0 0.0 0.0 0.0 0.09000000357627869 0.0 0.09000000357627869 0.09000000357627869 0.0 0.0 0.0 0.5099999904632568 0.0 0.0 0.09000000357627869 0.5099999904632568 0.0 0.0 0.0 0.0 0.09000000357627869 0.09000000357627869 0.0 0.0 0.0 0.3100000023841858 0.0 0.0 0.0 0.09000000357627869 0.0 0.0 0.0 0.11999999731779099 0.0 0.11999999731779099 0.10999999940395355 0.0 0.4300000071525574 0.0 0.11999999731779099 0.0 0.11999999731779099 0.0 0.0 0.0 0.0 0.0 0.09000000357627869 0.0 0.09000000357627869 0.0 0.0 0.0 0.0 0.0 0.0 0.09000000357627869 0.0 0.09000000357627869 0.09000000357627869 0.09000000357627869 0.0 0.0 0.0 0.3100000023841858 0.0 0.0 0.05000000074505806 0.09000000357627869 0.09000000357627869 0.0 0.4300000071525574 0.5099999904632568 0.0 0.0 0.0 0.0 0.09000000357627869 0.0 0.0 0.09000000357627869 0.0 0.09000000357627869 0.0 0.0 0.0 0.09000000357627869 0.0 0.4399999976158142 0.0 0.0 0.46000000834465027 0.0 0.0 0.46000000834465027 0.0 0.5099999904632568 0.0 0.0 0.3100000023841858 0.0 0.0 0.0 0.09000000357627869 0.09000000357627869 0.0
103 0.0 0.11999999731779099 0.0 0.11999999731779099 0.0 0.0 0.09000000357627869 0.5099999904632568 0.0 0.0 0.0 0.09000000357627869 0.0 0.0 0.6200000047683716 0.0 0.0 0.3100000023841858 0.0 0.0 0.0 0.0 0.09000000357627869 0.0 0.0 0.09000000357627869 0.0 0.0 0.0 0.0 0.0 0.0 0.3100000023841858 0.0 0.09000000357627869 0.0 0.09000000357627869 0.09000000357627869 0.0 0.09000000357627869 0.09000000357627869 0.0 0.09000000357627869 0.09000000357627869 0.0 0.0 0.05000000074505806 0.0 0.0 0.0 0.3100000023841858 0.0 0.09000000357627869 0.0 0.0 0.0 0.1899999976158142 0.12999999523162842 0.0 0.0 0.0 0.0 0.4399999976158142 0.3199999928474426 0.18000000715255737 0.5099999904632568 0.0 0.0 0.0 0.0 0.0 0.0 0.0 0.0 0.0 0.0 0.0 0.0 0.0 0.0 0.11999999731779099 0.0 0.0 0.0 0.11999999731779099 0.5099999904632568 0.0 0.0 0.0 0.0 0.09000000357627869 0.05000000074505806 0.09000000357627869 0.09000000357627869 0.0 0.4300000071525574 0.0 0.0 0.0 0.0 0.09000000357627869 0.09000000357627869 0.0 0.09000000357627869 0.0 0.0 0.09000000357627869 0.09000000357627869 0.5099999904632568 0.0 0.0 0.0 0.0 0.0 0.09000000357627869 0.09000000357627869 0.0 0.09000000357627869 0.09000000357627869 0.6200000047683716 0.0 0.0 0.5099999904632568 0.0 0.0 0.0 0.0 0.09000000357627869 0.0 0.0 0.0 0.0 0.0 0.0 0.5099999904632568 0.0 0.0 0.0 0.0 0.0 0.0 0.09000000357627869 0.0 0.0 0.0 0.0 0.09000000357627869 0.09000000357627869 0.0 0.0 0.0 0.0 0.0 0.0 0.0 0.0 0.0 0.0 0.0 0.0 0.0 0.0 0.09000000357627869 0.0 0.09000000357627869 0.0 0.0 0.0 0.0 0.0 0.0 0.09000000357627869 0.0 0.09000000357627869 0.0 0.0 0.0 0.0 0.0 0.0 0.0 0.0 0.0 0.0 0.0 0.0 0.0 0.3100000023841858 0.0 0.09000000357627869 0.0 0.09000000357627869 0.09000000357627869 0.550000011920929 0.0 0.0 0.3199999928474426 0.30000001192092896 0.0 0.0 0.0 0.3100000023841858 0.0 0.0 0.0 0.09000000357627869 0.09000000357627869 0.0 0.09000000357627869 0.09000000357627869 0.6200000047683716 0.0 0.0 0.0 0.0 0.0 0.3100000023841858 0.0 0.0 0.0 0.09000000357627869 0.09000000357627869 0.0 0.09000000357627869 0.09000000357627869 0.550000011920929 0.0 0.0 0.3199999928474426 0.30000001192092896 0.5099999904632568 0.0 0.0 0.0 0.0 0.09000000357627869 0.0 0.09000000357627869 0.09000000357627869 0.0 0.0 0.0 0.5099999904632568 0.0 0.0 0.3100000023841858 0.0 0.09000000357627869 0.0 0.09000000357627869 0.6200000047683716 0.0 0.0 0.0 0.0 0.0 0.0 0.0 0.09000000357627869 0.0 0.09000000357627869 0.09000000357627869 0.1899999976158142 0.0 0.4399999976158142 0.5099999904632568 0.0 0.0 0.0 0.0 0.09000000357627869 0.09000000357627869 0.0 0.0 0.0 0.3100000023841858 0.0 0.0 0.0 0.09000000357627869 0.0 0.0 0.0 0.11999999731779099 0.0 0.11999999731779099 0.10999999940395355 0.0 0.4300000071525574 0.0 0.11999999731779099 0.0 0.11999999731779099 0.0 0.0 0.0 0.0 0.0 0.09000000357627869 0.0 0.09000000357627869 0.0 0.0 0.0 0.0 0.0 0.0 0.09000000357627869 0.0 0.09000000357627869 0.09000000357627869 0.09000000357627869 0.0 0.0 0.0 0.3100000023841858 0.0 0.0 0.05000000074505806 0.09000000357627869 0.09000000357627869 0.0 0.4300000071525574 0.5099999904632568 0.0 0.0 0.0 0.0 0.09000000357627869 0.0 0.0 0.09000000357627869 0.0 0.09000000357627869 0.0 0.0 0.0 0.09000000357627869 0.0 0.4399999976158142 0.0 0.0 0.46000000834465027 0.0 0.0 0.46000000834465027 0.0 0.5099999904632568 0.0 0.0 0.3100000023841858 0.0 0.0 0.0 0.0 0.0 0.0 0.0 0.09000000357627869 0.09000000357627869 0.09000000357627869 0.0 0.09000000357627869 0.09000000357627869
104 0.09000000357627869 0.0 0.0 0.4399999976158142 0.0 0.0 0.09000000357627869 0.0 0.0 0.0 0.0 0.0 0.0 0.0 0.0 0.0 0.0 0.0 0.3100000023841858 0.0 0.09000000357627869 0.0 0.09000000357627869 0.09000000357627869 0.0 0.0 0.0 0.3100000023841858 0.0 0.0 0.0 0.09000000357627869 0.09000000357627869 0.0 0.09000000357627869 0.09000000357627869 0.6200000047683716 0.0 0.0 0.0 0.0 0.0 0.0 0.0 0.09000000357627869 0.0 0.09000000357627869 0.09000000357627869 0.0 0.0 0.0 0.0 0.09000000357627869 0.09000000357627869 0.0 0.4399999976158142 0.6399999856948853 0.0 0.46000000834465027 0.46000000834465027 0.0 0.46000000834465027 0.46000000834465027 0.0 0.0 0.0 0.0 0.0 0.09000000357627869 0.0 0.09000000357627869 0.09000000357627869 0.0 0.0 0.0 0.5099999904632568 0.0 0.0 0.3100000023841858 0.0 0.09000000357627869 0.0 0.09000000357627869 0.09000000357627869 0.6200000047683716 0.0 0.0 0.0 0.0 0.0 0.0 0.0 0.09000000357627869 0.0 0.09000000357627869 0.09000000357627869 0.1899999976158142 0.12999999523162842 0.1899999976158142 0.0 0.4399999976158142 0.3199999928474426 0.5099999904632568 0.0 0.0 0.0 0.0 0.09000000357627869 0.09000000357627869 0.0 0.0 0.0 0.3100000023841858 0.0 0.0 0.0 0.09000000357627869 0.0 0.0 0.0 0.11999999731779099 0.0 0.11999999731779099 0.10999999940395355 0.0 0.4300000071525574 0.0 0.11999999731779099 0.0 0.11999999731779099 0.0 0.0 0.0 0.0 0.0 0.09000000357627869 0.0 0.09000000357627869 0.0 0.0 0.0 0.0 0.0 0.0 0.09000000357627869 0.0 0.09000000357627869 0.09000000357627869 0.09000000357627869 0.0 0.0 0.0 0.3100000023841858 0.0 0.0 0.05000000074505806 0.09000000357627869 0.09000000357627869 0.0 0.5099999904632568 0.0 0.0 0.0 0.0 0.0 0.0 0.0 0.0 0.46000000834465027 0.0 0.0 0.46000000834465027 0.0
105 0.5099999904632568 0.0 0.0 0.3100000023841858 0.0 0.09000000357627869 0.09000000357627869 0.5099999904632568 0.0 0.0 0.3100000023841858 0.0 0.09000000357627869 0.0 0.09000000357627869 0.09000000357627869 0.0 0.0 0.0 0.6200000047683716 0.0 0.0 0.5099999904632568 0.0 0.0 0.3100000023841858 0.0 0.09000000357627869 0.09000000357627869 0.5099999904632568 0.0 0.0 0.3100000023841858 0.0 0.11999999731779099 0.0 0.11999999731779099 0.0 0.09000000357627869 0.05000000074505806 0.0 0.0 0.09000000357627869 0.0 0.0 0.0 0.1899999976158142 0.12999999523162842 0.0 0.0 0.0 0.0 0.4399999976158142 0.3199999928474426 0.18000000715255737 0.5099999904632568 0.0 0.0 0.09000000357627869 0.0 0.0 0.0 0.0 0.0 0.0 0.0 0.0 0.0 0.0 0.0 0.0 0.0 0.0 0.0 0.09000000357627869 0.09000000357627869 0.0 0.09000000357627869 0.09000000357627869 0.6200000047683716 0.0 0.0 0.0 0.0 0.0 0.0 0.0 0.09000000357627869 0.0 0.09000000357627869 0.09000000357627869 0.0 0.0 0.0 0.0 0.09000000357627869 0.09000000357627869 0.0 0.4399999976158142 0.6399999856948853 0.0 0.46000000834465027 0.46000000834465027 0.0 0.46000000834465027 0.46000000834465027 0.0 0.0 0.0 0.3100000023841858 0.0 0.0 0.0 0.09000000357627869 0.09000000357627869 0.0 0.09000000357627869 0.09000000357627869 0.550000011920929 0.0 0.0 0.3199999928474426 0.30000001192092896 0.5099999904632568 0.0 0.0 0.3100000023841858 0.0 0.09000000357627869 0.0 0.09000000357627869 0.09000000357627869 0.6200000047683716 0.0 0.0 0.0 0.0 0.0 0.0 0.0 0.09000000357627869 0.0 0.09000000357627869 0.09000000357627869 0.1899999976158142 0.12999999523162842 0.1899999976158142 0.0 0.4399999976158142 0.0 0.4399999976158142 0.3199999928474426 0.18000000715255737 0.5099999904632568 0.0 0.0 0.0 0.0 0.09000000357627869 0.09000000357627869 0.0 0.0 0.0 0.3100000023841858 0.0 0.0 0.0 0.09000000357627869 0.0 0.0 0.0 0.11999999731779099 0.0 0.11999999731779099 0.10999999940395355 0.0 0.4300000071525574 0.0 0.11999999731779099 0.0 0.11999999731779099 0.0 0.0 0.0 0.0 0.0 0.09000000357627869 0.0 0.09000000357627869 0.0 0.0 0.0 0.0 0.0 0.0 0.09000000357627869 0.0 0.09000000357627869 0.09000000357627869 0.09000000357627869 0.0 0.0 0.0 0.3100000023841858 0.0 0.0 0.05000000074505806 0.09000000357627869 0.09000000357627869 0.0 0.5099999904632568 0.0 0.0 0.0 0.0 0.09000000357627869 0.0 0.0 0.09000000357627869 0.0 0.09000000357627869 0.0 0.0 0.0 0.09000000357627869 0.0 0.4399999976158142 0.0 0.0 0.46000000834465027 0.0 0.0 0.46000000834465027 0.0
106 0.5099999904632568 0.0 0.0 0.0 0.09000000357627869 0.0 0.09000000357627869 0.0 0.0 0.6200000047683716 0.0 0.0 0.5099999904632568 0.0 0.0 0.3100000023841858 0.0 0.09000000357627869 0.09000000357627869 0.5099999904632568 0.0 0.0 0.3100000023841858 0.0 0.5099999904632568 0.0 0.0 0.0 0.0 0.09000000357627869 0.0 0.09000000357627869 0.0 0.0 0.11999999731779099 0.0 0.11999999731779099 0.0 0.11999999731779099 0.0 0.0 0.11999999731779099 0.3100000023841858 0.09000000357627869 0.0 0.05000000074505806 0.09000000357627869 0.0 0.0 0.0 0.4399999976158142 0.3199999928474426 0.18000000715255737 0.0 0.0 0.0 0.0 0.09000000357627869 0.0 0.09000000357627869 0.0 0.0 0.0 0.0 0.09000000357627869 0.09000000357627869 0.0 0.4399999976158142 0.6399999856948853 0.0 0.46000000834465027 0.46000000834465027 0.0 0.0 0.0 0.3100000023841858 0.0 0.0 0.0 0.09000000357627869 0.09000000357627869 0.0 0.09000000357627869 0.09000000357627869 0.550000011920929 0.0 0.0 0.3199999928474426 0.30000001192092896 0.5099999904632568 0.0 0.0 0.0 0.0 0.09000000357627869 0.0 0.09000000357627869 0.09000000357627869 0.0 0.0 0.0 0.5099999904632568 0.0 0.0 0.0 0.0 0.09000000357627869 0.0 0.09000000357627869 0.09000000357627869 0.1899999976158142 0.12999999523162842 0.1899999976158142 0.0 0.4399999976158142 0.0 0.4399999976158142 0.3199999928474426 0.18000000715255737 0.5099999904632568 0.0 0.0 0.0 0.0 0.09000000357627869 0.09000000357627869 0.0 0.0 0.0 0.3100000023841858 0.0 0.0 0.0 0.09000000357627869 0.0 0.0 0.0 0.11999999731779099 0.0 0.11999999731779099 0.10999999940395355 0.0 0.11999999731779099 0.0 0.11999999731779099 0.0 0.0 0.0 0.0 0.0 0.09000000357627869 0.0 0.09000000357627869 0.0 0.0 0.0 0.0 0.0 0.0 0.09000000357627869 0.0 0.09000000357627869 0.09000000357627869 0.09000000357627869 0.0 0.0 0.0 0.4399999976158142 0.0 0.0 0.46000000834465027 0.0 0.0 0.46000000834465027 0.0
107 0.0 0.0 0.09000000357627869 0.09000000357627869 0.5099999904632568 0.0 0.0 0.3100000023841858 0.0 0.09000000357627869 0.0 0.09000000357627869 0.09000000357627869 0.0 0.0 0.0 0.6200000047683716 0.0 0.0 0.5099999904632568 0.0 0.0 0.3100000023841858 0.0 0.09000000357627869 0.09000000357627869 0.5099999904632568 0.0 0.0 0.3100000023841858 0.0 0.0 0.0 0.09000000357627869 0.0 0.0 0.09000000357627869 0.0 0.09000000357627869 0.09000000357627869 0.0 0.09000000357627869 0.09000000357627869 0.5099999904632568 0.0 0.0 0.0 0.0 0.09000000357627869 0.0 0.0 0.09000000357627869 0.0 0.0 0.11999999731779099 0.0 0.11999999731779099 0.0 0.11999999731779099 0.0 0.11999999731779099 0.0 0.11999999731779099 0.0 0.0 0.0 0.3100000023841858 0.0 0.09000000357627869 0.0 0.09000000357627869 0.09000000357627869 0.0 0.09000000357627869 0.09000000357627869 0.6200000047683716 0.0 0.0 0.0 0.0 0.0 0.0 0.0 0.0 0.0 0.11999999731779099 0.0 0.11999999731779099 0.10999999940395355 0.0 0.4300000071525574 0.0 0.0 0.0 0.0 0.0 0.6200000047683716 0.0 0.0 0.0 0.09000000357627869 0.0 0.0 0.0 0.09000000357627869 0.09000000357627869 0.09000000357627869 0.0 0.09000000357627869 0.09000000357627869 0.0 0.6399999856948853 0.0 0.46000000834465027 0.0 0.0 0.0 0.46000000834465027 0.0 0.0 0.05000000074505806 0.33000001311302185 0.0 0.0 0.0 0.4399999976158142 0.3199999928474426 0.18000000715255737 0.0 0.09000000357627869 0.09000000357627869 0.0 0.0 0.0 0.0 0.09000000357627869 0.0 0.0 0.0 0.0 0.4399999976158142 0.46000000834465027 0.0 0.0 0.0 0.3100000023841858 0.0 0.0 0.0 0.09000000357627869 0.09000000357627869 0.0 0.09000000357627869 0.09000000357627869 0.550000011920929 0.0 0.0 0.3199999928474426 0.30000001192092896 0.5099999904632568 0.0 0.0 0.0 0.0 0.09000000357627869 0.0 0.09000000357627869 0.09000000357627869 0.0 0.0 0.0 0.5099999904632568 0.0 0.0 0.3100000023841858 0.0 0.09000000357627869 0.0 0.09000000357627869 0.09000000357627869 0.6200000047683716 0.0 0.0 0.0 0.0 0.0 0.0 0.0 0.09000000357627869 0.09000000357627869 0.0 0.0 0.0 0.3100000023841858 0.0 0.0 0.0 0.09000000357627869 0.0 0.0 0.0 0.11999999731779099 0.0 0.11999999731779099 0.10999999940395355 0.0 0.4300000071525574 0.0 0.11999999731779099 0.0 0.11999999731779099 0.0 0.0 0.0 0.0 0.0 0.09000000357627869 0.0 0.09000000357627869 0.0 0.0 0.0 0.0 0.0 0.0 0.09000000357627869 0.0 0.09000000357627869 0.09000000357627869 0.09000000357627869 0.0 0.0 0.0 0.3100000023841858 0.0 0.4399999976158142 0.0 0.0 0.46000000834465027 0.0 0.0 0.46000000834465027 0.0
108 0.0 0.09000000357627869 0.5099999904632568 0.0 0.3100000023841858 0.0 0.09000000357627869 0.09000000357627869 0.5099999904632568 0.3100000023841858 0.0 0.0 0.0 0.0 0.0 0.0 0.0 0.0 0.09000000357627869 0.09000000357627869 0.0 0.09000000357627869 0.09000000357627869 0.6200000047683716 0.0 0.0 0.0 0.0 0.0 0.0 0.0 0.09000000357627869 0.0 0.09000000357627869 0.09000000357627869 0.0 0.0 0.0 0.0 0.09000000357627869 0.09000000357627869 0.0 0.4399999976158142 0.6399999856948853 0.46000000834465027 0.0 0.0 0.0 0.3100000023841858 0.0 0.0 0.0 0.09000000357627869 0.09000000357627869 0.0 0.09000000357627869 0.09000000357627869 0.550000011920929 0.0 0.0 0.3199999928474426 0.30000001192092896 0.5099999904632568 0.0 0.0 0.0 0.0 0.09000000357627869 0.0 0.09000000357627869 0.09000000357627869 0.0 0.0 0.0 0.5099999904632568 0.0 0.0 0.3100000023841858 0.0 0.09000000357627869 0.0 0.09000000357627869 0.09000000357627869 0.6200000047683716 0.0 0.0 0.0 0.0 0.0 0.0 0.0 0.09000000357627869 0.0 0.09000000357627869 0.09000000357627869 0.1899999976158142 0.12999999523162842 0.1899999976158142 0.0 0.4399999976158142 0.0 0.4399999976158142 0.3199999928474426 0.18000000715255737 0.5099999904632568 0.0 0.0 0.3100000023841858 0.0 0.0 0.0 0.09000000357627869 0.0 0.0 0.0 0.11999999731779099 0.0 0.11999999731779099 0.10999999940395355 0.0 0.4300000071525574 0.0 0.11999999731779099 0.0 0.11999999731779099 0.0 0.0 0.0 0.0 0.0 0.09000000357627869 0.0 0.09000000357627869 0.0 0.0 0.0 0.0 0.0 0.0 0.09000000357627869 0.0 0.09000000357627869 0.09000000357627869 0.09000000357627869 0.0 0.0 0.0 0.3100000023841858 0.0 0.0 0.09000000357627869 0.0 0.0 0.46000000834465027 0.0 0.0 0.46000000834465027 0.0
109 0.0 0.09000000357627869 0.09000000357627869 0.5099999904632568 0.0 0.0 0.0 0.09000000357627869 0.5099999904632568 0.0 0.0 0.3100000023841858 0.0 0.09000000357627869 0.09000000357627869 0.0 0.0 0.0 0.0 0.0 0.0 0.0 0.0 0.0 0.0 0.0 0.3100000023841858 0.0 0.09000000357627869 0.0 0.09000000357627869 0.09000000357627869 0.0 0.0 0.0 0.3100000023841858 0.0 0.0 0.0 0.09000000357627869 0.09000000357627869 0.0 0.09000000357627869 0.09000000357627869 0.6200000047683716 0.0 0.0 0.0 0.0 0.0 0.0 0.0 0.09000000357627869 0.0 0.09000000357627869 0.09000000357627869 0.0 0.0 0.0 0.0 0.09000000357627869 0.09000000357627869 0.0 0.4399999976158142 0.6399999856948853 0.0 0.46000000834465027 0.0 0.46000000834465027 0.0 0.0 0.0 0.3100000023841858 0.0 0.0 0.0 0.09000000357627869 0.09000000357627869 0.0 0.09000000357627869 0.09000000357627869 0.550000011920929 0.0 0.0 0.3199999928474426 0.30000001192092896 0.5099999904632568 0.0 0.0 0.0 0.0 0.09000000357627869 0.0 0.09000000357627869 0.09000000357627869 0.0 0.0 0.0 0.5099999904632568 0.0 0.0 0.3100000023841858 0.0 0.09000000357627869 0.0 0.09000000357627869 0.09000000357627869 0.6200000047683716 0.0 0.0 0.0 0.0 0.0 0.0 0.09000000357627869 0.0 0.09000000357627869 0.09000000357627869 0.1899999976158142 0.12999999523162842 0.1899999976158142 0.0 0.0 0.4399999976158142 0.3199999928474426 0.5099999904632568 0.0 0.0 0.0 0.0 0.09000000357627869 0.09000000357627869 0.0 0.0 0.0 0.0 0.0 0.09000000357627869 0.0 0.09000000357627869 0.0 0.0 0.0 0.0 0.0 0.0 0.09000000357627869 0.0 0.09000000357627869 0.09000000357627869 0.09000000357627869 0.0 0.0 0.0 0.3100000023841858 0.0 0.0 0.05000000074505806 0.09000000357627869 0.09000000357627869 0.0 0.4300000071525574 0.5099999904632568 0.0 0.0 0.0 0.0 0.09000000357627869 0.0 0.0 0.0 0.09000000357627869 0.0 0.0 0.0 0.0 0.4399999976158142 0.0 0.0 0.46000000834465027 0.0 0.0 0.46000000834465027 0.0
11 0.07000000029802322 0.09000000357627869 0.0 0.09000000357627869 0.09000000357627869 0.0 0.09000000357627869 0.09000000357627869 0.550000011920929 0.0 0.0 0.3199999928474426 0.30000001192092896 0.0 0.0 0.0 0.3100000023841858 0.0 0.09000000357627869 0.0 0.09000000357627869 0.09000000357627869 0.1899999976158142 0.0 0.4399999976158142 0.0 0.0 0.0 0.0 0.09000000357627869 0.09000000357627869 0.0 0.09000000357627869 0.0 0.09000000357627869 0.09000000357627869 0.0 0.09000000357627869 0.09000000357627869 0.5099999904632568 0.0 0.0 0.0 0.0 0.09000000357627869 0.0 0.09000000357627869 0.09000000357627869 0.0 0.0 0.0 0.0 0.3700000047683716 0.23999999463558197 0.10999999940395355 0.0 0.17000000178813934 0.0 0.14000000059604645 0.0 0.0 0.5099999904632568 0.0 0.0 0.0 0.0 0.09000000357627869 0.0 0.09000000357627869 0.09000000357627869 0.0 0.0 0.11999999731779099 0.0 0.11999999731779099 0.0 0.11999999731779099 0.0 0.11999999731779099 0.0 0.11999999731779099 0.5099999904632568 0.0 0.0 0.0 0.0 0.09000000357627869 0.0 0.09000000357627869 0.09000000357627869 0.0 0.09000000357627869 0.09000000357627869 0.20000000298023224 0.09000000357627869 0.09000000357627869 0.0 0.4399999976158142 0.6399999856948853 0.0 0.46000000834465027 0.46000000834465027 0.0 0.46000000834465027 0.46000000834465027 0.5099999904632568 0.0 0.0 0.3100000023841858 0.0 0.09000000357627869 0.0 0.09000000357627869 0.0 0.4300000071525574 0.0 0.09000000357627869 0.09000000357627869 0.09000000357627869 0.5099999904632568 0.0 0.0 0.3100000023841858 0.0 0.09000000357627869 0.0 0.09000000357627869 0.09000000357627869 0.0 0.09000000357627869 0.0 0.09000000357627869 0.09000000357627869 0.09000000357627869 0.0 0.09000000357627869 0.09000000357627869 0.09000000357627869 0.5099999904632568 0.0 0.0 0.3100000023841858 0.0 0.09000000357627869 0.09000000357627869 0.5099999904632568 0.0 0.0 0.0 0.0 0.0 0.0 0.09000000357627869 0.0 0.09000000357627869 0.09000000357627869 0.0 0.0 0.11999999731779099 0.5099999904632568 0.0 0.0 0.0 0.0 0.09000000357627869 0.0 0.09000000357627869 0.09000000357627869 0.0 0.0 0.11999999731779099 0.0 0.11999999731779099 0.10999999940395355 0.0 0.4300000071525574 0.0 0.11999999731779099 0.0 0.11999999731779099 0.0 0.0 0.0 0.09000000357627869 0.09000000357627869 0.0 0.09000000357627869 0.0 0.09000000357627869 0.0 0.09000000357627869 0.0 0.09000000357627869 0.09000000357627869 0.09000000357627869 0.0 0.0 0.11999999731779099 0.10999999940395355 0.0 0.4300000071525574 0.0 0.11999999731779099
110 0.0 0.0 0.0 0.09000000357627869 0.0 0.09000000357627869 0.09000000357627869 0.0 0.0 0.11999999731779099 0.0 0.11999999731779099 0.5099999904632568 0.0 0.0 0.3100000023841858 0.0 0.09000000357627869 0.0 0.09000000357627869 0.09000000357627869 0.0 0.0 0.11999999731779099 0.0 0.11999999731779099 0.5099999904632568 0.0 0.0 0.3100000023841858 0.0 0.09000000357627869 0.09000000357627869 0.5099999904632568 0.0 0.0 0.3100000023841858 0.0 0.09000000357627869 0.0 0.09000000357627869 0.09000000357627869 0.0 0.0 0.0 0.6200000047683716 0.0 0.0 0.5099999904632568 0.0 0.0 0.3100000023841858 0.0 0.09000000357627869 0.09000000357627869 0.5099999904632568 0.0 0.0 0.3100000023841858 0.09000000357627869 0.11999999731779099 0.46000000834465027 0.0 0.0 0.09000000357627869 0.0 0.05000000074505806 0.0 0.0 0.0 0.3100000023841858 0.0 0.09000000357627869 0.0 0.0 0.0 0.1899999976158142 0.12999999523162842 0.0 0.0 0.0 0.0 0.4399999976158142 0.3199999928474426 0.18000000715255737 0.5099999904632568 0.0 0.0 0.0 0.0 0.0 0.0 0.0 0.0 0.0 0.0 0.0 0.11999999731779099 0.0 0.0 0.0 0.11999999731779099 0.0 0.0 0.0 0.0 0.0 0.0 0.0 0.0 0.09000000357627869 0.0 0.05000000074505806 0.0 0.0 0.0 0.0 0.0 0.09000000357627869 0.0 0.09000000357627869 0.0 0.0 0.0 0.0 0.0 0.0 0.0 0.0 0.0 0.0 0.0 0.0 0.0 0.3100000023841858 0.0 0.09000000357627869 0.0 0.09000000357627869 0.09000000357627869 0.550000011920929 0.0 0.0 0.3199999928474426 0.30000001192092896 0.0 0.0 0.0 0.3100000023841858 0.0 0.0 0.0 0.09000000357627869 0.09000000357627869 0.0 0.09000000357627869 0.09000000357627869 0.6200000047683716 0.0 0.0 0.0 0.0 0.0 0.0 0.0 0.09000000357627869 0.0 0.09000000357627869 0.09000000357627869 0.0 0.0 0.0 0.0 0.09000000357627869 0.09000000357627869 0.0 0.4399999976158142 0.6399999856948853 0.0 0.46000000834465027 0.46000000834465027 0.0 0.46000000834465027 0.46000000834465027 0.0 0.0 0.0 0.3100000023841858 0.0 0.0 0.0 0.09000000357627869 0.09000000357627869 0.0 0.09000000357627869 0.09000000357627869 0.550000011920929 0.0 0.0 0.3199999928474426 0.30000001192092896 0.5099999904632568 0.0 0.0 0.0 0.0 0.09000000357627869 0.0 0.09000000357627869 0.09000000357627869 0.0 0.0 0.0 0.5099999904632568 0.0 0.0 0.3100000023841858 0.0 0.09000000357627869 0.0 0.09000000357627869 0.09000000357627869 0.6200000047683716 0.0 0.0 0.0 0.0 0.0 0.0 0.0 0.09000000357627869 0.0 0.09000000357627869 0.09000000357627869 0.1899999976158142 0.12999999523162842 0.1899999976158142 0.0 0.4399999976158142 0.0 0.4399999976158142 0.3199999928474426 0.18000000715255737 0.5099999904632568 0.0 0.0 0.0 0.0 0.09000000357627869 0.09000000357627869 0.0 0.0 0.0 0.3100000023841858 0.0 0.0 0.0 0.09000000357627869 0.0 0.0 0.0 0.11999999731779099 0.0 0.11999999731779099 0.10999999940395355 0.0 0.4300000071525574 0.0 0.11999999731779099 0.0 0.11999999731779099 0.0 0.0 0.0 0.3100000023841858 0.0 0.0 0.05000000074505806 0.09000000357627869 0.09000000357627869 0.0 0.4300000071525574 0.5099999904632568 0.0 0.0 0.0 0.0 0.09000000357627869 0.0 0.0 0.09000000357627869 0.0 0.09000000357627869 0.0 0.0 0.0 0.09000000357627869 0.0 0.4399999976158142 0.0 0.0 0.46000000834465027 0.0 0.0 0.46000000834465027 0.0 0.5099999904632568 0.0 0.0 0.3100000023841858 0.0 0.0 0.0 0.09000000357627869 0.09000000357627869 0.5099999904632568 0.0 0.0
111 0.0 0.3100000023841858 0.0 0.09000000357627869 0.0 0.09000000357627869 0.09000000357627869 0.0 0.0 0.11999999731779099 0.0 0.11999999731779099 0.5099999904632568 0.0 0.0 0.3100000023841858 0.0 0.09000000357627869 0.09000000357627869 0.5099999904632568 0.0 0.0 0.3100000023841858 0.0 0.09000000357627869 0.0 0.0 0.5099999904632568 0.0 0.09000000357627869 0.0 0.0 0.0 0.1899999976158142 0.12999999523162842 0.0 0.0 0.0 0.4399999976158142 0.3199999928474426 0.5099999904632568 0.0 0.0 0.0 0.0 0.0 0.0 0.0 0.0 0.0 0.0 0.0 0.11999999731779099 0.0 0.0 0.0 0.11999999731779099 0.0 0.0 0.0 0.0 0.0 0.0 0.0 0.4399999976158142 0.0 0.0 0.0 0.0 0.0 0.0 0.0 0.0 0.0 0.0 0.09000000357627869 0.0 0.09000000357627869 0.0 0.0 0.0 0.09000000357627869 0.20999999344348907 0.05000000074505806 0.05000000074505806 0.0 0.33000001311302185 0.33000001311302185 0.33000001311302185 0.0 0.0 0.0 0.0 0.0 0.09000000357627869 0.0 0.09000000357627869 0.0 0.0 0.0 0.0 0.0 0.0 0.0 0.0 0.0 0.0 0.0 0.0 0.0 0.3100000023841858 0.0 0.09000000357627869 0.0 0.09000000357627869 0.09000000357627869 0.550000011920929 0.0 0.0 0.3199999928474426 0.30000001192092896 0.0 0.0 0.0 0.3100000023841858 0.0 0.0 0.0 0.09000000357627869 0.09000000357627869 0.0 0.09000000357627869 0.09000000357627869 0.6200000047683716 0.0 0.0 0.0 0.0 0.0 0.0 0.0 0.09000000357627869 0.0 0.09000000357627869 0.09000000357627869 0.0 0.0 0.0 0.0 0.09000000357627869 0.09000000357627869 0.0 0.4399999976158142 0.6399999856948853 0.0 0.46000000834465027 0.46000000834465027 0.0 0.46000000834465027 0.46000000834465027 0.0 0.0 0.0 0.3100000023841858 0.0 0.0 0.0 0.09000000357627869 0.09000000357627869 0.5099999904632568 0.0 0.0 0.0 0.0 0.09000000357627869 0.0 0.09000000357627869 0.09000000357627869 0.0 0.0 0.0 0.5099999904632568 0.09000000357627869 0.0 0.0 0.0 0.09000000357627869 0.0 0.0 0.0 0.3100000023841858 0.0 0.0 0.0 0.09000000357627869 0.0 0.0 0.0 0.11999999731779099 0.0 0.11999999731779099 0.0 0.11999999731779099 0.0 0.0 0.0 0.0 0.0 0.0 0.09000000357627869 0.0 0.09000000357627869 0.0 0.0 0.0 0.0 0.0 0.0 0.09000000357627869 0.0 0.09000000357627869 0.09000000357627869 0.09000000357627869 0.0 0.0 0.0 0.0 0.0 0.09000000357627869 0.0 0.0 0.09000000357627869 0.0 0.09000000357627869 0.0 0.0 0.0 0.09000000357627869 0.0 0.4399999976158142 0.0 0.0 0.46000000834465027 0.0 0.0 0.46000000834465027 0.0 0.5099999904632568 0.0 0.0 0.3100000023841858 0.0 0.0 0.0 0.09000000357627869 0.09000000357627869 0.0 0.09000000357627869 0.0 0.6200000047683716 0.0 0.0 0.5099999904632568 0.0 0.0 0.0 0.0 0.09000000357627869 0.0 0.09000000357627869 0.0 0.0
112 0.0 0.09000000357627869 0.0 0.09000000357627869 0.09000000357627869 0.5099999904632568 0.0 0.0 0.0 0.0 0.09000000357627869 0.0 0.09000000357627869 0.09000000357627869 0.0 0.0 0.11999999731779099 0.0 0.11999999731779099 0.0 0.0 0.0 0.0 0.0 0.0 0.5099999904632568 0.0 0.0 0.3100000023841858 0.0 0.09000000357627869 0.0 0.09000000357627869 0.09000000357627869 0.0 0.0 0.11999999731779099 0.0 0.0 0.0 0.11999999731779099 0.0 0.11999999731779099 0.5099999904632568 0.0 0.0 0.3100000023841858 0.0 0.09000000357627869 0.09000000357627869 0.5099999904632568 0.0 0.0 0.3100000023841858 0.0 0.09000000357627869 0.0 0.09000000357627869 0.09000000357627869 0.0 0.0 0.0 0.6200000047683716 0.0 0.0 0.5099999904632568 0.0 0.0 0.3100000023841858 0.0 0.09000000357627869 0.09000000357627869 0.5099999904632568 0.0 0.0 0.3100000023841858 0.0 0.11999999731779099 0.0 0.11999999731779099 0.0 0.11999999731779099 0.0 0.6399999856948853 0.0 0.46000000834465027 0.0 0.0 0.0 0.46000000834465027 0.0 0.0 0.0 0.09000000357627869 0.0 0.09000000357627869 0.6200000047683716 0.0 0.0 0.0 0.0 0.0 0.0 0.0 0.09000000357627869 0.0 0.0 0.0 0.0 0.09000000357627869 0.0 0.0 0.0 0.0 0.0 0.0 0.3100000023841858 0.0 0.09000000357627869 0.0 0.09000000357627869 0.09000000357627869 0.0 0.09000000357627869 0.09000000357627869 0.0 0.09000000357627869 0.09000000357627869 0.0 0.0 0.05000000074505806 0.0 0.33000001311302185 0.33000001311302185 0.0 0.0 0.0 0.0 0.3100000023841858 0.0 0.09000000357627869 0.0 0.0 0.0 0.1899999976158142 0.12999999523162842 0.0 0.0 0.0 0.0 0.4399999976158142 0.3199999928474426 0.18000000715255737 0.5099999904632568 0.0 0.0 0.0 0.0 0.0 0.0 0.0 0.0 0.0 0.0 0.0 0.0 0.0 0.0 0.11999999731779099 0.0 0.0 0.0 0.11999999731779099 0.5099999904632568 0.0 0.0 0.0 0.0 0.09000000357627869 0.05000000074505806 0.09000000357627869 0.0 0.0 0.0 0.0 0.0 0.09000000357627869 0.0 0.0 0.0 0.0 0.0 0.0 0.5099999904632568 0.0 0.0 0.0 0.0 0.0 0.0 0.0 0.0 0.0 0.0 0.0 0.0 0.0 0.0 0.0 0.0 0.09000000357627869 0.1899999976158142 0.0 0.1899999976158142 0.0 0.4399999976158142 0.0 0.4399999976158142 0.3199999928474426 0.18000000715255737 0.0 0.0 0.0 0.0 0.0 0.0 0.0 0.0 0.0 0.0 0.0 0.0 0.0 0.0 0.0 0.09000000357627869 0.0 0.09000000357627869 0.0 0.0 0.0 0.09000000357627869 0.20999999344348907 0.05000000074505806 0.05000000074505806 0.0 0.33000001311302185 0.33000001311302185 0.33000001311302185 0.0 0.0 0.0 0.0 0.0 0.09000000357627869 0.0 0.09000000357627869 0.0 0.0 0.0 0.0 0.0 0.0 0.0 0.0 0.0 0.0 0.0 0.0 0.0 0.3100000023841858 0.0 0.09000000357627869 0.0 0.09000000357627869 0.09000000357627869 0.550000011920929 0.0 0.0 0.3199999928474426 0.30000001192092896 0.0 0.0 0.0 0.3100000023841858 0.0 0.0 0.0 0.09000000357627869 0.09000000357627869 0.0 0.09000000357627869 0.09000000357627869 0.6200000047683716 0.0 0.0 0.0 0.0 0.0 0.0 0.0 0.09000000357627869 0.0 0.09000000357627869 0.09000000357627869 0.0 0.0 0.0 0.0 0.09000000357627869 0.09000000357627869 0.0 0.4399999976158142 0.6399999856948853 0.0 0.46000000834465027 0.46000000834465027 0.0 0.46000000834465027 0.46000000834465027 0.0 0.0 0.0 0.3100000023841858 0.0 0.0 0.0 0.09000000357627869 0.09000000357627869 0.0 0.09000000357627869 0.09000000357627869 0.5099999904632568 0.0 0.0 0.0 0.0 0.09000000357627869 0.0 0.09000000357627869 0.09000000357627869 0.0 0.0 0.0 0.5099999904632568 0.0 0.0 0.3100000023841858 0.0 0.09000000357627869 0.0 0.09000000357627869 0.09000000357627869 0.6200000047683716 0.0 0.0 0.0 0.0 0.0 0.0 0.0 0.09000000357627869 0.0 0.09000000357627869 0.09000000357627869 0.1899999976158142 0.12999999523162842 0.1899999976158142 0.0 0.4399999976158142 0.0 0.4399999976158142 0.3199999928474426 0.18000000715255737 0.5099999904632568 0.0 0.0 0.0 0.0 0.09000000357627869 0.0 0.0 0.0 0.3100000023841858 0.0 0.0 0.0 0.09000000357627869 0.0 0.0 0.0 0.11999999731779099 0.0 0.0 0.0 0.0 0.0 0.09000000357627869 0.0 0.09000000357627869 0.0 0.0 0.0 0.0 0.0 0.0 0.09000000357627869 0.0 0.09000000357627869 0.09000000357627869 0.09000000357627869 0.0 0.0 0.0 0.3100000023841858 0.0 0.0 0.05000000074505806 0.09000000357627869 0.09000000357627869 0.0 0.4300000071525574 0.5099999904632568 0.0 0.0 0.3100000023841858 0.0 0.0 0.0 0.09000000357627869 0.09000000357627869 0.0 0.09000000357627869 0.0 0.6200000047683716 0.0 0.0 0.5099999904632568 0.0 0.0 0.0 0.0 0.09000000357627869 0.0 0.09000000357627869 0.09000000357627869 0.0 0.0 0.0 0.0 0.0 0.0 0.0 0.0 0.11999999731779099 0.0 0.0 0.0 0.0 0.0 0.3100000023841858 0.0 0.0 0.0 0.09000000357627869
113 0.09000000357627869 0.09000000357627869 0.5099999904632568 0.0 0.09000000357627869 0.5099999904632568 0.0 0.3100000023841858 0.0 0.09000000357627869 0.0 0.09000000357627869 0.09000000357627869 0.0 0.0 0.11999999731779099 0.0 0.11999999731779099 0.0 0.11999999731779099 0.0 0.11999999731779099 0.0 0.11999999731779099 0.5099999904632568 0.0 0.0 0.3100000023841858 0.0 0.09000000357627869 0.09000000357627869 0.5099999904632568 0.0 0.0 0.3100000023841858 0.09000000357627869 0.09000000357627869 0.09000000357627869 0.0 0.0 0.0 0.0 0.09000000357627869 0.3100000023841858 0.0 0.0 0.0 0.0 0.1899999976158142 0.12999999523162842 0.0 0.5099999904632568 0.0 0.0 0.0 0.0 0.0 0.0 0.0 0.0 0.0 0.0 0.0 0.0 0.0 0.0 0.11999999731779099 0.0 0.0 0.0 0.11999999731779099 0.5099999904632568 0.0 0.0 0.0 0.0 0.09000000357627869 0.0 0.0 0.0 0.0 0.0 0.0 0.5099999904632568 0.0 0.0 0.0 0.0 0.0 0.0 0.0 0.0 0.0 0.0 0.0 0.0 0.0 0.0 0.0 0.0 0.0 0.09000000357627869 0.0 0.4300000071525574 0.09000000357627869 0.0 0.0 0.0 0.0 0.0 0.0 0.0 0.0 0.0 0.0 0.0 0.0 0.0 0.09000000357627869 0.09000000357627869 0.1899999976158142 0.0 0.1899999976158142 0.0 0.4399999976158142 0.0 0.4399999976158142 0.3199999928474426 0.18000000715255737 0.0 0.0 0.0 0.0 0.0 0.0 0.0 0.0 0.0 0.0 0.0 0.0 0.0 0.0 0.0 0.09000000357627869 0.0 0.09000000357627869 0.0 0.0 0.0 0.09000000357627869 0.20999999344348907 0.05000000074505806 0.05000000074505806 0.0 0.33000001311302185 0.33000001311302185 0.33000001311302185 0.0 0.0 0.0 0.0 0.0 0.09000000357627869 0.0 0.09000000357627869 0.0 0.0 0.0 0.0 0.0 0.0 0.0 0.0 0.0 0.0 0.0 0.0 0.0 0.3100000023841858 0.0 0.09000000357627869 0.0 0.09000000357627869 0.09000000357627869 0.550000011920929 0.0 0.0 0.3199999928474426 0.30000001192092896 0.0 0.0 0.0 0.3100000023841858 0.0 0.0 0.09000000357627869 0.0 0.0 0.09000000357627869 0.6399999856948853 0.0 0.46000000834465027 0.46000000834465027 0.0 0.46000000834465027 0.46000000834465027 0.0 0.09000000357627869 0.0 0.09000000357627869 0.0 0.0 0.0 0.0 0.0 0.09000000357627869 0.0 0.09000000357627869 0.09000000357627869 0.09000000357627869 0.0 0.0 0.0 0.3100000023841858 0.0 0.0 0.05000000074505806 0.09000000357627869 0.09000000357627869 0.0 0.4300000071525574 0.5099999904632568 0.0 0.0 0.0 0.0 0.09000000357627869 0.0 0.0 0.09000000357627869 0.0 0.09000000357627869 0.0 0.0 0.0 0.09000000357627869 0.0 0.4399999976158142 0.0 0.0 0.46000000834465027 0.0 0.0 0.46000000834465027 0.0 0.5099999904632568 0.0 0.0 0.0 0.0 0.09000000357627869 0.0 0.09000000357627869 0.09000000357627869 0.0 0.0 0.0 0.0 0.0 0.0 0.0 0.0 0.11999999731779099 0.0 0.0 0.0 0.0 0.0 0.3100000023841858 0.0 0.0 0.0 0.09000000357627869 0.09000000357627869 0.1899999976158142 0.12999999523162842 0.1899999976158142 0.0 0.4399999976158142 0.0 0.4399999976158142 0.3199999928474426 0.18000000715255737 0.0 0.0 0.0 0.0 0.0 0.09000000357627869 0.0 0.09000000357627869 0.0 0.09000000357627869 0.09000000357627869
114 0.09000000357627869 0.09000000357627869 0.0 0.0 0.0 0.0 0.09000000357627869 0.0 0.09000000357627869 0.09000000357627869 0.0 0.09000000357627869 0.09000000357627869 0.550000011920929 0.0 0.0 0.0 0.0 0.5099999904632568 0.0 0.0 0.0 0.0 0.09000000357627869 0.0 0.0 0.11999999731779099 0.0 0.11999999731779099 0.5099999904632568 0.0 0.0 0.3100000023841858 0.0 0.09000000357627869 0.0 0.09000000357627869 0.09000000357627869 0.0 0.0 0.11999999731779099 0.0 0.11999999731779099 0.0 0.11999999731779099 0.0 0.11999999731779099 0.0 0.11999999731779099 0.5099999904632568 0.0 0.0 0.3100000023841858 0.0 0.09000000357627869 0.09000000357627869 0.0 0.0 0.0 0.0 0.0 0.0 0.0 0.09000000357627869 0.0 0.0 0.0 0.0 0.0 0.0 0.0 0.0 0.0 0.0 0.0 0.0 0.0 0.0 0.0 0.0 0.0 0.0 0.0 0.0 0.0 0.0 0.0 0.0 0.09000000357627869 0.0 0.0 0.0 0.09000000357627869 0.0 0.0 0.0 0.0 0.0 0.0 0.0 0.0 0.0 0.09000000357627869 0.09000000357627869 0.6200000047683716 0.0 0.0 0.0 0.0 0.0 0.0 0.0 0.09000000357627869 0.0 0.0 0.0 0.0 0.09000000357627869 0.0 0.0 0.0 0.0 0.0 0.0 0.0 0.0 0.3100000023841858 0.0 0.09000000357627869 0.0 0.09000000357627869 0.09000000357627869 0.0 0.09000000357627869 0.09000000357627869 0.0 0.0 0.0 0.3100000023841858 0.0 0.09000000357627869 0.0 0.0 0.0 0.1899999976158142 0.12999999523162842 0.0 0.0 0.0 0.0 0.4399999976158142 0.3199999928474426 0.5099999904632568 0.0 0.0 0.0 0.0 0.0 0.0 0.0 0.0 0.0 0.0 0.0 0.0 0.0 0.0 0.11999999731779099 0.0 0.0 0.0 0.11999999731779099 0.5099999904632568 0.0 0.0 0.0 0.0 0.09000000357627869 0.05000000074505806 0.0 0.0 0.0 0.0 0.0 0.09000000357627869 0.5099999904632568 0.0 0.5099999904632568 0.0 0.0 0.0 0.0 0.09000000357627869 0.0 0.0 0.0 0.0 0.0 0.0 0.5099999904632568 0.0 0.0 0.0 0.0 0.0 0.0 0.09000000357627869 0.09000000357627869 0.0 0.0 0.0 0.0 0.09000000357627869 0.09000000357627869 0.0 0.0 0.0 0.0 0.0 0.0 0.0 0.0 0.0 0.09000000357627869 0.0 0.09000000357627869 0.0 0.4300000071525574 0.0 0.09000000357627869 0.09000000357627869 0.0 0.0 0.0 0.3100000023841858 0.0 0.0 0.0 0.09000000357627869 0.0 0.0 0.09000000357627869 0.0 0.0 0.0 0.0 0.09000000357627869 0.0 0.0 0.0 0.0 0.0 0.0 0.0 0.0 0.0 0.0 0.0 0.0 0.0 0.0 0.0 0.0 0.0 0.09000000357627869 0.09000000357627869 0.0 0.0 0.0 0.0 0.5099999904632568 0.0 0.0 0.0 0.0 0.0 0.0 0.0 0.0 0.0 0.0 0.0 0.0 0.0 0.0 0.0 0.0 0.0 0.0 0.0 0.0 0.0 0.0 0.0 0.0 0.0 0.09000000357627869 0.09000000357627869 0.1899999976158142 0.0 0.1899999976158142 0.0 0.4399999976158142 0.0 0.4399999976158142 0.3199999928474426 0.18000000715255737 0.0 0.0 0.0 0.0 0.0 0.0 0.0 0.0 0.0 0.0 0.0 0.0 0.0 0.0 0.0 0.09000000357627869 0.0 0.09000000357627869 0.0 0.0 0.0 0.09000000357627869 0.20999999344348907 0.05000000074505806 0.05000000074505806 0.0 0.33000001311302185 0.33000001311302185 0.33000001311302185 0.0 0.0 0.0 0.0 0.0 0.09000000357627869 0.0 0.09000000357627869 0.0 0.0 0.0 0.0 0.0 0.0 0.0 0.0 0.0 0.0 0.0 0.0 0.0 0.3100000023841858 0.09000000357627869 0.0 0.46000000834465027 0.0 0.46000000834465027 0.46000000834465027 0.0 0.0 0.0 0.05000000074505806 0.09000000357627869 0.0 0.4300000071525574 0.5099999904632568 0.0 0.0 0.0 0.0 0.09000000357627869 0.0 0.0 0.09000000357627869 0.0 0.09000000357627869 0.0 0.0 0.0 0.09000000357627869 0.0 0.4399999976158142 0.0 0.0 0.0 0.0 0.0 0.5099999904632568 0.0 0.0 0.3100000023841858 0.0 0.0 0.0 0.09000000357627869 0.09000000357627869 0.0 0.09000000357627869 0.0 0.6200000047683716 0.0 0.0 0.5099999904632568 0.0 0.0 0.3100000023841858 0.0 0.0 0.0 0.09000000357627869 0.09000000357627869 0.1899999976158142 0.12999999523162842 0.1899999976158142 0.0 0.4399999976158142 0.0 0.4399999976158142 0.3199999928474426 0.18000000715255737 0.0 0.0 0.0 0.0 0.0 0.09000000357627869 0.0 0.09000000357627869 0.0 0.0 0.0 0.0 0.0 0.09000000357627869 0.09000000357627869 0.0 0.4399999976158142 0.6399999856948853 0.0 0.46000000834465027 0.46000000834465027 0.0 0.46000000834465027 0.46000000834465027 0.0 0.0 0.0 0.3100000023841858 0.0 0.0 0.0 0.09000000357627869 0.09000000357627869 0.0 0.0 0.09000000357627869 0.20000000298023224 0.09000000357627869 0.09000000357627869 0.0 0.0 0.0 0.0 0.0 0.09000000357627869 0.0 0.0 0.0 0.0 0.11999999731779099 0.0 0.11999999731779099 0.0 0.0 0.0 0.0 0.0 0.0 0.0 0.0 0.1599999964237213 0.0 0.0 0.09000000357627869 0.0 0.0 0.0 0.0 0.0 0.0 0.09000000357627869 0.09000000357627869 0.09000000357627869 0.0 0.09000000357627869 0.09000000357627869 0.5099999904632568 0.0 0.0 0.0 0.0 0.0 0.0 0.0 0.0 0.0 0.0 0.0 0.0 0.0 0.0 0.0 0.09000000357627869 0.0 0.09000000357627869 0.09000000357627869 0.0 0.0 0.0 0.0 0.0 0.0 0.0 0.0 0.0 0.0 0.0 0.0
115 0.0 0.46000000834465027 0.46000000834465027 0.09000000357627869 0.09000000357627869 0.09000000357627869 0.0 0.09000000357627869 0.0 0.09000000357627869 0.550000011920929 0.0 0.0 0.3100000023841858 0.0 0.09000000357627869 0.09000000357627869 0.0 0.0 0.11999999731779099 0.0 0.11999999731779099 0.0 0.11999999731779099 0.0 0.11999999731779099 0.0 0.11999999731779099 0.0 0.0 0.0 0.0 0.0 0.0 0.0 0.09000000357627869 0.0 0.0 0.0 0.09000000357627869 0.0 0.0 0.0 0.0 0.0 0.09000000357627869 0.0 0.0 0.0 0.0 0.0 0.0 0.0 0.11999999731779099 0.0 0.0 0.0 0.11999999731779099 0.5099999904632568 0.0 0.0 0.0 0.0 0.09000000357627869 0.0 0.0 0.0 0.0 0.0 0.0 0.0 0.0 0.0 0.09000000357627869 0.0 0.09000000357627869 0.0 0.4300000071525574 0.0 0.09000000357627869 0.09000000357627869 0.09000000357627869 0.0 0.0 0.0 0.3100000023841858 0.0 0.0 0.0 0.0 0.09000000357627869 0.0 0.0 0.0 0.09000000357627869 0.0 0.0 0.0 0.0 0.0 0.09000000357627869 0.0 0.09000000357627869 0.09000000357627869 0.0 0.09000000357627869 0.0 0.0 0.09000000357627869 0.09000000357627869 0.20999999344348907 0.05000000074505806 0.05000000074505806 0.0 0.33000001311302185 0.33000001311302185 0.33000001311302185 0.0 0.0 0.0 0.3100000023841858 0.0 0.0 0.0 0.0 0.0 0.0 0.0 0.09000000357627869 0.0 0.09000000357627869 0.09000000357627869 0.0 0.09000000357627869 0.0 0.550000011920929 0.0 0.0 0.3199999928474426 0.30000001192092896 0.0 0.0 0.09000000357627869 0.0 0.0 0.0 0.0 0.0 0.0 0.0 0.0 0.0 0.0 0.0 0.11999999731779099 0.0 0.0 0.0 0.0 0.11999999731779099 0.0 0.0 0.0 0.0 0.0 0.0 0.0 0.0 0.0 0.0 0.0 0.0 0.0 0.0 0.0 0.0 0.0 0.0 0.0 0.09000000357627869 0.09000000357627869 0.0 0.0 0.0 0.0 0.0 0.0 0.5099999904632568 0.0 0.0 0.0 0.0 0.0 0.0 0.0 0.0 0.0 0.0 0.0 0.0 0.0 0.0 0.0 0.0 0.0 0.0 0.0 0.0 0.0 0.0 0.0 0.0 0.0 0.09000000357627869 0.09000000357627869 0.1899999976158142 0.0 0.1899999976158142 0.0 0.4399999976158142 0.0 0.4399999976158142 0.3199999928474426 0.18000000715255737 0.0 0.0 0.0 0.0 0.0 0.0 0.0 0.0 0.0 0.0 0.0 0.0 0.0 0.0 0.0 0.09000000357627869 0.0 0.09000000357627869 0.0 0.0 0.0 0.09000000357627869 0.20999999344348907 0.05000000074505806 0.05000000074505806 0.0 0.33000001311302185 0.33000001311302185 0.33000001311302185 0.0 0.0 0.0 0.09000000357627869 0.0 0.0 0.09000000357627869 0.5099999904632568 0.0 0.0 0.3100000023841858 0.0 0.0 0.0 0.09000000357627869 0.09000000357627869 0.0 0.09000000357627869 0.0 0.6200000047683716 0.0 0.0 0.5099999904632568 0.0 0.0 0.0 0.0 0.09000000357627869 0.0 0.09000000357627869 0.09000000357627869 0.0 0.0 0.0 0.0 0.0 0.0 0.0 0.0 0.11999999731779099 0.0 0.0 0.0 0.0 0.0 0.0 0.0 0.09000000357627869 0.0 0.09000000357627869 0.0 0.0 0.0 0.0 0.0 0.09000000357627869 0.09000000357627869 0.0 0.4399999976158142 0.6399999856948853 0.0 0.46000000834465027 0.46000000834465027 0.0 0.46000000834465027 0.46000000834465027 0.0 0.0 0.0 0.3100000023841858 0.0 0.0 0.0 0.09000000357627869 0.09000000357627869 0.0 0.0 0.09000000357627869 0.20000000298023224 0.09000000357627869 0.09000000357627869 0.0 0.0 0.6399999856948853 0.0 0.46000000834465027 0.46000000834465027 0.0 0.46000000834465027 0.0 0.0 0.0 0.0 0.0 0.0 0.09000000357627869 0.0 0.0 0.0 0.0 0.0 0.11999999731779099 0.0 0.0 0.0 0.0 0.0 0.0 0.0 0.0 0.0 0.0
116 0.0 0.09000000357627869 0.0 0.09000000357627869 0.09000000357627869 0.0 0.09000000357627869 0.09000000357627869 0.0 0.09000000357627869 0.09000000357627869 0.20000000298023224 0.09000000357627869 0.0 0.4399999976158142 0.6399999856948853 0.0 0.46000000834465027 0.46000000834465027 0.0 0.46000000834465027 0.46000000834465027 0.0 0.09000000357627869 0.0 0.09000000357627869 0.09000000357627869 0.0 0.0 0.11999999731779099 0.0 0.11999999731779099 0.0 0.0 0.0 0.0 0.09000000357627869 0.09000000357627869 0.0 0.09000000357627869 0.0 0.09000000357627869 0.09000000357627869 0.0 0.09000000357627869 0.0 0.0 0.0 0.0 0.3100000023841858 0.0 0.09000000357627869 0.05000000074505806 0.0 0.0 0.0 0.0 0.3100000023841858 0.0 0.0 0.0 0.09000000357627869 0.09000000357627869 0.0 0.0 0.0 0.0 0.0 0.0 0.0 0.0 0.09000000357627869 0.0 0.0 0.09000000357627869 0.0 0.09000000357627869 0.0 0.09000000357627869 0.09000000357627869 0.09000000357627869 0.0 0.09000000357627869 0.09000000357627869 0.09000000357627869 0.0 0.0 0.0 0.3100000023841858 0.0 0.0 0.0 0.0 0.0 0.0 0.09000000357627869 0.0 0.0 0.0 0.0 0.0 0.09000000357627869 0.0 0.09000000357627869 0.09000000357627869 0.0 0.09000000357627869 0.09000000357627869 0.550000011920929 0.0 0.0 0.0 0.0 0.5099999904632568 0.0 0.0 0.3100000023841858 0.09000000357627869 0.0 0.0 0.0 0.11999999731779099 0.0 0.11999999731779099 0.0 0.11999999731779099 0.0 0.11999999731779099 0.0 0.09000000357627869 0.0 0.0 0.0 0.0 0.0 0.09000000357627869 0.0 0.0 0.0 0.0 0.0 0.0 0.0 0.0 0.09000000357627869 0.0 0.0 0.0 0.0 0.0 0.0 0.0 0.0 0.0 0.0 0.09000000357627869 0.0 0.0 0.0 0.0 0.0 0.0 0.0 0.0 0.0 0.0 0.09000000357627869 0.0 0.09000000357627869 0.09000000357627869 0.0 0.0 0.09000000357627869 0.0 0.09000000357627869 0.0 0.0 0.11999999731779099 0.0 0.0 0.0 0.0 0.0 0.0 0.0 0.0 0.0 0.0 0.0 0.0 0.0 0.0 0.0 0.09000000357627869 0.0 0.0 0.0 0.0 0.0 0.0 0.0 0.0 0.0 0.09000000357627869 0.0 0.0 0.0 0.0 0.0 0.0 0.0 0.0 0.0 0.0 0.0 0.0 0.09000000357627869 0.0 0.0 0.0 0.09000000357627869 0.0 0.0 0.0 0.0 0.0 0.0 0.0 0.0 0.0 0.09000000357627869 0.09000000357627869 0.0 0.0 0.0 0.0 0.0 0.09000000357627869 0.0 0.0 0.0 0.0 0.09000000357627869 0.0 0.0 0.0 0.0 0.0 0.0 0.0 0.11999999731779099 0.0 0.0 0.0 0.11999999731779099 0.0 0.0 0.0 0.0 0.09000000357627869 0.0 0.09000000357627869 0.0 0.0 0.0 0.0 0.0 0.0 0.0 0.0 0.09000000357627869 0.0 0.09000000357627869 0.0 0.0 0.09000000357627869 0.09000000357627869 0.0 0.0 0.0 0.3100000023841858 0.0 0.0 0.0 0.09000000357627869 0.0 0.0 0.09000000357627869 0.0 0.0 0.0 0.0 0.09000000357627869 0.0 0.0 0.0 0.0 0.0 0.09000000357627869 0.0 0.09000000357627869 0.09000000357627869 0.0 0.0 0.0 0.09000000357627869 0.0 0.0 0.0 0.0 0.0 0.0 0.0 0.0 0.09000000357627869 0.0 0.0 0.0 0.0 0.09000000357627869 0.0 0.0 0.0 0.0 0.0 0.0 0.0 0.0 0.0 0.0 0.0 0.0 0.0 0.11999999731779099 0.0 0.0 0.0 0.0 0.0 0.0 0.0 0.0 0.0 0.0 0.0 0.0 0.0 0.0 0.0 0.0 0.0 0.0 0.0 0.09000000357627869 0.0 0.0 0.0 0.0 0.0 0.0 0.0 0.09000000357627869 0.09000000357627869 0.0 0.0 0.0 0.0 0.0 0.0 0.5099999904632568 0.0 0.0 0.0 0.0 0.0 0.0 0.0 0.0 0.0 0.0 0.0 0.0 0.0 0.0 0.0 0.0 0.0 0.0 0.0 0.0 0.0 0.0 0.0 0.0 0.0 0.09000000357627869 0.09000000357627869 0.1899999976158142 0.0 0.1899999976158142 0.0 0.4399999976158142 0.0 0.4399999976158142 0.3199999928474426 0.18000000715255737 0.0 0.0 0.0 0.0 0.0 0.0 0.0 0.0 0.0 0.0 0.0 0.0 0.0 0.0 0.0 0.0 0.0 0.0 0.09000000357627869 0.0 0.09000000357627869 0.0 0.6200000047683716 0.0 0.5099999904632568 0.0 0.0 0.0 0.0 0.09000000357627869 0.0 0.09000000357627869 0.09000000357627869 0.0 0.0 0.0 0.0 0.0 0.0 0.0 0.0 0.11999999731779099 0.0 0.0 0.0 0.0 0.0 0.3100000023841858 0.0 0.0 0.0 0.09000000357627869 0.09000000357627869 0.1899999976158142 0.12999999523162842 0.1899999976158142 0.0 0.4399999976158142 0.0 0.4399999976158142 0.3199999928474426 0.18000000715255737 0.0 0.0 0.0 0.3100000023841858 0.0 0.0 0.0 0.09000000357627869 0.09000000357627869 0.0 0.0 0.09000000357627869 0.20000000298023224 0.09000000357627869 0.09000000357627869 0.0 0.0 0.6399999856948853 0.0 0.46000000834465027 0.46000000834465027 0.0 0.46000000834465027 0.0 0.0 0.0 0.0 0.0 0.0 0.09000000357627869 0.0 0.0 0.09000000357627869 0.0 0.0 0.11999999731779099 0.0 0.11999999731779099 0.0 0.0 0.0 0.0 0.0 0.0 0.0 0.0 0.0 0.0 0.3100000023841858 0.0 0.0 0.0 0.09000000357627869 0.09000000357627869 0.5099999904632568 0.0 0.0 0.0 0.1599999964237213 0.0 0.0 0.0 0.0 0.0 0.09000000357627869 0.0 0.09000000357627869 0.09000000357627869 0.0 0.0 0.0 0.0 0.0 0.0 0.0 0.0 0.0 0.0 0.0 0.0 0.0 0.0 0.0 0.0 0.11999999731779099
117 0.0 0.14000000059604645 0.0 0.1599999964237213 0.0 0.14000000059604645 0.0 0.6399999856948853 0.0 0.46000000834465027 0.46000000834465027 0.0 0.46000000834465027 0.46000000834465027 0.0 0.0 0.09000000357627869 0.0 0.09000000357627869 0.09000000357627869 0.09000000357627869 0.09000000357627869 0.550000011920929 0.0 0.11999999731779099 0.0 0.0 0.09000000357627869 0.0 0.0 0.0 0.0 0.0 0.09000000357627869 0.0 0.09000000357627869 0.09000000357627869 0.0 0.0 0.09000000357627869 0.0 0.09000000357627869 0.0 0.11999999731779099 0.0 0.0 0.0 0.11999999731779099 0.0 0.0 0.0 0.0 0.0 0.0 0.0 0.0 0.0 0.0 0.0 0.0 0.09000000357627869 0.0 0.0 0.0 0.0 0.0 0.0 0.0 0.0 0.09000000357627869 0.0 0.0 0.0 0.09000000357627869 0.0 0.0 0.09000000357627869 0.09000000357627869 0.0 0.0 0.0 0.0 0.0 0.0 0.0 0.0 0.09000000357627869 0.0 0.0 0.0 0.0 0.0 0.0 0.0 0.0 0.09000000357627869 0.0 0.09000000357627869 0.09000000357627869 0.0 0.0 0.0 0.09000000357627869 0.09000000357627869 0.33000001311302185 0.0 0.0 0.0 0.3100000023841858 0.0 0.0 0.0 0.09000000357627869 0.0 0.0 0.09000000357627869 0.0 0.0 0.0 0.0 0.09000000357627869 0.0 0.0 0.0 0.0 0.0 0.09000000357627869 0.0 0.09000000357627869 0.09000000357627869 0.0 0.09000000357627869 0.0 0.550000011920929 0.0 0.0 0.3199999928474426 0.30000001192092896 0.0 0.0 0.0 0.3100000023841858 0.0 0.09000000357627869 0.0 0.09000000357627869 0.09000000357627869 0.0 0.09000000357627869 0.09000000357627869 0.6200000047683716 0.0 0.0 0.5099999904632568 0.0 0.0 0.3100000023841858 0.0 0.09000000357627869 0.0 0.09000000357627869 0.09000000357627869 0.6200000047683716 0.0 0.0 0.0 0.0 0.0 0.0 0.0 0.0 0.0 0.0 0.0 0.0 0.0 0.0 0.0 0.11999999731779099 0.0 0.11999999731779099 0.0 0.0 0.0 0.11999999731779099 0.0 0.0 0.0 0.0 0.0 0.0 0.0 0.0 0.0 0.0 0.0 0.0 0.0 0.0 0.0 0.09000000357627869 0.0 0.0 0.0 0.0 0.0 0.0 0.0 0.09000000357627869 0.09000000357627869 0.0 0.0 0.0 0.0 0.0 0.0 0.5099999904632568 0.0 0.0 0.0 0.0 0.0 0.0 0.0 0.0 0.0 0.0 0.0 0.0 0.0 0.0 0.0 0.0 0.0 0.0 0.0 0.0 0.0 0.0 0.0 0.0 0.0 0.09000000357627869 0.09000000357627869 0.1899999976158142 0.0 0.1899999976158142 0.0 0.0 0.0 0.0 0.0 0.0 0.0 0.09000000357627869 0.0 0.09000000357627869 0.09000000357627869 0.0 0.0 0.0 0.0 0.0 0.0 0.11999999731779099 0.0 0.0 0.0 0.0 0.0 0.3100000023841858 0.0 0.0 0.0 0.09000000357627869 0.09000000357627869 0.1899999976158142 0.12999999523162842 0.1899999976158142 0.0 0.4399999976158142 0.0 0.4399999976158142 0.3199999928474426 0.18000000715255737 0.0 0.0 0.0 0.0 0.0 0.09000000357627869 0.0 0.09000000357627869 0.0 0.0 0.0 0.0 0.0 0.09000000357627869 0.09000000357627869 0.0 0.4399999976158142 0.6399999856948853 0.0 0.46000000834465027 0.46000000834465027 0.0 0.46000000834465027 0.46000000834465027 0.0 0.0 0.0 0.0 0.0 0.09000000357627869 0.0 0.0 0.09000000357627869 0.0 0.0 0.11999999731779099 0.0 0.11999999731779099 0.0 0.0 0.0 0.0 0.0 0.0 0.0 0.0 0.0 0.0 0.3100000023841858 0.0 0.0 0.0 0.09000000357627869 0.09000000357627869 0.0 0.09000000357627869 0.0 0.20000000298023224 0.09000000357627869 0.09000000357627869 0.0 0.6399999856948853 0.0 0.46000000834465027 0.46000000834465027 0.46000000834465027 0.5099999904632568 0.0 0.0 0.0 0.0 0.09000000357627869 0.0 0.0 0.09000000357627869 0.0 0.0 0.0 0.0 0.0 0.0 0.0 0.0 0.0 0.0 0.0 0.0 0.0 0.0 0.0 0.0 0.0 0.0 0.0 0.0 0.0 0.0 0.0 0.11999999731779099
118 0.6399999856948853 0.0 0.46000000834465027 0.46000000834465027 0.0 0.46000000834465027 0.46000000834465027 0.0 0.09000000357627869 0.09000000357627869 0.0 0.0 0.11999999731779099 0.11999999731779099 0.0 0.0 0.0 0.09000000357627869 0.0 0.09000000357627869 0.0 0.0 0.0 0.0 0.0 0.3100000023841858 0.0 0.09000000357627869 0.05000000074505806 0.0 0.09000000357627869 0.0 0.0 0.0 0.0 0.3100000023841858 0.0 0.0 0.0 0.09000000357627869 0.09000000357627869 0.0 0.0 0.0 0.0 0.0 0.0 0.0 0.0 0.0 0.09000000357627869 0.0 0.0 0.09000000357627869 0.0 0.09000000357627869 0.0 0.09000000357627869 0.09000000357627869 0.09000000357627869 0.0 0.09000000357627869 0.09000000357627869 0.09000000357627869 0.0 0.0 0.0 0.3100000023841858 0.0 0.0 0.0 0.09000000357627869 0.0 0.09000000357627869 0.09000000357627869 0.0 0.09000000357627869 0.09000000357627869 0.550000011920929 0.0 0.0 0.0 0.0 0.0 0.11999999731779099 0.0 0.09000000357627869 0.0 0.0 0.0 0.0 0.0 0.0 0.0 0.0 0.0 0.09000000357627869 0.09000000357627869 0.0 0.0 0.0 0.0 0.0 0.0 0.0 0.0 0.0 0.09000000357627869 0.0 0.0 0.0 0.0 0.0 0.0 0.0 0.0 0.0 0.0 0.09000000357627869 0.0 0.0 0.0 0.0 0.0 0.0 0.0 0.0 0.0 0.0 0.0 0.09000000357627869 0.0 0.09000000357627869 0.09000000357627869 0.0 0.0 0.09000000357627869 0.0 0.09000000357627869 0.0 0.0 0.0 0.0 0.0 0.09000000357627869 0.09000000357627869 0.0 0.0 0.0 0.0 0.0 0.0 0.05000000074505806 0.09000000357627869 0.09000000357627869 0.0 0.4300000071525574 0.0 0.0 0.0 0.0 0.0 0.0 0.0 0.0 0.0 0.11999999731779099 0.0 0.0 0.0 0.0 0.0 0.11999999731779099 0.0 0.0 0.0 0.0 0.0 0.0 0.0 0.0 0.0 0.0 0.0 0.0 0.0 0.0 0.0 0.0 0.0 0.0 0.0 0.0 0.0 0.0 0.0 0.0 0.0 0.09000000357627869 0.0 0.0 0.0 0.0 0.0 0.0 0.0 0.0 0.0 0.09000000357627869 0.09000000357627869 0.0 0.0 0.0 0.0 0.0 0.0 0.0 0.0 0.0 0.0 0.0 0.0 0.0 0.0 0.0 0.09000000357627869 0.0 0.0 0.0 0.09000000357627869 0.0 0.0 0.0 0.0 0.0 0.0 0.0 0.0 0.0 0.09000000357627869 0.09000000357627869 0.6200000047683716 0.0 0.0 0.0 0.0 0.0 0.09000000357627869 0.0 0.0 0.0 0.0 0.09000000357627869 0.0 0.0 0.0 0.0 0.09000000357627869 0.0 0.0 0.0 0.0 0.0 0.0 0.0 0.0 0.0 0.0 0.09000000357627869 0.0 0.0 0.09000000357627869 0.0 0.0 0.0 0.0 0.09000000357627869 0.0 0.0 0.0 0.0 0.09000000357627869 0.0 0.09000000357627869 0.09000000357627869 0.0 0.0 0.0 0.3100000023841858 0.0 0.0 0.0 0.09000000357627869 0.0 0.0 0.09000000357627869 0.0 0.0 0.0 0.0 0.09000000357627869 0.0 0.0 0.0 0.0 0.0 0.09000000357627869 0.0 0.09000000357627869 0.09000000357627869 0.0 0.0 0.0 0.0 0.0 0.3100000023841858 0.0 0.09000000357627869 0.0 0.09000000357627869 0.09000000357627869 0.5099999904632568 0.0 0.0 0.3100000023841858 0.0 0.09000000357627869 0.0 0.09000000357627869 0.09000000357627869 0.6200000047683716 0.0 0.0 0.0 0.0 0.0 0.0 0.0 0.0 0.0 0.0 0.0 0.0 0.0 0.0 0.0 0.11999999731779099 0.0 0.11999999731779099 0.0 0.0 0.0 0.11999999731779099 0.0 0.0 0.0 0.0 0.0 0.0 0.0 0.0 0.0 0.0 0.0 0.0 0.0 0.0 0.0 0.09000000357627869 0.0 0.0 0.0 0.0 0.0 0.0 0.0 0.09000000357627869 0.09000000357627869 0.0 0.0 0.0 0.0 0.0 0.0 0.5099999904632568 0.0 0.0 0.0 0.0 0.0 0.0 0.0 0.0 0.0 0.0 0.0 0.0 0.0 0.0 0.0 0.0 0.0 0.0 0.0 0.0 0.0 0.0 0.0 0.0 0.0 0.09000000357627869 0.09000000357627869 0.0 0.0 0.0 0.0 0.0 0.0 0.09000000357627869 0.0 0.09000000357627869 0.09000000357627869 0.0 0.0 0.0 0.0 0.0 0.0 0.0 0.0 0.11999999731779099 0.0 0.0 0.0 0.0 0.0 0.3100000023841858 0.0 0.0 0.0 0.09000000357627869 0.09000000357627869 0.1899999976158142 0.1899999976158142 0.0 0.4399999976158142 0.0 0.4399999976158142 0.3199999928474426 0.18000000715255737 0.0 0.0 0.0 0.0 0.0 0.09000000357627869 0.0 0.09000000357627869 0.0 0.0 0.0 0.0 0.0 0.09000000357627869 0.09000000357627869 0.0 0.4399999976158142 0.6399999856948853 0.0 0.46000000834465027 0.46000000834465027 0.0 0.46000000834465027 0.46000000834465027 0.0 0.0 0.0 0.3100000023841858 0.0 0.0 0.0 0.09000000357627869 0.09000000357627869 0.0 0.0 0.09000000357627869 0.20000000298023224 0.09000000357627869 0.09000000357627869 0.0 0.0 0.6399999856948853 0.0 0.46000000834465027 0.46000000834465027 0.0 0.46000000834465027 0.0 0.0 0.0 0.0 0.3100000023841858 0.0 0.0 0.0 0.09000000357627869 0.09000000357627869 0.0 0.09000000357627869 0.0 0.20000000298023224 0.09000000357627869 0.09000000357627869 0.0 0.4399999976158142 0.6399999856948853 0.0 0.46000000834465027 0.46000000834465027 0.0 0.46000000834465027 0.46000000834465027 0.5099999904632568 0.0 0.0 0.0 0.0 0.09000000357627869 0.0 0.0 0.09000000357627869 0.0 0.0 0.0 0.0 0.0 0.0 0.0 0.0 0.0 0.09000000357627869 0.0 0.0 0.0 0.0 0.0 0.0 0.0 0.09000000357627869 0.0 0.09000000357627869 0.0 0.0 0.09000000357627869 0.0 0.0 0.0 0.0 0.3100000023841858 0.09000000357627869 0.0 0.0 0.0 0.0 0.0 0.0 0.0 0.0 0.3199999928474426 0.30000001192092896 0.0 0.0 0.09000000357627869 0.0 0.0 0.0 0.09000000357627869 0.0 0.1599999964237213 0.0 0.0 0.0 0.0 0.09000000357627869 0.0 0.0 0.0 0.0 0.0 0.0 0.0 0.0 0.09000000357627869 0.0 0.09000000357627869 0.09000000357627869 0.0 0.0 0.0 0.0 0.0 0.0 0.0 0.0 0.0 0.0 0.0 0.0 0.0 0.0 0.0 0.0 0.0 0.0 0.0 0.0 0.0 0.0 0.0 0.0 0.0 0.0 0.0 0.0 0.11999999731779099 0.0 0.0 0.0 0.0 0.0 0.0
119 0.09000000357627869 0.6399999856948853 0.0 0.46000000834465027 0.46000000834465027 0.0 0.46000000834465027 0.0 0.09000000357627869 0.09000000357627869 0.0 0.0 0.0 0.10999999940395355 0.0 0.4300000071525574 0.0 0.11999999731779099 0.0 0.11999999731779099 0.09000000357627869 0.09000000357627869 0.09000000357627869 0.0 0.0 0.0 0.0 0.0 0.0 0.0 0.09000000357627869 0.0 0.09000000357627869 0.09000000357627869 0.0 0.0 0.09000000357627869 0.0 0.09000000357627869 0.0 0.0 0.0 0.0 0.0 0.09000000357627869 0.0 0.0 0.0 0.3100000023841858 0.0 0.0 0.05000000074505806 0.09000000357627869 0.09000000357627869 0.0 0.4300000071525574 0.0 0.0 0.0 0.0 0.0 0.0 0.0 0.0 0.0 0.0 0.0 0.11999999731779099 0.0 0.0 0.0 0.0 0.0 0.11999999731779099 0.0 0.0 0.0 0.0 0.0 0.0 0.0 0.0 0.0 0.0 0.0 0.0 0.0 0.0 0.0 0.0 0.0 0.0 0.0 0.0 0.0 0.0 0.09000000357627869 0.0 0.0 0.0 0.0 0.0 0.0 0.0 0.0 0.09000000357627869 0.0 0.0 0.0 0.0 0.09000000357627869 0.0 0.0 0.0 0.0 0.09000000357627869 0.0 0.09000000357627869 0.09000000357627869 0.0 0.0 0.0 0.3100000023841858 0.0 0.09000000357627869 0.0 0.09000000357627869 0.09000000357627869 0.0 0.09000000357627869 0.6200000047683716 0.0 0.5099999904632568 0.0 0.0 0.3100000023841858 0.0 0.09000000357627869 0.0 0.09000000357627869 0.09000000357627869 0.6200000047683716 0.0 0.0 0.0 0.0 0.0 0.0 0.0 0.0 0.0 0.0 0.0 0.0 0.0 0.0 0.0 0.11999999731779099 0.0 0.11999999731779099 0.0 0.0 0.0 0.11999999731779099 0.0 0.0 0.0 0.0 0.0 0.0 0.0 0.0 0.0 0.0 0.0 0.0 0.0 0.0 0.0 0.09000000357627869 0.0 0.0 0.0 0.0 0.0 0.0 0.0 0.09000000357627869 0.09000000357627869 0.0 0.0 0.0 0.0 0.0 0.5099999904632568 0.0 0.0 0.0 0.0 0.0 0.0 0.0 0.0 0.0 0.09000000357627869 0.0 0.0 0.0 0.0 0.0 0.0 0.09000000357627869 0.09000000357627869 0.0 0.4399999976158142 0.6399999856948853 0.0 0.46000000834465027 0.0 0.46000000834465027 0.46000000834465027 0.0 0.0 0.0 0.3100000023841858 0.0 0.0 0.0 0.09000000357627869 0.09000000357627869 0.0 0.0 0.09000000357627869 0.20000000298023224 0.09000000357627869 0.09000000357627869 0.0 0.0 0.6399999856948853 0.0 0.46000000834465027 0.46000000834465027 0.0 0.46000000834465027 0.0 0.0 0.0 0.0 0.0 0.0 0.09000000357627869 0.0 0.0 0.09000000357627869 0.0 0.0 0.11999999731779099 0.0 0.11999999731779099 0.0 0.0 0.0 0.0 0.0 0.0 0.0 0.0 0.0 0.0 0.0 0.0 0.09000000357627869 0.0 0.0 0.09000000357627869 0.0 0.0 0.0 0.0 0.0 0.0 0.0 0.0 0.0 0.09000000357627869 0.0 0.0 0.0 0.0 0.0 0.0 0.0 0.09000000357627869 0.0 0.09000000357627869 0.0 0.0 0.09000000357627869 0.0 0.0 0.0 0.0 0.3100000023841858 0.0 0.09000000357627869 0.05000000074505806 0.09000000357627869 0.09000000357627869 0.0 0.4300000071525574 0.5099999904632568 0.0 0.0 0.3100000023841858 0.0 0.0 0.0 0.0 0.0 0.0 0.0 0.0 0.0 0.0 0.0 0.0 0.0 0.0 0.0 0.0 0.0 0.0 0.09000000357627869 0.550000011920929 0.0 0.3199999928474426 0.30000001192092896 0.0 0.09000000357627869 0.0 0.0 0.0 0.0 0.0 0.0 0.0 0.0 0.0 0.0 0.0 0.0 0.0 0.0 0.0 0.0 0.0 0.0 0.33000001311302185 0.33000001311302185
12 0.0 0.0 0.0 0.0 0.09000000357627869 0.0 0.09000000357627869 0.09000000357627869 0.1899999976158142 0.0 0.4399999976158142 0.0 0.0 0.0 0.0 0.09000000357627869 0.09000000357627869 0.0 0.09000000357627869 0.0 0.09000000357627869 0.09000000357627869 0.0 0.09000000357627869 0.09000000357627869 0.5099999904632568 0.0 0.0 0.0 0.0 0.09000000357627869 0.0 0.09000000357627869 0.09000000357627869 0.0 0.0 0.0 0.0 0.3700000047683716 0.23999999463558197 0.10999999940395355 0.0 0.17000000178813934 0.0 0.14000000059604645 0.0 0.1599999964237213 0.0 0.14000000059604645 0.5099999904632568 0.0 0.0 0.0 0.0 0.09000000357627869 0.0 0.09000000357627869 0.09000000357627869 0.0 0.0 0.11999999731779099 0.0 0.11999999731779099 0.0 0.11999999731779099 0.0 0.11999999731779099 0.0 0.11999999731779099 0.5099999904632568 0.0 0.0 0.0 0.0 0.09000000357627869 0.0 0.09000000357627869 0.09000000357627869 0.0 0.09000000357627869 0.09000000357627869 0.0 0.09000000357627869 0.09000000357627869 0.20999999344348907 0.05000000074505806 0.05000000074505806 0.0 0.33000001311302185 0.33000001311302185 0.33000001311302185 0.5099999904632568 0.0 0.0 0.3100000023841858 0.0 0.09000000357627869 0.0 0.09000000357627869 0.0 0.4300000071525574 0.0 0.09000000357627869 0.09000000357627869 0.09000000357627869 0.5099999904632568 0.0 0.0 0.3100000023841858 0.0 0.09000000357627869 0.0 0.09000000357627869 0.09000000357627869 0.0 0.09000000357627869 0.0 0.09000000357627869 0.09000000357627869 0.09000000357627869 0.0 0.09000000357627869 0.09000000357627869 0.09000000357627869 0.5099999904632568 0.0 0.0 0.3100000023841858 0.0 0.09000000357627869 0.09000000357627869 0.5099999904632568 0.0 0.0 0.0 0.09000000357627869 0.09000000357627869 0.0 0.09000000357627869 0.0 0.0 0.0 0.0 0.0 0.0 0.09000000357627869 0.0 0.09000000357627869 0.09000000357627869 0.0 0.0 0.11999999731779099 0.5099999904632568 0.0 0.0 0.0 0.0 0.09000000357627869 0.0 0.09000000357627869 0.09000000357627869 0.0 0.0 0.11999999731779099 0.0 0.11999999731779099 0.10999999940395355 0.0 0.4300000071525574 0.0 0.11999999731779099 0.0 0.11999999731779099 0.0 0.0 0.0 0.0 0.09000000357627869 0.09000000357627869 0.0 0.09000000357627869 0.0 0.0 0.0 0.09000000357627869 0.0 0.09000000357627869 0.0 0.09000000357627869 0.09000000357627869 0.09000000357627869 0.0 0.09000000357627869 0.09000000357627869 0.09000000357627869 0.11999999731779099 0.0 0.0 0.0 0.0 0.11999999731779099 0.0 0.11999999731779099 0.0 0.11999999731779099 0.4399999976158142 0.0 0.0 0.0 0.09000000357627869 0.0 0.09000000357627869 0.0 0.0 0.0 0.0 0.09000000357627869 0.09000000357627869 0.0 0.4399999976158142 0.6399999856948853 0.0 0.46000000834465027 0.46000000834465027 0.0 0.46000000834465027 0.46000000834465027 0.0 0.0 0.3100000023841858 0.0 0.0 0.0 0.09000000357627869 0.09000000357627869 0.0 0.09000000357627869 0.20000000298023224 0.09000000357627869 0.09000000357627869 0.0 0.0 0.6399999856948853 0.0 0.46000000834465027 0.46000000834465027 0.0 0.0 0.0 0.0 0.0 0.09000000357627869 0.0 0.0 0.11999999731779099 0.0 0.11999999731779099 0.0 0.0 0.0 0.3100000023841858 0.0 0.0 0.0 0.09000000357627869 0.09000000357627869 0.0 0.0 0.20000000298023224 0.09000000357627869 0.09000000357627869 0.0 0.46000000834465027
120 0.0 0.0 0.0 0.09000000357627869 0.0 0.09000000357627869 0.09000000357627869 0.0 0.0 0.09000000357627869 0.0 0.09000000357627869 0.0 0.0 0.0 0.0 0.09000000357627869 0.0 0.0 0.0 0.3100000023841858 0.0 0.0 0.05000000074505806 0.09000000357627869 0.09000000357627869 0.0 0.4300000071525574 0.5099999904632568 0.0 0.3100000023841858 0.0 0.0 0.0 0.0 0.0 0.09000000357627869 0.09000000357627869 0.0 0.0 0.0 0.0 0.0 0.0 0.0 0.0 0.0 0.0 0.0 0.0 0.0 0.0 0.11999999731779099 0.0 0.0 0.0 0.0 0.0 0.11999999731779099 0.0 0.0 0.0 0.0 0.0 0.0 0.0 0.0 0.0 0.0 0.0 0.0 0.09000000357627869 0.09000000357627869 0.0 0.0 0.0 0.0 0.0 0.0 0.0 0.0 0.0 0.0 0.0 0.0 0.0 0.0 0.0 0.0 0.09000000357627869 0.0 0.0 0.0 0.0 0.0 0.0 0.09000000357627869 0.0 0.0 0.0 0.0 0.0 0.09000000357627869 0.0 0.09000000357627869 0.09000000357627869 0.0 0.0 0.0 0.3100000023841858 0.0 0.0 0.0 0.09000000357627869 0.0 0.0 0.09000000357627869 0.0 0.0 0.0 0.0 0.09000000357627869 0.0 0.0 0.0 0.0 0.0 0.09000000357627869 0.0 0.09000000357627869 0.09000000357627869 0.0 0.09000000357627869 0.0 0.0 0.0 0.0 0.3100000023841858 0.0 0.09000000357627869 0.0 0.09000000357627869 0.09000000357627869 0.0 0.09000000357627869 0.5099999904632568 0.0 0.0 0.3100000023841858 0.0 0.09000000357627869 0.0 0.09000000357627869 0.09000000357627869 0.6200000047683716 0.0 0.0 0.0 0.0 0.0 0.0 0.0 0.0 0.0 0.0 0.0 0.0 0.0 0.0 0.0 0.11999999731779099 0.0 0.11999999731779099 0.0 0.0 0.0 0.11999999731779099 0.0 0.0 0.0 0.0 0.0 0.0 0.0 0.0 0.0 0.0 0.0 0.0 0.0 0.0 0.0 0.09000000357627869 0.0 0.0 0.0 0.0 0.0 0.0 0.0 0.09000000357627869 0.0 0.0 0.0 0.0 0.0 0.5099999904632568 0.0 0.0 0.0 0.0 0.0 0.0 0.0 0.0 0.0 0.0 0.0 0.0 0.3100000023841858 0.0 0.0 0.0 0.09000000357627869 0.09000000357627869 0.0 0.0 0.09000000357627869 0.20000000298023224 0.09000000357627869 0.0 0.0 0.6399999856948853 0.0 0.46000000834465027 0.0 0.0 0.0 0.0 0.0 0.0 0.09000000357627869 0.0 0.0 0.09000000357627869 0.0 0.0 0.11999999731779099 0.0 0.11999999731779099 0.0 0.0 0.0 0.0 0.0 0.0 0.0 0.0 0.3100000023841858 0.0 0.0 0.0 0.09000000357627869 0.09000000357627869 0.0 0.09000000357627869 0.0 0.20000000298023224 0.09000000357627869 0.09000000357627869 0.0 0.4399999976158142 0.6399999856948853 0.0 0.46000000834465027 0.46000000834465027 0.0 0.46000000834465027 0.46000000834465027 0.5099999904632568 0.0 0.0 0.0 0.0 0.0 0.0 0.09000000357627869 0.0 0.09000000357627869 0.0 0.0 0.09000000357627869 0.0 0.0 0.0 0.0 0.3100000023841858 0.0 0.09000000357627869 0.05000000074505806 0.09000000357627869 0.09000000357627869 0.0 0.4300000071525574 0.5099999904632568 0.0 0.0 0.3100000023841858 0.0 0.09000000357627869 0.0 0.09000000357627869 0.09000000357627869 0.550000011920929 0.0 0.0 0.3199999928474426 0.30000001192092896 0.0 0.0 0.0 0.0 0.0 0.0 0.0 0.0 0.0 0.0 0.0 0.0 0.0 0.0 0.0 0.0 0.0 0.0 0.0 0.0 0.0 0.09000000357627869 0.0 0.09000000357627869 0.0 0.6200000047683716 0.0 0.0 0.0 0.0 0.0 0.3100000023841858 0.0 0.0 0.0 0.09000000357627869 0.09000000357627869 0.0 0.0 0.09000000357627869 0.550000011920929 0.0 0.0 0.3199999928474426 0.30000001192092896 0.5099999904632568 0.0 0.0 0.3100000023841858 0.07000000029802322 0.09000000357627869 0.05000000074505806 0.09000000357627869 0.0 0.5099999904632568 0.0 0.0 0.0 0.0 0.09000000357627869 0.0 0.09000000357627869 0.0 0.09000000357627869 0.5099999904632568 0.0 0.0 0.3100000023841858 0.0 0.0 0.0 0.09000000357627869 0.09000000357627869 0.0 0.0 0.0 0.0 0.09000000357627869 0.09000000357627869 0.0 0.0 0.0 0.0 0.5099999904632568 0.0 0.0 0.0 0.0 0.0 0.5099999904632568 0.0 0.09000000357627869 0.0 0.0 0.0 0.0 0.0 0.0 0.0 0.0 0.0 0.0 0.0 0.0 0.0 0.0 0.0 0.0 0.0 0.0 0.11999999731779099 0.0 0.0 0.0 0.0 0.0 0.0 0.05000000074505806 0.09000000357627869 0.09000000357627869 0.0 0.4300000071525574 0.5099999904632568 0.0 0.0 0.0 0.0 0.0 0.09000000357627869 0.5099999904632568 0.0 0.0 0.0 0.0 0.09000000357627869 0.019999999552965164 0.09000000357627869 0.0 0.09000000357627869 0.09000000357627869 0.0 0.09000000357627869 0.09000000357627869 0.0 0.0 0.0 0.0 0.0 0.0 0.0 0.0 0.09000000357627869 0.0 0.0 0.0 0.0 0.0 0.09000000357627869 0.0 0.0 0.0 0.0 0.0 0.33000001311302185 0.33000001311302185 0.5099999904632568 0.0 0.0 0.0 0.09000000357627869 0.0 0.09000000357627869 0.0 0.0 0.09000000357627869 0.09000000357627869 0.09000000357627869
121 0.0 0.0 0.0 0.0 0.09000000357627869 0.0 0.09000000357627869 0.09000000357627869 0.0 0.0 0.09000000357627869 0.0 0.09000000357627869 0.0 0.0 0.0 0.0 0.0 0.09000000357627869 0.0 0.09000000357627869 0.09000000357627869 0.0 0.0 0.0 0.3100000023841858 0.0 0.0 0.05000000074505806 0.09000000357627869 0.09000000357627869 0.0 0.4300000071525574 0.5099999904632568 0.0 0.0 0.3100000023841858 0.0 0.09000000357627869 0.0 0.0 0.09000000357627869 0.6200000047683716 0.0 0.0 0.5099999904632568 0.0 0.0 0.3100000023841858 0.0 0.09000000357627869 0.0 0.0 0.0 0.0 0.0 0.09000000357627869 0.0 0.0 0.0 0.0 0.0 0.0 0.0 0.09000000357627869 0.09000000357627869 0.0 0.0 0.0 0.0 0.0 0.0 0.0 0.0 0.0 0.0 0.0 0.0 0.0 0.0 0.0 0.0 0.11999999731779099 0.0 0.0 0.0 0.0 0.0 0.11999999731779099 0.0 0.0 0.0 0.0 0.0 0.0 0.0 0.0 0.0 0.09000000357627869 0.09000000357627869 0.0 0.0 0.0 0.0 0.0 0.0 0.0 0.0 0.0 0.0 0.0 0.0 0.0 0.0 0.0 0.09000000357627869 0.0 0.0 0.0 0.0 0.0 0.09000000357627869 0.0 0.0 0.0 0.0 0.5099999904632568 0.0 0.0 0.3100000023841858 0.0 0.09000000357627869 0.0 0.09000000357627869 0.09000000357627869 0.6200000047683716 0.0 0.0 0.0 0.0 0.0 0.0 0.0 0.0 0.0 0.0 0.0 0.0 0.0 0.0 0.0 0.11999999731779099 0.0 0.11999999731779099 0.0 0.0 0.0 0.11999999731779099 0.0 0.0 0.0 0.0 0.0 0.0 0.0 0.0 0.0 0.0 0.0 0.0 0.0 0.0 0.0 0.09000000357627869 0.0 0.0 0.0 0.0 0.0 0.0 0.0 0.09000000357627869 0.0 0.0 0.09000000357627869 0.0 0.0 0.11999999731779099 0.0 0.11999999731779099 0.0 0.0 0.0 0.0 0.0 0.0 0.3100000023841858 0.0 0.0 0.0 0.09000000357627869 0.09000000357627869 0.0 0.09000000357627869 0.0 0.20000000298023224 0.09000000357627869 0.09000000357627869 0.0 0.4399999976158142 0.6399999856948853 0.0 0.46000000834465027 0.46000000834465027 0.0 0.46000000834465027 0.46000000834465027 0.5099999904632568 0.0 0.0 0.0 0.0 0.09000000357627869 0.0 0.0 0.09000000357627869 0.0 0.0 0.0 0.0 0.0 0.0 0.0 0.0 0.0 0.09000000357627869 0.0 0.0 0.0 0.3100000023841858 0.0 0.09000000357627869 0.05000000074505806 0.09000000357627869 0.09000000357627869 0.0 0.4300000071525574 0.5099999904632568 0.0 0.0 0.3100000023841858 0.0 0.09000000357627869 0.0 0.09000000357627869 0.09000000357627869 0.550000011920929 0.0 0.0 0.3199999928474426 0.30000001192092896 0.0 0.0 0.0 0.0 0.0 0.0 0.0 0.0 0.0 0.0 0.0 0.0 0.0 0.0 0.0 0.0 0.0 0.0 0.0 0.0 0.0 0.09000000357627869 0.0 0.09000000357627869 0.0 0.6200000047683716 0.0 0.0 0.0 0.0 0.3100000023841858 0.0 0.0 0.0 0.09000000357627869 0.09000000357627869 0.0 0.0 0.09000000357627869 0.550000011920929 0.0 0.0 0.3199999928474426 0.30000001192092896 0.5099999904632568 0.3100000023841858 0.0 0.0 0.09000000357627869 0.0 0.0 0.0 0.0 0.09000000357627869 0.09000000357627869 0.0 0.0 0.0 0.0 0.0 0.0 0.0 0.0 0.0 0.0 0.0 0.0 0.0 0.0 0.0 0.11999999731779099 0.0 0.0 0.0 0.0 0.0 0.0 0.05000000074505806 0.09000000357627869 0.5099999904632568 0.0 0.0 0.0 0.0 0.0 0.09000000357627869 0.5099999904632568 0.0 0.0 0.0 0.0 0.019999999552965164 0.09000000357627869 0.0 0.09000000357627869 0.09000000357627869 0.0 0.0 0.0 0.0 0.0 0.0 0.0 0.0 0.09000000357627869 0.0 0.0 0.0 0.0 0.0 0.09000000357627869 0.0 0.0 0.0 0.0 0.0 0.33000001311302185 0.33000001311302185 0.5099999904632568 0.0 0.0 0.0 0.0 0.09000000357627869 0.0 0.09000000357627869 0.0 0.09000000357627869 0.0 0.09000000357627869 0.0 0.0 0.09000000357627869 0.09000000357627869 0.09000000357627869 0.0 0.0 0.3100000023841858 0.05000000074505806 0.09000000357627869 0.0 0.4300000071525574
122 0.0 0.05000000074505806 0.09000000357627869 0.09000000357627869 0.0 0.4300000071525574 0.0 0.0 0.0 0.0 0.0 0.0 0.0 0.0 0.0 0.11999999731779099 0.0 0.0 0.0 0.0 0.0 0.11999999731779099 0.0 0.0 0.09000000357627869 0.0 0.0 0.09000000357627869 0.5099999904632568 0.0 0.0 0.3100000023841858 0.0 0.09000000357627869 0.0 0.09000000357627869 0.09000000357627869 0.6200000047683716 0.0 0.0 0.0 0.0 0.0 0.0 0.0 0.0 0.0 0.11999999731779099 0.0 0.0 0.0 0.0 0.09000000357627869 0.0 0.0 0.0 0.3100000023841858 0.0 0.0 0.0 0.09000000357627869 0.09000000357627869 0.0 0.09000000357627869 0.0 0.20000000298023224 0.09000000357627869 0.09000000357627869 0.0 0.4399999976158142 0.6399999856948853 0.0 0.46000000834465027 0.46000000834465027 0.0 0.46000000834465027 0.46000000834465027 0.5099999904632568 0.0 0.0 0.0 0.0 0.09000000357627869 0.0 0.0 0.09000000357627869 0.0 0.0 0.0 0.0 0.0 0.0 0.0 0.0 0.0 0.09000000357627869 0.0 0.0 0.0 0.0 0.0 0.0 0.0 0.09000000357627869 0.0 0.09000000357627869 0.0 0.0 0.09000000357627869 0.0 0.0 0.0 0.0 0.3100000023841858 0.0 0.09000000357627869 0.0 0.09000000357627869 0.09000000357627869 0.550000011920929 0.0 0.0 0.3199999928474426 0.30000001192092896 0.0 0.0 0.0 0.0 0.0 0.0 0.0 0.0 0.0 0.0 0.0 0.0 0.0 0.0 0.0 0.0 0.0 0.0 0.0 0.0 0.0 0.09000000357627869 0.0 0.09000000357627869 0.0 0.6200000047683716 0.0 0.0 0.0 0.0 0.0 0.3100000023841858 0.0 0.0 0.0 0.09000000357627869 0.09000000357627869 0.0 0.0 0.09000000357627869 0.550000011920929 0.0 0.0 0.3199999928474426 0.30000001192092896 0.5099999904632568 0.0 0.3100000023841858 0.0 0.0 0.0 0.0 0.0 0.0 0.0 0.0 0.0 0.0 0.0 0.0 0.0 0.0 0.09000000357627869 0.0 0.0 0.0 0.0 0.0 0.09000000357627869 0.0 0.0 0.0 0.0 0.0 0.33000001311302185 0.33000001311302185 0.5099999904632568 0.0 0.0 0.0 0.0 0.09000000357627869 0.0 0.09000000357627869 0.0 0.09000000357627869 0.09000000357627869 0.09000000357627869 0.0 0.09000000357627869 0.0 0.0 0.09000000357627869 0.09000000357627869 0.09000000357627869 0.0 0.0 0.0 0.0 0.0 0.3100000023841858 0.0 0.09000000357627869 0.05000000074505806 0.09000000357627869 0.09000000357627869 0.0 0.4300000071525574
123 0.0 0.0 0.0 0.3100000023841858 0.0 0.0 0.05000000074505806 0.09000000357627869 0.09000000357627869 0.0 0.4300000071525574 0.5099999904632568 0.0 0.0 0.3100000023841858 0.0 0.09000000357627869 0.0 0.0 0.09000000357627869 0.5099999904632568 0.0 0.0 0.3100000023841858 0.0 0.09000000357627869 0.0 0.09000000357627869 0.09000000357627869 0.0 0.09000000357627869 0.09000000357627869 0.20000000298023224 0.09000000357627869 0.09000000357627869 0.0 0.4399999976158142 0.6399999856948853 0.46000000834465027 0.0 0.0 0.0 0.0 0.0 0.09000000357627869 0.0 0.09000000357627869 0.09000000357627869 0.6200000047683716 0.0 0.0 0.0 0.0 0.0 0.0 0.0 0.0 0.09000000357627869 0.09000000357627869 0.0 0.0 0.0 0.0 0.0 0.0 0.0 0.0 0.0 0.0 0.0 0.0 0.0 0.0 0.0 0.0 0.11999999731779099 0.0 0.0 0.0 0.0 0.0 0.11999999731779099 0.0 0.0 0.0 0.0 0.0 0.09000000357627869 0.0 0.09000000357627869 0.09000000357627869 0.6200000047683716 0.0 0.0 0.0 0.0 0.0 0.0 0.09000000357627869 0.0 0.09000000357627869 0.0 0.20000000298023224 0.09000000357627869 0.0 0.4399999976158142 0.6399999856948853 0.0 0.46000000834465027 0.5099999904632568 0.0 0.0 0.0 0.0 0.09000000357627869 0.0 0.0 0.09000000357627869 0.0 0.0 0.0 0.0 0.0 0.0 0.0 0.0 0.0 0.09000000357627869 0.0 0.0 0.0 0.0 0.0 0.0 0.0 0.09000000357627869 0.0 0.09000000357627869 0.0 0.0 0.09000000357627869 0.0 0.0 0.0 0.0 0.3100000023841858 0.0 0.09000000357627869 0.05000000074505806 0.09000000357627869 0.09000000357627869 0.0 0.4300000071525574 0.5099999904632568 0.0 0.0 0.0 0.0 0.0 0.0 0.0 0.0 0.0 0.0 0.0 0.0 0.0 0.0 0.0 0.0 0.0 0.0 0.0 0.0 0.09000000357627869 0.0 0.09000000357627869 0.0 0.6200000047683716 0.0 0.0 0.0 0.0 0.0 0.3100000023841858 0.0 0.0 0.0 0.09000000357627869 0.09000000357627869 0.0 0.0 0.09000000357627869 0.550000011920929 0.0 0.0 0.3199999928474426 0.30000001192092896 0.5099999904632568 0.0 0.3100000023841858 0.0 0.0 0.0 0.09000000357627869 0.0 0.09000000357627869 0.0 0.0 0.0 0.0 0.0 0.0 0.0 0.0 0.0 0.0 0.0 0.0 0.0 0.09000000357627869 0.5099999904632568 0.0 0.0 0.0 0.0 0.09000000357627869 0.019999999552965164 0.09000000357627869 0.0 0.09000000357627869 0.09000000357627869 0.0 0.09000000357627869 0.09000000357627869 0.0 0.0 0.0 0.0 0.0 0.0 0.0 0.0 0.09000000357627869 0.0 0.0 0.0 0.0 0.0 0.09000000357627869 0.0 0.0 0.0 0.0 0.0 0.33000001311302185 0.33000001311302185 0.5099999904632568 0.0 0.0 0.0 0.0 0.09000000357627869 0.0 0.09000000357627869 0.0 0.09000000357627869 0.09000000357627869 0.09000000357627869 0.0 0.09000000357627869 0.0 0.0 0.09000000357627869 0.09000000357627869 0.09000000357627869 0.0 0.0 0.0 0.0 0.09000000357627869 0.09000000357627869 0.0 0.09000000357627869 0.0 0.09000000357627869 0.09000000357627869 0.0 0.09000000357627869 0.09000000357627869 0.0 0.0 0.0 0.3100000023841858 0.0 0.09000000357627869 0.05000000074505806 0.09000000357627869 0.09000000357627869 0.0 0.4300000071525574 0.0 0.0 0.0 0.3100000023841858 0.0 0.09000000357627869 0.09000000357627869 0.5099999904632568 0.0 0.0 0.0 0.0 0.09000000357627869 0.0 0.09000000357627869 0.09000000357627869 0.09000000357627869 0.0 0.0 0.3100000023841858 0.0 0.09000000357627869 0.0 0.09000000357627869 0.09000000357627869 0.0 0.0 0.0 0.5099999904632568 0.0 0.12999999523162842 0.4399999976158142
124 0.0 0.0 0.0 0.09000000357627869 0.09000000357627869 0.0 0.0 0.0 0.0 0.0 0.09000000357627869 0.0 0.0 0.0 0.3100000023841858 0.0 0.0 0.05000000074505806 0.09000000357627869 0.09000000357627869 0.0 0.4300000071525574 0.5099999904632568 0.0 0.0 0.3100000023841858 0.0 0.09000000357627869 0.0 0.0 0.09000000357627869 0.6200000047683716 0.0 0.5099999904632568 0.0 0.0 0.3100000023841858 0.0 0.09000000357627869 0.0 0.0 0.0 0.0 0.0 0.09000000357627869 0.0 0.09000000357627869 0.09000000357627869 0.6200000047683716 0.0 0.0 0.0 0.0 0.0 0.0 0.0 0.0 0.0 0.09000000357627869 0.09000000357627869 0.0 0.0 0.0 0.0 0.09000000357627869 0.09000000357627869 0.20999999344348907 0.05000000074505806 0.0 0.0 0.0 0.0 0.0 0.0 0.0 0.0 0.0 0.0 0.0 0.0 0.0 0.11999999731779099 0.0 0.0 0.0 0.0 0.0 0.11999999731779099 0.0 0.0 0.0 0.0 0.0 0.0 0.0 0.0 0.0 0.0 0.0 0.09000000357627869 0.09000000357627869 0.09000000357627869 0.0 0.0 0.0 0.0 0.0 0.0 0.0 0.0 0.0 0.0 0.0 0.0 0.09000000357627869 0.0 0.0 0.0 0.0 0.0 0.09000000357627869 0.0 0.0 0.09000000357627869 0.0 0.0 0.0 0.0 0.09000000357627869 0.0 0.3100000023841858 0.0 0.09000000357627869 0.0 0.09000000357627869 0.09000000357627869 0.6200000047683716 0.0 0.0 0.0 0.0 0.0 0.0 0.0 0.0 0.0 0.0 0.0 0.0 0.0 0.0 0.0 0.0 0.0 0.0 0.0 0.0 0.0 0.0 0.0 0.09000000357627869 0.0 0.0 0.0 0.09000000357627869 0.0 0.0 0.0 0.3100000023841858 0.0 0.0 0.0 0.09000000357627869 0.0 0.09000000357627869 0.0 0.20000000298023224 0.09000000357627869 0.0 0.4399999976158142 0.46000000834465027 0.5099999904632568 0.0 0.0 0.0 0.0 0.09000000357627869 0.0 0.0 0.09000000357627869 0.0 0.0 0.0 0.0 0.0 0.0 0.0 0.0 0.0 0.09000000357627869 0.0 0.0 0.0 0.0 0.0 0.0 0.0 0.09000000357627869 0.0 0.09000000357627869 0.0 0.0 0.09000000357627869 0.0 0.0 0.0 0.0 0.3100000023841858 0.0 0.09000000357627869 0.05000000074505806 0.09000000357627869 0.09000000357627869 0.0 0.4300000071525574 0.5099999904632568 0.0 0.0 0.3100000023841858 0.0 0.09000000357627869 0.0 0.09000000357627869 0.09000000357627869 0.550000011920929 0.0 0.0 0.3199999928474426 0.30000001192092896 0.0 0.0 0.0 0.0 0.0 0.09000000357627869 0.0 0.09000000357627869 0.0 0.6200000047683716 0.0 0.0 0.0 0.0 0.0 0.3100000023841858 0.0 0.0 0.0 0.09000000357627869 0.09000000357627869 0.0 0.0 0.09000000357627869 0.550000011920929 0.0 0.0 0.3199999928474426 0.30000001192092896 0.5099999904632568 0.0 0.0 0.3100000023841858 0.07000000029802322 0.09000000357627869 0.05000000074505806 0.09000000357627869 0.09000000357627869 0.0 0.4300000071525574 0.5099999904632568 0.0 0.0 0.0 0.0 0.09000000357627869 0.0 0.09000000357627869 0.0 0.09000000357627869 0.5099999904632568 0.0 0.0 0.3100000023841858 0.0 0.0 0.0 0.09000000357627869 0.09000000357627869 0.0 0.0 0.0 0.0 0.09000000357627869 0.09000000357627869 0.0 0.0 0.0 0.0 0.5099999904632568 0.0 0.0 0.0 0.0 0.09000000357627869 0.05000000074505806 0.09000000357627869 0.0 0.4300000071525574 0.5099999904632568 0.0 0.0 0.0 0.0 0.0 0.0 0.0 0.0 0.0 0.0 0.0 0.0 0.0 0.0 0.0 0.0 0.0 0.0 0.11999999731779099 0.0 0.0 0.0 0.0 0.0 0.0 0.05000000074505806 0.09000000357627869 0.09000000357627869 0.0 0.4300000071525574 0.5099999904632568 0.0 0.0 0.0 0.0 0.0 0.09000000357627869 0.5099999904632568 0.0 0.0 0.0 0.0 0.09000000357627869 0.019999999552965164 0.09000000357627869 0.0 0.09000000357627869 0.09000000357627869 0.0 0.09000000357627869 0.09000000357627869 0.0 0.0 0.0 0.0 0.0 0.0 0.0 0.0 0.09000000357627869 0.0 0.0 0.0 0.0 0.0 0.09000000357627869 0.0 0.0 0.0 0.0 0.0 0.33000001311302185 0.33000001311302185 0.5099999904632568 0.0 0.0 0.0 0.0 0.09000000357627869 0.0 0.09000000357627869 0.0 0.09000000357627869 0.09000000357627869 0.09000000357627869 0.0 0.09000000357627869 0.0 0.0 0.09000000357627869 0.09000000357627869 0.09000000357627869 0.0 0.0 0.0 0.0 0.09000000357627869 0.09000000357627869 0.0 0.09000000357627869 0.0 0.0 0.09000000357627869 0.09000000357627869 0.0 0.0 0.0 0.3100000023841858 0.0 0.09000000357627869 0.05000000074505806 0.09000000357627869 0.09000000357627869 0.0 0.4300000071525574
125 0.0 0.0 0.0 0.0 0.0 0.09000000357627869 0.0 0.09000000357627869 0.0 0.0 0.0 0.0 0.0 0.0 0.0 0.09000000357627869 0.09000000357627869 0.0 0.0 0.0 0.0 0.0 0.0 0.0 0.0 0.0 0.0 0.0 0.0 0.0 0.0 0.0 0.0 0.11999999731779099 0.0 0.0 0.0 0.0 0.0 0.0 0.09000000357627869 0.0 0.0 0.09000000357627869 0.0 0.0 0.0 0.0 0.09000000357627869 0.09000000357627869 0.0 0.0 0.0 0.0 0.09000000357627869 0.0 0.09000000357627869 0.0 0.0 0.09000000357627869 0.0 0.0 0.0 0.0 0.0 0.0 0.0 0.0 0.0 0.09000000357627869 0.0 0.0 0.0 0.0 0.0 0.0 0.0 0.09000000357627869 0.0 0.09000000357627869 0.0 0.0 0.09000000357627869 0.0 0.0 0.0 0.0 0.3100000023841858 0.0 0.09000000357627869 0.05000000074505806 0.09000000357627869 0.09000000357627869 0.0 0.4300000071525574 0.5099999904632568 0.0 0.0 0.3100000023841858 0.0 0.09000000357627869 0.0 0.09000000357627869 0.09000000357627869 0.550000011920929 0.0 0.0 0.3199999928474426 0.30000001192092896 0.0 0.0 0.0 0.0 0.0 0.0 0.0 0.0 0.0 0.0 0.0 0.0 0.0 0.0 0.0 0.0 0.0 0.0 0.0 0.3100000023841858 0.0 0.0 0.0 0.09000000357627869 0.09000000357627869 0.0 0.0 0.09000000357627869 0.550000011920929 0.0 0.0 0.3199999928474426 0.30000001192092896 0.5099999904632568 0.0 0.0 0.3100000023841858 0.07000000029802322 0.09000000357627869 0.05000000074505806 0.09000000357627869 0.09000000357627869 0.0 0.4300000071525574 0.5099999904632568 0.0 0.0 0.0 0.0 0.09000000357627869 0.0 0.09000000357627869 0.0 0.09000000357627869 0.5099999904632568 0.0 0.0 0.3100000023841858 0.0 0.0 0.0 0.09000000357627869 0.09000000357627869 0.0 0.0 0.0 0.0 0.09000000357627869 0.09000000357627869 0.0 0.0 0.0 0.0 0.5099999904632568 0.0 0.0 0.0 0.0 0.09000000357627869 0.05000000074505806 0.09000000357627869 0.09000000357627869 0.0 0.4300000071525574 0.5099999904632568 0.0 0.0 0.0 0.0 0.0 0.0 0.0 0.0 0.0 0.0 0.11999999731779099 0.0 0.0 0.0 0.0 0.0 0.05000000074505806 0.09000000357627869 0.0 0.4300000071525574 0.5099999904632568 0.0 0.0 0.0 0.0 0.0 0.09000000357627869 0.5099999904632568 0.0 0.0 0.0 0.0 0.09000000357627869 0.019999999552965164 0.09000000357627869 0.0 0.09000000357627869 0.09000000357627869 0.0 0.09000000357627869 0.09000000357627869 0.0 0.0 0.0 0.0 0.0 0.0 0.0 0.0 0.09000000357627869 0.0 0.0 0.0 0.0 0.0 0.09000000357627869 0.0 0.0 0.0 0.0 0.0 0.33000001311302185 0.33000001311302185 0.5099999904632568 0.0 0.0 0.0 0.0 0.09000000357627869 0.0 0.09000000357627869 0.0 0.09000000357627869 0.09000000357627869 0.09000000357627869 0.0 0.09000000357627869 0.0 0.0 0.09000000357627869 0.09000000357627869 0.09000000357627869 0.0 0.0 0.0 0.0 0.09000000357627869 0.09000000357627869 0.0 0.09000000357627869 0.0 0.09000000357627869 0.09000000357627869 0.0 0.09000000357627869 0.09000000357627869 0.0 0.0 0.0 0.3100000023841858 0.09000000357627869 0.0 0.4300000071525574
126 0.0 0.0 0.0 0.0 0.0 0.0 0.0 0.0 0.0 0.0 0.0 0.11999999731779099 0.0 0.0 0.09000000357627869 0.0 0.09000000357627869 0.0 0.09000000357627869 0.09000000357627869 0.0 0.0 0.0 0.3100000023841858 0.0 0.0 0.0 0.09000000357627869 0.0 0.0 0.09000000357627869 0.0 0.0 0.0 0.0 0.09000000357627869 0.0 0.0 0.0 0.0 0.0 0.09000000357627869 0.0 0.09000000357627869 0.09000000357627869 0.0 0.09000000357627869 0.0 0.0 0.0 0.0 0.3100000023841858 0.0 0.09000000357627869 0.0 0.09000000357627869 0.09000000357627869 0.0 0.09000000357627869 0.09000000357627869 0.5099999904632568 0.0 0.0 0.3100000023841858 0.0 0.09000000357627869 0.0 0.09000000357627869 0.09000000357627869 0.6200000047683716 0.0 0.0 0.0 0.0 0.0 0.0 0.0 0.0 0.0 0.0 0.0 0.0 0.0 0.0 0.0 0.0 0.0 0.0 0.0 0.0 0.0 0.0 0.0 0.0 0.0 0.0 0.0 0.0 0.0 0.09000000357627869 0.0 0.0 0.0 0.0 0.0 0.0 0.0 0.09000000357627869 0.0 0.4399999976158142 0.46000000834465027 0.5099999904632568 0.0 0.0 0.0 0.0 0.09000000357627869 0.0 0.0 0.09000000357627869 0.0 0.0 0.0 0.0 0.0 0.0 0.0 0.0 0.0 0.09000000357627869 0.0 0.0 0.0 0.0 0.0 0.0 0.0 0.09000000357627869 0.0 0.09000000357627869 0.0 0.0 0.09000000357627869 0.0 0.0 0.0 0.0 0.3100000023841858 0.0 0.09000000357627869 0.05000000074505806 0.09000000357627869 0.09000000357627869 0.0 0.4300000071525574 0.5099999904632568 0.0 0.0 0.3100000023841858 0.0 0.09000000357627869 0.0 0.09000000357627869 0.09000000357627869 0.550000011920929 0.0 0.0 0.0 0.0 0.0 0.0 0.0 0.0 0.0 0.0 0.0 0.0 0.0 0.0 0.0 0.0 0.0 0.0 0.0 0.0 0.0 0.0 0.09000000357627869 0.0 0.09000000357627869 0.0 0.6200000047683716 0.0 0.0 0.0 0.0 0.0 0.3100000023841858 0.07000000029802322 0.09000000357627869 0.05000000074505806 0.09000000357627869 0.09000000357627869 0.0 0.4300000071525574 0.5099999904632568 0.0 0.0 0.0 0.0 0.09000000357627869 0.0 0.09000000357627869 0.0 0.09000000357627869 0.5099999904632568 0.0 0.0 0.3100000023841858 0.0 0.0 0.0 0.09000000357627869 0.09000000357627869 0.0 0.0 0.0 0.0 0.09000000357627869 0.09000000357627869 0.0 0.0 0.0 0.0 0.5099999904632568 0.0 0.0 0.0 0.0 0.09000000357627869 0.05000000074505806 0.09000000357627869 0.09000000357627869 0.0 0.5099999904632568 0.0 0.0 0.3100000023841858 0.09000000357627869 0.0 0.0 0.0 0.0 0.0 0.0 0.0 0.0 0.0 0.0 0.11999999731779099 0.0 0.0 0.0 0.0 0.0 0.05000000074505806 0.09000000357627869 0.5099999904632568 0.0 0.0 0.0 0.0 0.0 0.09000000357627869 0.5099999904632568 0.0 0.0 0.0 0.0 0.09000000357627869 0.019999999552965164 0.09000000357627869 0.0 0.09000000357627869 0.09000000357627869 0.0 0.09000000357627869 0.09000000357627869 0.0 0.0 0.0 0.0 0.0 0.0 0.0 0.0 0.09000000357627869 0.0 0.0 0.0 0.5099999904632568 0.0 0.0 0.0 0.0 0.09000000357627869 0.0 0.09000000357627869 0.0 0.09000000357627869 0.09000000357627869 0.09000000357627869 0.0 0.09000000357627869 0.0 0.0 0.09000000357627869 0.09000000357627869 0.09000000357627869 0.0 0.0
127 0.0 0.09000000357627869 0.0 0.0 0.09000000357627869 0.0 0.0 0.0 0.0 0.09000000357627869 0.0 0.0 0.0 0.0 0.0 0.0 0.0 0.0 0.09000000357627869 0.0 0.5099999904632568 0.0 0.0 0.09000000357627869 0.0 0.0 0.0 0.0 0.0 0.0 0.0 0.0 0.0 0.0 0.0 0.0 0.0 0.0 0.0 0.0 0.0 0.0 0.0 0.0 0.0 0.09000000357627869 0.0 0.09000000357627869 0.0 0.6200000047683716 0.0 0.0 0.0 0.0 0.0 0.3100000023841858 0.0 0.0 0.0 0.09000000357627869 0.09000000357627869 0.0 0.0 0.09000000357627869 0.550000011920929 0.0 0.0 0.3199999928474426 0.30000001192092896 0.5099999904632568 0.0 0.0 0.0 0.0 0.09000000357627869 0.0 0.09000000357627869 0.0 0.09000000357627869 0.5099999904632568 0.0 0.0 0.3100000023841858 0.0 0.0 0.0 0.09000000357627869 0.09000000357627869 0.0 0.0 0.0 0.0 0.09000000357627869 0.09000000357627869 0.0 0.0 0.0 0.0 0.5099999904632568 0.0 0.0 0.0 0.0 0.09000000357627869 0.05000000074505806 0.09000000357627869 0.09000000357627869 0.0 0.4300000071525574 0.5099999904632568 0.0 0.0 0.3100000023841858 0.0 0.0 0.0 0.0 0.0 0.11999999731779099 0.5099999904632568 0.0 0.0 0.0 0.0 0.0 0.09000000357627869 0.5099999904632568 0.0 0.0 0.0 0.0 0.09000000357627869 0.019999999552965164 0.09000000357627869 0.0 0.09000000357627869 0.09000000357627869 0.0 0.09000000357627869 0.09000000357627869 0.0 0.0 0.0 0.0 0.0 0.5099999904632568 0.0 0.0 0.0 0.09000000357627869 0.0 0.09000000357627869 0.0 0.09000000357627869 0.09000000357627869 0.0 0.09000000357627869 0.0 0.0 0.09000000357627869 0.09000000357627869 0.09000000357627869
128 0.0 0.0 0.0 0.0 0.0 0.0 0.09000000357627869 0.09000000357627869 0.0 0.0 0.09000000357627869 0.09000000357627869 0.0 0.0 0.0 0.0 0.0 0.0 0.0 0.0 0.0 0.0 0.0 0.0 0.0 0.09000000357627869 0.0 0.09000000357627869 0.0 0.0 0.0 0.0 0.0 0.09000000357627869 0.0 0.0 0.0 0.0 0.0 0.0 0.0 0.0 0.0 0.09000000357627869 0.0 0.0 0.0 0.0 0.0 0.0 0.0 0.0 0.0 0.0 0.0 0.0 0.0 0.0 0.0 0.0 0.0 0.0 0.0 0.0 0.0 0.09000000357627869 0.0 0.09000000357627869 0.0 0.6200000047683716 0.0 0.0 0.0 0.0 0.0 0.3100000023841858 0.0 0.0 0.0 0.09000000357627869 0.09000000357627869 0.0 0.0 0.09000000357627869 0.550000011920929 0.0 0.0 0.3199999928474426 0.30000001192092896 0.5099999904632568 0.0 0.0 0.3100000023841858 0.07000000029802322 0.09000000357627869 0.05000000074505806 0.09000000357627869 0.09000000357627869 0.0 0.4300000071525574 0.5099999904632568 0.0 0.0 0.3100000023841858 0.0 0.0 0.0 0.09000000357627869 0.09000000357627869 0.0 0.0 0.0 0.0 0.09000000357627869 0.09000000357627869 0.0 0.0 0.0 0.0 0.5099999904632568 0.0 0.0 0.0 0.0 0.09000000357627869 0.05000000074505806 0.09000000357627869 0.09000000357627869 0.0 0.4300000071525574 0.5099999904632568 0.0 0.0 0.3100000023841858 0.0 0.0 0.0 0.09000000357627869 0.09000000357627869 0.5099999904632568 0.0 0.09000000357627869 0.0 0.0 0.0 0.0 0.0 0.0 0.0 0.0 0.0 0.0 0.0 0.0 0.0 0.0 0.11999999731779099 0.0 0.0 0.0 0.0 0.0 0.0 0.05000000074505806 0.09000000357627869 0.09000000357627869 0.0 0.4300000071525574 0.5099999904632568 0.0 0.0 0.0 0.0 0.0 0.09000000357627869 0.5099999904632568 0.0 0.0 0.0 0.0 0.09000000357627869 0.019999999552965164 0.09000000357627869 0.0 0.09000000357627869 0.09000000357627869 0.0 0.09000000357627869 0.09000000357627869 0.0 0.0 0.0 0.0 0.0 0.0 0.0 0.0 0.09000000357627869 0.0 0.0 0.0 0.5099999904632568 0.0 0.0 0.0 0.0 0.09000000357627869 0.0 0.09000000357627869 0.0 0.09000000357627869 0.09000000357627869 0.0 0.09000000357627869 0.0 0.0 0.09000000357627869 0.09000000357627869 0.09000000357627869 0.0 0.0 0.09000000357627869 0.09000000357627869
129 0.0 0.0 0.0 0.0 0.0 0.0 0.0 0.09000000357627869 0.09000000357627869 0.0 0.0 0.0 0.09000000357627869 0.09000000357627869 0.0 0.0 0.0 0.0 0.0 0.0 0.0 0.0 0.0 0.0 0.0 0.0 0.0 0.11999999731779099 0.0 0.0 0.0 0.0 0.0 0.11999999731779099 0.0 0.0 0.0 0.0 0.0 0.0 0.0 0.0 0.0 0.0 0.0 0.0 0.09000000357627869 0.09000000357627869 0.09000000357627869 0.0 0.0 0.0 0.0 0.0 0.0 0.0 0.0 0.0 0.0 0.0 0.0 0.0 0.0 0.09000000357627869 0.0 0.0 0.0 0.0 0.0 0.0 0.0 0.09000000357627869 0.0 0.0 0.09000000357627869 0.0 0.0 0.0 0.0 0.09000000357627869 0.0 0.0 0.0 0.0 0.0 0.09000000357627869 0.0 0.09000000357627869 0.09000000357627869 0.0 0.09000000357627869 0.0 0.0 0.0 0.0 0.3100000023841858 0.0 0.0 0.0 0.09000000357627869 0.0 0.0 0.09000000357627869 0.0 0.0 0.0 0.0 0.09000000357627869 0.0 0.0 0.0 0.0 0.0 0.09000000357627869 0.0 0.0 0.0 0.0 0.3100000023841858 0.5099999904632568 0.0 0.3100000023841858 0.0 0.09000000357627869 0.0 0.09000000357627869 0.6200000047683716 0.0 0.0 0.0 0.0 0.0 0.0 0.0 0.0 0.0 0.0 0.0 0.0 0.0 0.0 0.0 0.0 0.0 0.0 0.0 0.0 0.0 0.0 0.0 0.0 0.09000000357627869 0.0 0.0 0.0 0.0 0.0 0.09000000357627869 0.0 0.5099999904632568 0.0 0.0 0.0 0.0 0.0 0.0 0.0 0.0 0.0 0.09000000357627869 0.0 0.0 0.0 0.5099999904632568 0.0 0.0 0.0 0.0 0.09000000357627869 0.0 0.0 0.09000000357627869 0.0 0.0 0.0 0.0 0.0 0.0 0.0 0.0 0.0 0.09000000357627869 0.0 0.0 0.0 0.0 0.0 0.0 0.0 0.09000000357627869 0.0 0.09000000357627869 0.0 0.0 0.09000000357627869 0.0 0.0 0.0 0.0 0.3100000023841858 0.0 0.09000000357627869 0.5099999904632568 0.0 0.0 0.3100000023841858 0.0 0.09000000357627869 0.550000011920929 0.0 0.0 0.0 0.0 0.0 0.0 0.0 0.0 0.0 0.0 0.0 0.0 0.0 0.0 0.0 0.0 0.0 0.0 0.0 0.0 0.0 0.0 0.09000000357627869 0.0 0.09000000357627869 0.0 0.6200000047683716 0.0 0.0 0.0 0.0 0.0 0.3100000023841858 0.0 0.0 0.0 0.09000000357627869 0.09000000357627869 0.0 0.0 0.09000000357627869 0.550000011920929 0.0 0.0 0.3199999928474426 0.30000001192092896 0.5099999904632568 0.0 0.0 0.3100000023841858 0.07000000029802322 0.09000000357627869 0.05000000074505806 0.09000000357627869 0.09000000357627869 0.0 0.4300000071525574 0.5099999904632568 0.0 0.0 0.0 0.0 0.09000000357627869 0.0 0.09000000357627869 0.0 0.09000000357627869 0.5099999904632568 0.0 0.0 0.0 0.0 0.09000000357627869 0.05000000074505806 0.09000000357627869 0.09000000357627869 0.0 0.4300000071525574 0.5099999904632568 0.0 0.0 0.3100000023841858 0.0 0.0 0.0 0.09000000357627869 0.09000000357627869 0.0 0.1599999964237213 0.5099999904632568 0.0 0.0 0.0 0.0 0.09000000357627869 0.05000000074505806 0.09000000357627869 0.0 0.4300000071525574 0.0 0.0 0.0 0.09000000357627869 0.0 0.09000000357627869 0.0 0.0 0.0 0.0 0.0 0.0 0.0 0.0 0.0 0.0 0.0 0.0 0.0 0.0 0.0 0.0 0.0 0.0 0.0 0.11999999731779099 0.0 0.0 0.0 0.0 0.0 0.0 0.05000000074505806 0.09000000357627869 0.09000000357627869 0.0 0.4300000071525574 0.5099999904632568 0.0 0.0 0.0 0.0 0.0 0.09000000357627869 0.5099999904632568 0.0 0.0 0.0 0.0 0.09000000357627869 0.019999999552965164 0.09000000357627869 0.0 0.09000000357627869 0.09000000357627869 0.0 0.09000000357627869 0.09000000357627869 0.0 0.0 0.0 0.0 0.0 0.0 0.0 0.0 0.09000000357627869 0.0 0.0 0.0 0.0 0.0 0.0 0.0 0.5099999904632568 0.0 0.0 0.0 0.0 0.09000000357627869 0.0 0.0 0.09000000357627869 0.09000000357627869 0.09000000357627869
13 0.0 0.0 0.09000000357627869 0.0 0.09000000357627869 0.09000000357627869 0.5099999904632568 0.0 0.0 0.0 0.0 0.09000000357627869 0.0 0.09000000357627869 0.09000000357627869 0.0 0.0 0.0 0.10999999940395355 0.0 0.17000000178813934 0.0 0.14000000059604645 0.5099999904632568 0.0 0.0 0.0 0.0 0.09000000357627869 0.0 0.09000000357627869 0.09000000357627869 0.0 0.0 0.11999999731779099 0.0 0.11999999731779099 0.0 0.11999999731779099 0.0 0.11999999731779099 0.0 0.11999999731779099 0.5099999904632568 0.0 0.0 0.0 0.0 0.09000000357627869 0.0 0.09000000357627869 0.09000000357627869 0.0 0.09000000357627869 0.09000000357627869 0.0 0.09000000357627869 0.09000000357627869 0.20999999344348907 0.05000000074505806 0.05000000074505806 0.0 0.33000001311302185 0.5099999904632568 0.0 0.0 0.0 0.0 0.09000000357627869 0.0 0.09000000357627869 0.09000000357627869 0.0 0.09000000357627869 0.09000000357627869 0.20000000298023224 0.09000000357627869 0.09000000357627869 0.0 0.4399999976158142 0.6399999856948853 0.0 0.46000000834465027 0.46000000834465027 0.0 0.46000000834465027 0.5099999904632568 0.0 0.0 0.3100000023841858 0.0 0.09000000357627869 0.0 0.09000000357627869 0.09000000357627869 0.0 0.09000000357627869 0.0 0.09000000357627869 0.09000000357627869 0.09000000357627869 0.0 0.09000000357627869 0.09000000357627869 0.09000000357627869 0.5099999904632568 0.0 0.0 0.3100000023841858 0.0 0.09000000357627869 0.09000000357627869 0.5099999904632568 0.0 0.0 0.0 0.09000000357627869 0.09000000357627869 0.0 0.09000000357627869 0.0 0.0 0.09000000357627869 0.0 0.0 0.0 0.0 0.09000000357627869 0.0 0.09000000357627869 0.09000000357627869 0.0 0.0 0.0 0.0 0.11999999731779099 0.0 0.11999999731779099 0.5099999904632568 0.0 0.0 0.0 0.0 0.09000000357627869 0.0 0.09000000357627869 0.0 0.0 0.11999999731779099 0.0 0.11999999731779099 0.10999999940395355 0.0 0.4300000071525574 0.0 0.11999999731779099 0.0 0.11999999731779099 0.09000000357627869 0.09000000357627869
130 0.0 0.0 0.0 0.09000000357627869 0.09000000357627869 0.0 0.0 0.0 0.09000000357627869 0.09000000357627869 0.20999999344348907 0.0 0.33000001311302185 0.33000001311302185 0.0 0.0 0.0 0.0 0.0 0.0 0.0 0.0 0.0 0.0 0.0 0.0 0.11999999731779099 0.0 0.0 0.0 0.0 0.0 0.0 0.0 0.0 0.0 0.09000000357627869 0.0 0.0 0.0 0.09000000357627869 0.09000000357627869 0.09000000357627869 0.0 0.0 0.0 0.0 0.0 0.0 0.0 0.0 0.0 0.0 0.0 0.0 0.0 0.0 0.0 0.09000000357627869 0.0 0.0 0.0 0.0 0.0 0.0 0.0 0.11999999731779099 0.0 0.11999999731779099 0.3100000023841858 0.0 0.0 0.0 0.09000000357627869 0.0 0.0 0.09000000357627869 0.0 0.0 0.0 0.0 0.09000000357627869 0.0 0.0 0.0 0.09000000357627869 0.0 0.09000000357627869 0.0 0.0 0.0 0.0 0.0 0.09000000357627869 0.0 0.0 0.0 0.0 0.0 0.0 0.0 0.0 0.0 0.0 0.09000000357627869 0.0 0.0 0.0 0.0 0.0 0.0 0.0 0.0 0.0 0.0 0.0 0.0 0.0 0.0 0.0 0.0 0.09000000357627869 0.0 0.0 0.0 0.0 0.0 0.0 0.0 0.0 0.0 0.0 0.0 0.0 0.0 0.0 0.0 0.0 0.09000000357627869 0.0 0.0 0.6200000047683716 0.0 0.0 0.0 0.0 0.0 0.3100000023841858 0.0 0.0 0.0 0.09000000357627869 0.09000000357627869 0.0 0.0 0.09000000357627869 0.5099999904632568 0.0 0.0 0.3100000023841858 0.07000000029802322 0.09000000357627869 0.05000000074505806 0.09000000357627869 0.0 0.5099999904632568 0.0 0.0 0.0 0.0 0.09000000357627869 0.0 0.09000000357627869 0.0 0.09000000357627869 0.5099999904632568 0.0 0.0 0.3100000023841858 0.0 0.0 0.0 0.09000000357627869 0.09000000357627869 0.0 0.0 0.0 0.0 0.09000000357627869 0.09000000357627869 0.0 0.0 0.0 0.0 0.5099999904632568 0.0 0.0 0.3100000023841858 0.0 0.0 0.0 0.09000000357627869 0.09000000357627869 0.0 0.1599999964237213 0.5099999904632568 0.0 0.0 0.0 0.0 0.09000000357627869 0.05000000074505806 0.09000000357627869 0.09000000357627869 0.0 0.4300000071525574 0.5099999904632568 0.0 0.0 0.3100000023841858 0.0 0.0 0.09000000357627869 0.0 0.0 0.0 0.0 0.0 0.0 0.09000000357627869 0.0 0.09000000357627869 0.09000000357627869 0.0 0.0 0.0 0.0 0.0 0.0 0.0 0.0 0.0 0.0 0.0 0.0 0.09000000357627869 0.0 0.4300000071525574 0.0 0.09000000357627869 0.09000000357627869 0.0 0.0 0.0 0.0 0.0 0.0 0.0 0.0 0.0 0.0 0.0 0.0 0.0 0.0 0.0 0.0 0.0 0.0 0.0 0.0 0.11999999731779099 0.0 0.0 0.0 0.0 0.0 0.0 0.05000000074505806 0.09000000357627869 0.09000000357627869 0.0 0.4300000071525574 0.5099999904632568 0.0 0.0 0.0 0.0 0.0 0.09000000357627869 0.5099999904632568 0.0 0.0 0.0 0.0 0.09000000357627869 0.019999999552965164 0.09000000357627869 0.0 0.09000000357627869 0.09000000357627869 0.0 0.09000000357627869 0.09000000357627869 0.0 0.0 0.0
131 0.0 0.11999999731779099 0.0 0.0 0.0 0.0 0.0 0.0 0.0 0.09000000357627869 0.0 0.0 0.0 0.09000000357627869 0.09000000357627869 0.0 0.0 0.0 0.0 0.0 0.0 0.0 0.0 0.0 0.0 0.0 0.0 0.0 0.0 0.09000000357627869 0.0 0.0 0.0 0.0 0.0 0.0 0.0 0.0 0.0 0.0 0.11999999731779099 0.0 0.11999999731779099 0.0 0.0 0.0 0.0 0.0 0.0 0.0 0.0 0.0 0.0 0.09000000357627869 0.0 0.0 0.0 0.0 0.0 0.0 0.0 0.0 0.09000000357627869 0.0 0.0 0.0 0.0 0.0 0.0 0.0 0.09000000357627869 0.0 0.09000000357627869 0.0 0.09000000357627869 0.5099999904632568 0.0 0.0 0.0 0.0 0.0 0.0 0.09000000357627869 0.09000000357627869 0.0 0.0 0.0 0.0 0.09000000357627869 0.09000000357627869 0.0 0.0 0.0 0.0 0.0 0.0 0.0 0.0 0.0 0.09000000357627869 0.0 0.09000000357627869 0.0 0.0 0.09000000357627869 0.09000000357627869 0.09000000357627869 0.0 0.0 0.0 0.3100000023841858 0.0 0.0 0.0 0.09000000357627869 0.0 0.0 0.09000000357627869 0.0 0.0 0.0 0.0 0.09000000357627869 0.0 0.0 0.0 0.0 0.0 0.09000000357627869 0.0 0.09000000357627869 0.09000000357627869 0.0 0.09000000357627869 0.0 0.05000000074505806 0.0 0.0 0.0 0.3100000023841858 0.0 0.0 0.0 0.09000000357627869 0.0 0.0 0.0 0.0 0.09000000357627869 0.0 0.0 0.0 0.0 0.0 0.0 0.0 0.0 0.0 0.0 0.0 0.09000000357627869 0.0 0.0 0.0 0.0 0.0 0.0 0.0 0.09000000357627869 0.5099999904632568 0.0 0.0 0.0 0.0 0.0 0.0 0.0 0.0 0.0 0.0 0.0 0.0 0.0 0.0 0.0 0.0 0.0 0.0 0.0 0.0 0.0 0.0 0.0 0.09000000357627869 0.0 0.0 0.0 0.0 0.0 0.0 0.0 0.0 0.0 0.0 0.0 0.0 0.0 0.0 0.0 0.0 0.5099999904632568 0.0 0.0 0.0 0.09000000357627869 0.0 0.09000000357627869 0.5099999904632568 0.0 0.0 0.3100000023841858 0.0 0.0 0.0 0.09000000357627869 0.09000000357627869 0.0 0.0 0.0 0.0 0.09000000357627869 0.09000000357627869 0.0 0.0 0.0 0.0 0.5099999904632568 0.0 0.0 0.0 0.0 0.09000000357627869 0.05000000074505806 0.09000000357627869 0.09000000357627869 0.0 0.4300000071525574 0.5099999904632568 0.0 0.0 0.0 0.0 0.09000000357627869 0.05000000074505806 0.09000000357627869 0.09000000357627869 0.0 0.4300000071525574 0.5099999904632568 0.0 0.0 0.3100000023841858 0.0 0.0 0.0 0.09000000357627869 0.09000000357627869 0.0 0.09000000357627869 0.0 0.0 0.0 0.0 0.0 0.09000000357627869 0.09000000357627869 0.09000000357627869 0.5099999904632568 0.0 0.0 0.0 0.0 0.09000000357627869 0.05000000074505806 0.09000000357627869 0.0 0.0 0.0 0.0 0.0 0.0 0.0 0.0 0.0 0.0 0.0 0.0 0.0 0.0 0.09000000357627869 0.0 0.09000000357627869 0.09000000357627869 0.0 0.0 0.0 0.0 0.0 0.0 0.0 0.0 0.0 0.0 0.0 0.0 0.09000000357627869 0.0 0.4300000071525574 0.0 0.09000000357627869 0.09000000357627869 0.0 0.0 0.0 0.0 0.0 0.0 0.0 0.0 0.0 0.0 0.0 0.0 0.0 0.0 0.0 0.0 0.0 0.0 0.0 0.0 0.11999999731779099 0.0 0.0 0.0 0.0 0.0 0.0 0.05000000074505806 0.09000000357627869 0.09000000357627869 0.0 0.4300000071525574 0.5099999904632568 0.0 0.0 0.0 0.0 0.0 0.09000000357627869 0.5099999904632568 0.0 0.0 0.09000000357627869
132 0.0 0.0 0.0 0.0 0.0 0.09000000357627869 0.0 0.0 0.0 0.09000000357627869 0.09000000357627869 0.0 0.0 0.0 0.0 0.0 0.0 0.0 0.0 0.0 0.0 0.0 0.0 0.0 0.0 0.0 0.0 0.0 0.0 0.0 0.0 0.0 0.09000000357627869 0.09000000357627869 0.0 0.0 0.11999999731779099 0.0 0.11999999731779099 0.0 0.11999999731779099 0.0 0.0 0.0 0.0 0.0 0.0 0.0 0.0 0.0 0.0 0.0 0.0 0.0 0.0 0.0 0.0 0.0 0.0 0.0 0.0 0.0 0.0 0.0 0.0 0.0 0.0 0.0 0.0 0.09000000357627869 0.0 0.0 0.0 0.0 0.0 0.0 0.0 0.0 0.0 0.09000000357627869 0.0 0.09000000357627869 0.0 0.09000000357627869 0.09000000357627869 0.0 0.09000000357627869 0.09000000357627869 0.5099999904632568 0.0 0.0 0.09000000357627869 0.09000000357627869 0.0 0.0 0.0 0.0 0.09000000357627869 0.09000000357627869 0.0 0.0 0.0 0.0 0.3100000023841858 0.0 0.0 0.0 0.09000000357627869 0.0 0.0 0.09000000357627869 0.0 0.0 0.0 0.0 0.09000000357627869 0.0 0.0 0.0 0.0 0.0 0.0 0.0 0.0 0.0 0.0 0.0 0.0 0.0 0.0 0.0 0.0 0.0 0.09000000357627869 0.09000000357627869 0.0 0.0 0.5099999904632568 0.0 0.0 0.0 0.0 0.09000000357627869 0.05000000074505806 0.09000000357627869 0.09000000357627869 0.0 0.4300000071525574 0.5099999904632568 0.0 0.0 0.3100000023841858 0.0 0.0 0.0 0.09000000357627869 0.09000000357627869 0.0 0.1599999964237213 0.5099999904632568 0.0 0.0 0.3100000023841858 0.0 0.0 0.0 0.09000000357627869 0.09000000357627869 0.0 0.09000000357627869 0.0 0.0 0.0 0.0 0.0 0.09000000357627869 0.09000000357627869 0.09000000357627869 0.5099999904632568 0.0 0.0 0.0 0.0 0.09000000357627869 0.05000000074505806 0.09000000357627869 0.09000000357627869 0.0 0.4300000071525574 0.5099999904632568 0.0 0.0 0.3100000023841858 0.0 0.09000000357627869 0.0 0.09000000357627869 0.09000000357627869 0.5099999904632568 0.0 0.3100000023841858 0.6200000047683716 0.0 0.5099999904632568 0.0 0.0 0.0 0.09000000357627869 0.09000000357627869 0.5099999904632568 0.0 0.0 0.0 0.0 0.0 0.0 0.09000000357627869 0.09000000357627869 0.0 0.09000000357627869 0.0 0.0 0.0 0.09000000357627869 0.09000000357627869 0.0 0.0 0.0 0.0 0.0 0.0 0.0 0.0 0.0 0.0 0.09000000357627869 0.0 0.09000000357627869 0.09000000357627869 0.0 0.0 0.0 0.0 0.0 0.0 0.0 0.0 0.0 0.0 0.0 0.0 0.09000000357627869 0.0 0.4300000071525574 0.0 0.09000000357627869 0.09000000357627869 0.0 0.0 0.0 0.0 0.0 0.0 0.0 0.0 0.0 0.0 0.0 0.0 0.0 0.0 0.0 0.0 0.0 0.0 0.0 0.0 0.11999999731779099 0.0 0.0 0.0 0.0 0.0 0.0 0.05000000074505806 0.09000000357627869 0.09000000357627869 0.0 0.4300000071525574 0.5099999904632568 0.0 0.0 0.0 0.09000000357627869
133 0.11999999731779099 0.0 0.0 0.0 0.0 0.0 0.0 0.0 0.0 0.09000000357627869 0.0 0.0 0.11999999731779099 0.0 0.11999999731779099 0.0 0.0 0.0 0.0 0.0 0.0 0.0 0.0 0.0 0.0 0.0 0.0 0.09000000357627869 0.0 0.0 0.0 0.09000000357627869 0.0 0.0 0.0 0.0 0.0 0.0 0.0 0.0 0.0 0.09000000357627869 0.09000000357627869 0.6200000047683716 0.0 0.0 0.0 0.0 0.0 0.0 0.0 0.09000000357627869 0.0 0.0 0.0 0.0 0.09000000357627869 0.0 0.0 0.0 0.0 0.0 0.0 0.0 0.0 0.3100000023841858 0.0 0.09000000357627869 0.0 0.09000000357627869 0.09000000357627869 0.0 0.09000000357627869 0.09000000357627869 0.0 0.09000000357627869 0.09000000357627869 0.0 0.0 0.0 0.3100000023841858 0.0 0.09000000357627869 0.0 0.0 0.0 0.1899999976158142 0.12999999523162842 0.0 0.5099999904632568 0.0 0.0 0.0 0.0 0.0 0.0 0.0 0.0 0.0 0.0 0.0 0.0 0.0 0.0 0.0 0.11999999731779099 0.5099999904632568 0.0 0.0 0.0 0.0 0.09000000357627869 0.05000000074505806 0.09000000357627869 0.09000000357627869 0.0 0.4300000071525574 0.0 0.0 0.0 0.0 0.09000000357627869 0.09000000357627869 0.0 0.09000000357627869 0.0 0.09000000357627869 0.09000000357627869 0.0 0.09000000357627869 0.09000000357627869 0.5099999904632568 0.0 0.0 0.0 0.0 0.09000000357627869 0.0 0.09000000357627869 0.09000000357627869 0.0 0.09000000357627869 0.09000000357627869 0.6200000047683716 0.0 0.0 0.5099999904632568 0.0 0.0 0.0 0.0 0.09000000357627869 0.0 0.0 0.0 0.0 0.0 0.0 0.5099999904632568 0.0 0.0 0.0 0.0 0.0 0.0 0.09000000357627869 0.09000000357627869 0.0 0.0 0.0 0.0 0.09000000357627869 0.09000000357627869 0.0 0.0 0.0 0.0 0.0 0.0 0.0 0.0 0.0 0.09000000357627869 0.0 0.0 0.0 0.3100000023841858 0.0 0.0 0.09000000357627869 0.0 0.0 0.0 0.0 0.0 0.0 0.09000000357627869 0.0 0.0 0.0 0.0 0.0 0.0 0.0 0.0 0.0 0.0 0.0 0.0 0.0 0.0 0.0 0.0 0.0 0.0 0.0 0.0 0.0 0.0 0.46000000834465027 0.0 0.46000000834465027 0.0 0.0 0.0 0.0 0.0 0.0 0.0 0.0 0.09000000357627869 0.05000000074505806 0.09000000357627869 0.0 0.4300000071525574 0.5099999904632568 0.0 0.0 0.3100000023841858 0.0 0.0 0.0 0.09000000357627869 0.09000000357627869 0.0 0.1599999964237213 0.5099999904632568 0.0 0.0 0.0 0.0 0.09000000357627869 0.05000000074505806 0.09000000357627869 0.09000000357627869 0.0 0.4300000071525574 0.5099999904632568 0.0 0.0 0.0 0.0 0.09000000357627869 0.05000000074505806 0.09000000357627869 0.09000000357627869 0.0 0.4300000071525574 0.5099999904632568 0.0 0.0 0.3100000023841858 0.0 0.09000000357627869 0.0 0.09000000357627869 0.09000000357627869 0.09000000357627869 0.5099999904632568 0.0 0.0 0.3100000023841858 0.0 0.09000000357627869 0.0 0.09000000357627869 0.09000000357627869 0.6200000047683716 0.0 0.0 0.5099999904632568 0.0 0.0 0.0 0.0 0.09000000357627869 0.09000000357627869 0.5099999904632568 0.0 0.0 0.0 0.0 0.0 0.0 0.09000000357627869 0.09000000357627869 0.0 0.09000000357627869 0.0 0.0 0.0 0.09000000357627869 0.09000000357627869 0.09000000357627869 0.0 0.0 0.0 0.0 0.0 0.0 0.0 0.0 0.0 0.0 0.09000000357627869 0.0 0.09000000357627869 0.09000000357627869 0.0 0.0 0.0 0.0 0.0 0.0 0.0 0.0 0.0 0.0 0.0 0.0 0.09000000357627869 0.0 0.4300000071525574 0.0 0.09000000357627869 0.09000000357627869 0.0 0.0 0.0 0.0 0.0 0.0 0.0 0.0 0.0 0.0 0.0 0.0 0.0 0.0 0.0 0.0 0.0 0.0
134 0.09000000357627869 0.0 0.09000000357627869 0.0 0.0 0.0 0.0 0.0 0.0 0.09000000357627869 0.09000000357627869 0.0 0.0 0.11999999731779099 0.0 0.11999999731779099 0.0 0.11999999731779099 0.0 0.0 0.0 0.0 0.0 0.0 0.0 0.0 0.0 0.0 0.0 0.0 0.0 0.0 0.0 0.0 0.0 0.0 0.09000000357627869 0.09000000357627869 0.6200000047683716 0.0 0.0 0.0 0.0 0.0 0.0 0.0 0.09000000357627869 0.0 0.0 0.0 0.0 0.09000000357627869 0.0 0.0 0.0 0.0 0.0 0.0 0.0 0.0 0.3100000023841858 0.0 0.09000000357627869 0.0 0.09000000357627869 0.09000000357627869 0.0 0.09000000357627869 0.09000000357627869 0.0 0.09000000357627869 0.09000000357627869 0.0 0.0 0.0 0.3100000023841858 0.0 0.0 0.0 0.0 0.5099999904632568 0.0 0.0 0.0 0.09000000357627869 0.09000000357627869 0.0 0.0 0.0 0.0 0.09000000357627869 0.09000000357627869 0.0 0.09000000357627869 0.0 0.09000000357627869 0.09000000357627869 0.0 0.09000000357627869 0.09000000357627869 0.09000000357627869 0.09000000357627869 0.0 0.0 0.0 0.0 0.09000000357627869 0.09000000357627869 0.0 0.0 0.0 0.0 0.0 0.0 0.0 0.09000000357627869 0.0 0.1599999964237213 0.5099999904632568 0.0 0.0 0.0 0.0 0.09000000357627869 0.05000000074505806 0.09000000357627869 0.09000000357627869 0.0 0.4300000071525574 0.5099999904632568 0.0 0.0 0.3100000023841858 0.0 0.0 0.0 0.09000000357627869 0.09000000357627869 0.0 0.09000000357627869 0.0 0.0 0.0 0.0 0.0 0.09000000357627869 0.09000000357627869 0.09000000357627869 0.5099999904632568 0.0 0.0 0.3100000023841858 0.0 0.09000000357627869 0.0 0.09000000357627869 0.09000000357627869 0.09000000357627869 0.5099999904632568 0.0 0.0 0.3100000023841858 0.0 0.09000000357627869 0.0 0.09000000357627869 0.09000000357627869 0.6200000047683716 0.0 0.0 0.5099999904632568 0.0 0.0 0.0 0.0 0.09000000357627869 0.09000000357627869 0.5099999904632568 0.0 0.0 0.0 0.0 0.0 0.0 0.09000000357627869 0.09000000357627869 0.0 0.09000000357627869 0.0 0.0 0.0 0.09000000357627869 0.09000000357627869 0.09000000357627869 0.0 0.0 0.0 0.0 0.0 0.0 0.0 0.0 0.0 0.0 0.09000000357627869 0.0 0.09000000357627869 0.09000000357627869 0.0 0.0 0.0 0.0 0.0 0.0 0.0 0.0 0.0 0.0 0.0 0.0 0.09000000357627869 0.0 0.4300000071525574 0.0 0.09000000357627869 0.09000000357627869 0.0 0.0 0.0 0.0 0.0 0.0 0.0 0.0
135 0.0 0.6200000047683716 0.0 0.0 0.0 0.0 0.0 0.0 0.0 0.0 0.0 0.0 0.0 0.3100000023841858 0.0 0.09000000357627869 0.0 0.09000000357627869 0.09000000357627869 0.0 0.09000000357627869 0.09000000357627869 0.0 0.09000000357627869 0.09000000357627869 0.05000000074505806 0.0 0.0 0.0 0.3100000023841858 0.09000000357627869 0.0 0.0 0.5099999904632568 0.0 0.0 0.09000000357627869 0.09000000357627869 0.0 0.0 0.0 0.09000000357627869 0.09000000357627869 0.0 0.09000000357627869 0.0 0.09000000357627869 0.0 0.09000000357627869 0.09000000357627869 0.0 0.09000000357627869 0.0 0.09000000357627869 0.05000000074505806 0.09000000357627869 0.09000000357627869 0.0 0.4300000071525574 0.5099999904632568 0.0 0.0 0.3100000023841858 0.0 0.0 0.0 0.09000000357627869 0.09000000357627869 0.0 0.09000000357627869 0.0 0.0 0.0 0.0 0.0 0.09000000357627869 0.09000000357627869 0.09000000357627869 0.5099999904632568 0.0 0.0 0.0 0.0 0.09000000357627869 0.05000000074505806 0.09000000357627869 0.09000000357627869 0.0 0.4300000071525574 0.5099999904632568 0.0 0.0 0.3100000023841858 0.0 0.09000000357627869 0.0 0.09000000357627869 0.09000000357627869 0.6200000047683716 0.0 0.0 0.5099999904632568 0.0 0.0 0.0 0.0 0.09000000357627869 0.09000000357627869 0.5099999904632568 0.0 0.0 0.0 0.0 0.0 0.0 0.09000000357627869 0.09000000357627869 0.0 0.09000000357627869 0.0 0.0 0.0 0.09000000357627869 0.09000000357627869 0.0 0.0 0.0 0.0 0.0 0.0 0.0 0.0 0.09000000357627869 0.0 0.0 0.0 0.0 0.09000000357627869 0.0 0.4300000071525574
136 0.0 0.0 0.11999999731779099 0.0 0.0 0.0 0.0 0.0 0.0 0.09000000357627869 0.0 0.09000000357627869 0.09000000357627869 0.0 0.09000000357627869 0.0 0.09000000357627869 0.09000000357627869 0.09000000357627869 0.0 0.09000000357627869 0.09000000357627869 0.09000000357627869 0.5099999904632568 0.0 0.0 0.0 0.09000000357627869 0.09000000357627869 0.0 0.0 0.0 0.0 0.0 0.0 0.0 0.0 0.09000000357627869 0.0 0.09000000357627869 0.0 0.0 0.09000000357627869 0.09000000357627869 0.0 0.0 0.0 0.09000000357627869 0.0 0.0 0.11999999731779099 0.0 0.11999999731779099 0.0 0.0 0.0 0.0 0.0 0.0 0.0 0.0 0.0 0.0 0.0 0.0 0.09000000357627869 0.09000000357627869 0.6200000047683716 0.0 0.0 0.0 0.0 0.0 0.0 0.0 0.09000000357627869 0.0 0.0 0.0 0.0 0.09000000357627869 0.0 0.0 0.0 0.0 0.0 0.0 0.0 0.0 0.3100000023841858 0.0 0.09000000357627869 0.0 0.09000000357627869 0.09000000357627869 0.0 0.09000000357627869 0.09000000357627869 0.0 0.09000000357627869 0.09000000357627869 0.0 0.0 0.05000000074505806 0.0 0.33000001311302185 0.33000001311302185 0.0 0.0 0.0 0.0 0.3100000023841858 0.0 0.09000000357627869 0.0 0.0 0.1899999976158142 0.12999999523162842 0.0 0.0 0.0 0.0 0.4399999976158142 0.3199999928474426 0.18000000715255737 0.5099999904632568 0.0 0.0 0.0 0.0 0.0 0.5099999904632568 0.0 0.09000000357627869 0.09000000357627869 0.09000000357627869 0.0 0.0 0.09000000357627869 0.05000000074505806 0.09000000357627869 0.0 0.4300000071525574 0.5099999904632568 0.0 0.0 0.3100000023841858 0.0 0.0 0.0 0.09000000357627869 0.09000000357627869 0.0 0.09000000357627869 0.0 0.0 0.0 0.0 0.0 0.09000000357627869 0.09000000357627869 0.09000000357627869 0.5099999904632568 0.0 0.0 0.0 0.0 0.09000000357627869 0.05000000074505806 0.09000000357627869 0.09000000357627869 0.0 0.4300000071525574 0.5099999904632568 0.0 0.0 0.3100000023841858 0.0 0.09000000357627869 0.0 0.09000000357627869 0.09000000357627869 0.09000000357627869 0.5099999904632568 0.0 0.0 0.0 0.0 0.09000000357627869 0.09000000357627869 0.5099999904632568 0.0 0.0 0.0 0.0 0.0 0.0 0.09000000357627869 0.09000000357627869 0.0 0.09000000357627869 0.0 0.0 0.0 0.09000000357627869 0.09000000357627869 0.09000000357627869 0.0 0.0 0.0 0.0 0.0 0.0 0.0 0.0 0.0 0.09000000357627869 0.0 0.0 0.0 0.0 0.0 0.0 0.0 0.09000000357627869 0.0 0.4300000071525574 0.0 0.09000000357627869
137 0.09000000357627869 0.09000000357627869 0.0 0.0 0.0 0.11999999731779099 0.0 0.11999999731779099 0.0 0.0 0.0 0.0 0.0 0.09000000357627869 0.0 0.0 0.0 0.09000000357627869 0.0 0.0 0.0 0.0 0.0 0.0 0.0 0.0 0.09000000357627869 0.0 0.09000000357627869 0.09000000357627869 0.0 0.0 0.0 0.0 0.0 0.0 0.0 0.0 0.0 0.0 0.0 0.0 0.09000000357627869 0.09000000357627869 0.0 0.0 0.11999999731779099 0.11999999731779099 0.0 0.0 0.0 0.0 0.0 0.0 0.0 0.0 0.0 0.0 0.0 0.0 0.09000000357627869 0.0 0.0 0.0 0.09000000357627869 0.0 0.0 0.0 0.0 0.0 0.0 0.0 0.0 0.0 0.09000000357627869 0.09000000357627869 0.6200000047683716 0.0 0.0 0.0 0.0 0.0 0.0 0.0 0.09000000357627869 0.0 0.0 0.0 0.0 0.09000000357627869 0.0 0.0 0.0 0.0 0.0 0.0 0.0 0.0 0.3100000023841858 0.0 0.09000000357627869 0.0 0.09000000357627869 0.09000000357627869 0.0 0.09000000357627869 0.09000000357627869 0.0 0.09000000357627869 0.09000000357627869 0.0 0.0 0.05000000074505806 0.0 0.33000001311302185 0.33000001311302185 0.0 0.0 0.0 0.0 0.3100000023841858 0.0 0.09000000357627869 0.0 0.0 0.0 0.1899999976158142 0.12999999523162842 0.0 0.0 0.0 0.0 0.4399999976158142 0.3199999928474426 0.18000000715255737 0.5099999904632568 0.0 0.0 0.0 0.0 0.0 0.0 0.0 0.0 0.0 0.0 0.0 0.0 0.0 0.0 0.0 0.11999999731779099 0.5099999904632568 0.0 0.0 0.0 0.0 0.09000000357627869 0.05000000074505806 0.09000000357627869 0.09000000357627869 0.0 0.0 0.0 0.0 0.0 0.09000000357627869 0.09000000357627869 0.0 0.09000000357627869 0.0 0.09000000357627869 0.09000000357627869 0.0 0.09000000357627869 0.09000000357627869 0.5099999904632568 0.0 0.0 0.09000000357627869 0.09000000357627869 0.0 0.0 0.0 0.0 0.09000000357627869 0.09000000357627869 0.0 0.0 0.0 0.0 0.0 0.0 0.0 0.0 0.0 0.0 0.46000000834465027 0.0 0.46000000834465027 0.0 0.0 0.0 0.0 0.0 0.0 0.0 0.0 0.0 0.0 0.09000000357627869 0.05000000074505806 0.09000000357627869 0.0 0.4300000071525574 0.5099999904632568 0.0 0.0 0.3100000023841858 0.0 0.0 0.0 0.09000000357627869 0.09000000357627869 0.0 0.09000000357627869 0.0 0.0 0.0 0.0 0.0 0.09000000357627869 0.09000000357627869 0.09000000357627869 0.5099999904632568 0.0 0.0 0.0 0.0 0.09000000357627869 0.05000000074505806 0.09000000357627869 0.09000000357627869 0.0 0.4300000071525574 0.5099999904632568 0.0 0.0 0.3100000023841858 0.0 0.09000000357627869 0.0 0.09000000357627869 0.09000000357627869 0.09000000357627869 0.5099999904632568 0.0 0.0 0.3100000023841858 0.0 0.09000000357627869 0.0 0.09000000357627869 0.09000000357627869 0.6200000047683716 0.0 0.0 0.5099999904632568 0.0 0.0 0.0 0.0 0.0 0.0 0.09000000357627869 0.09000000357627869 0.0 0.09000000357627869 0.0 0.0 0.0 0.09000000357627869 0.09000000357627869 0.09000000357627869 0.0 0.0 0.0 0.0 0.0 0.0 0.0 0.0 0.0 0.0 0.09000000357627869 0.0 0.09000000357627869 0.09000000357627869 0.0 0.0 0.0 0.0 0.0 0.0 0.0 0.0 0.0 0.0 0.0 0.0 0.09000000357627869 0.0 0.4300000071525574 0.0 0.0 0.0
138 0.0 0.0 0.0 0.09000000357627869 0.0 0.0 0.0 0.0 0.09000000357627869 0.09000000357627869 0.0 0.0 0.6399999856948853 0.0 0.46000000834465027 0.46000000834465027 0.0 0.46000000834465027 0.46000000834465027 0.0 0.0 0.0 0.0 0.0 0.0 0.0 0.0 0.0 0.0 0.0 0.0 0.0 0.11999999731779099 0.0 0.0 0.0 0.0 0.0 0.0 0.0 0.09000000357627869 0.09000000357627869 0.0 0.09000000357627869 0.09000000357627869 0.550000011920929 0.0 0.0 0.0 0.0 0.0 0.0 0.0 0.11999999731779099 0.0 0.0 0.0 0.0 0.0 0.0 0.0 0.09000000357627869 0.0 0.09000000357627869 0.0 0.09000000357627869 0.09000000357627869 0.0 0.0 0.0 0.0 0.0 0.0 0.09000000357627869 0.0 0.09000000357627869 0.09000000357627869 0.0 0.09000000357627869 0.0 0.09000000357627869 0.09000000357627869 0.0 0.09000000357627869 0.09000000357627869 0.09000000357627869 0.5099999904632568 0.0 0.0 0.0 0.0 0.09000000357627869 0.0 0.0 0.0 0.0 0.0 0.09000000357627869 0.05000000074505806 0.09000000357627869 0.09000000357627869 0.0 0.4300000071525574 0.0 0.0 0.0 0.0 0.0 0.09000000357627869 0.0 0.0 0.0 0.0 0.0 0.0 0.0 0.0 0.0 0.0 0.09000000357627869 0.09000000357627869 0.0 0.0 0.0 0.09000000357627869 0.0 0.0 0.09000000357627869 0.09000000357627869 0.0 0.0 0.0 0.0 0.0 0.0 0.0 0.0 0.09000000357627869 0.0 0.0 0.0 0.0 0.0 0.0 0.0 0.0 0.0 0.0 0.09000000357627869 0.0 0.0 0.0 0.0 0.0 0.0 0.0 0.0 0.0 0.0 0.0 0.0 0.09000000357627869 0.0 0.4399999976158142 0.6399999856948853 0.0 0.46000000834465027 0.46000000834465027 0.0 0.46000000834465027 0.46000000834465027 0.0 0.0 0.0 0.0 0.0 0.09000000357627869 0.0 0.0 0.0 0.0 0.0 0.0 0.0 0.0 0.0 0.0 0.0 0.0 0.0 0.0 0.0 0.0 0.0 0.0 0.0 0.0 0.0 0.0 0.09000000357627869 0.09000000357627869 0.0 0.0 0.11999999731779099 0.0 0.11999999731779099 0.0 0.11999999731779099 0.0 0.0 0.0 0.11999999731779099 0.0 0.0 0.0 0.0 0.0 0.0 0.0 0.0 0.0 0.0 0.0 0.0 0.09000000357627869 0.0 0.0 0.0 0.09000000357627869 0.0 0.0 0.0 0.0 0.0 0.0 0.0 0.0 0.0 0.09000000357627869 0.09000000357627869 0.6200000047683716 0.0 0.0 0.0 0.0 0.0 0.0 0.0 0.09000000357627869 0.0 0.0 0.0 0.0 0.09000000357627869 0.0 0.0 0.0 0.0 0.0 0.0 0.0 0.0 0.3100000023841858 0.0 0.09000000357627869 0.0 0.09000000357627869 0.09000000357627869 0.0 0.09000000357627869 0.09000000357627869 0.0 0.09000000357627869 0.09000000357627869 0.0 0.0 0.05000000074505806 0.0 0.33000001311302185 0.33000001311302185 0.0 0.0 0.0 0.0 0.3100000023841858 0.0 0.09000000357627869 0.1899999976158142 0.12999999523162842 0.5099999904632568 0.0 0.0 0.0 0.0 0.0 0.0 0.0 0.0 0.0 0.11999999731779099 0.5099999904632568 0.0 0.09000000357627869 0.0 0.09000000357627869 0.09000000357627869 0.09000000357627869 0.0 0.09000000357627869 0.0 0.09000000357627869 0.09000000357627869 0.0 0.0 0.0 0.0 0.09000000357627869 0.09000000357627869 0.0 0.0 0.0 0.0 0.0 0.0 0.0 0.09000000357627869 0.0 0.0 0.0 0.0 0.0 0.0 0.0 0.0 0.0 0.0 0.0 0.0 0.0 0.0 0.0 0.0 0.0 0.0 0.0 0.0 0.0 0.09000000357627869 0.09000000357627869 0.0 0.1599999964237213 0.5099999904632568 0.0 0.0 0.0 0.0 0.09000000357627869 0.05000000074505806 0.09000000357627869 0.09000000357627869 0.0 0.4300000071525574 0.5099999904632568 0.0 0.0 0.3100000023841858 0.0 0.0 0.0 0.09000000357627869 0.09000000357627869 0.0 0.09000000357627869 0.0 0.0 0.0 0.0 0.0 0.09000000357627869 0.09000000357627869 0.09000000357627869 0.5099999904632568 0.0 0.0 0.0 0.0 0.09000000357627869 0.05000000074505806 0.09000000357627869 0.09000000357627869 0.0 0.4300000071525574 0.5099999904632568 0.0 0.0 0.3100000023841858 0.0 0.09000000357627869 0.0 0.09000000357627869 0.09000000357627869 0.09000000357627869 0.5099999904632568 0.0 0.0 0.3100000023841858 0.0 0.09000000357627869 0.0 0.09000000357627869 0.09000000357627869 0.6200000047683716 0.0 0.0 0.5099999904632568 0.0 0.0 0.0 0.0 0.09000000357627869 0.09000000357627869 0.5099999904632568 0.0 0.0 0.0 0.0 0.0 0.0 0.0 0.0 0.0 0.09000000357627869 0.0 0.09000000357627869 0.09000000357627869 0.0 0.0 0.0 0.0 0.0 0.0 0.0 0.0 0.0 0.0 0.0 0.0 0.09000000357627869 0.0 0.4300000071525574 0.0 0.09000000357627869 0.09000000357627869 0.0 0.0 0.0 0.0 0.0 0.0 0.0 0.0 0.0 0.0 0.0 0.0 0.0 0.09000000357627869
139 0.09000000357627869 0.550000011920929 0.0 0.0 0.0 0.11999999731779099 0.0 0.0 0.09000000357627869 0.0 0.0 0.0 0.0 0.0 0.0 0.0 0.0 0.0 0.09000000357627869 0.09000000357627869 0.0 0.09000000357627869 0.09000000357627869 0.0 0.0 0.0 0.0 0.0 0.0 0.0 0.0 0.09000000357627869 0.0 0.0 0.0 0.0 0.0 0.0 0.0 0.0 0.0 0.0 0.09000000357627869 0.0 0.0 0.0 0.0 0.0 0.0 0.0 0.0 0.0 0.0 0.0 0.0 0.0 0.09000000357627869 0.0 0.0 0.0 0.0 0.0 0.11999999731779099 0.0 0.0 0.0 0.0 0.0 0.0 0.0 0.09000000357627869 0.0 0.0 0.0 0.09000000357627869 0.09000000357627869 0.0 0.0 0.0 0.0 0.0 0.0 0.0 0.0 0.0 0.0 0.0 0.0 0.0 0.0 0.0 0.0 0.09000000357627869 0.0 0.0 0.0 0.0 0.0 0.0 0.0 0.0 0.0 0.09000000357627869 0.09000000357627869 0.0 0.0 0.11999999731779099 0.0 0.11999999731779099 0.0 0.11999999731779099 0.0 0.0 0.0 0.11999999731779099 0.0 0.0 0.0 0.0 0.0 0.0 0.0 0.0 0.0 0.0 0.0 0.0 0.09000000357627869 0.0 0.0 0.0 0.09000000357627869 0.0 0.0 0.0 0.0 0.0 0.0 0.0 0.0 0.0 0.09000000357627869 0.09000000357627869 0.6200000047683716 0.0 0.0 0.0 0.0 0.0 0.0 0.0 0.09000000357627869 0.0 0.0 0.0 0.0 0.09000000357627869 0.0 0.0 0.0 0.0 0.0 0.0 0.0 0.0 0.3100000023841858 0.0 0.09000000357627869 0.0 0.09000000357627869 0.09000000357627869 0.0 0.09000000357627869 0.09000000357627869 0.0 0.09000000357627869 0.09000000357627869 0.0 0.0 0.0 0.3100000023841858 0.0 0.5099999904632568 0.0 0.0 0.0 0.0 0.0 0.0 0.0 0.0 0.0 0.0 0.0 0.0 0.0 0.0 0.0 0.11999999731779099 0.5099999904632568 0.0 0.0 0.0 0.0 0.09000000357627869 0.05000000074505806 0.0 0.0 0.0 0.0 0.09000000357627869 0.09000000357627869 0.0 0.09000000357627869 0.0 0.09000000357627869 0.09000000357627869 0.0 0.09000000357627869 0.09000000357627869 0.5099999904632568 0.0 0.0 0.0 0.0 0.09000000357627869 0.5099999904632568 0.0 0.0 0.0 0.09000000357627869 0.0 0.0 0.0 0.5099999904632568 0.0 0.0 0.0 0.0 0.0 0.0 0.09000000357627869 0.09000000357627869 0.0 0.0 0.0 0.0 0.09000000357627869 0.09000000357627869 0.0 0.0 0.0 0.0 0.0 0.0 0.0 0.0 0.0 0.09000000357627869 0.0 0.09000000357627869 0.0 0.4300000071525574 0.0 0.09000000357627869 0.09000000357627869 0.09000000357627869 0.0 0.0 0.0 0.3100000023841858 0.0 0.0 0.0 0.09000000357627869 0.0 0.0 0.09000000357627869 0.0 0.0 0.0 0.0 0.09000000357627869 0.0 0.0 0.0 0.0 0.0 0.09000000357627869 0.0 0.09000000357627869 0.0 0.0 0.0 0.0 0.0 0.0 0.09000000357627869 0.0 0.0 0.0 0.0 0.0 0.0 0.0 0.0 0.0 0.0 0.0 0.0 0.09000000357627869 0.0 0.0 0.0 0.0 0.0 0.0 0.0 0.09000000357627869 0.5099999904632568 0.0 0.0 0.0 0.0 0.0 0.0 0.0 0.0 0.0 0.0 0.0 0.0 0.0 0.0 0.0 0.0 0.0 0.0 0.0 0.0 0.0 0.0 0.0 0.0 0.0 0.09000000357627869 0.09000000357627869 0.1899999976158142 0.0 0.0 0.0 0.0 0.0 0.0 0.0 0.0 0.0 0.0 0.0 0.0 0.09000000357627869 0.0 0.0 0.0 0.0 0.0 0.0 0.0 0.0 0.11999999731779099 0.0 0.0 0.0 0.0 0.0 0.0 0.0 0.0 0.09000000357627869 0.0 0.09000000357627869 0.0 0.0 0.0 0.0 0.0 0.09000000357627869 0.0 0.4399999976158142 0.0 0.0 0.0 0.0 0.0 0.0 0.0 0.0 0.0 0.09000000357627869 0.0 0.0 0.11999999731779099 0.0 0.11999999731779099 0.0 0.0 0.0 0.0 0.0 0.0 0.0 0.0 0.0 0.09000000357627869 0.09000000357627869 0.0 0.5099999904632568 0.0 0.0 0.0 0.09000000357627869 0.05000000074505806 0.09000000357627869 0.0 0.4300000071525574 0.5099999904632568 0.0 0.0 0.3100000023841858 0.0 0.0 0.0 0.09000000357627869 0.09000000357627869 0.0 0.1599999964237213 0.5099999904632568 0.0 0.0 0.0 0.0 0.09000000357627869 0.05000000074505806 0.09000000357627869 0.09000000357627869 0.0 0.4300000071525574 0.5099999904632568 0.0 0.0 0.3100000023841858 0.0 0.0 0.0 0.09000000357627869 0.09000000357627869 0.0 0.09000000357627869 0.0 0.0 0.0 0.0 0.0 0.09000000357627869 0.09000000357627869 0.09000000357627869 0.5099999904632568 0.0 0.0 0.0 0.0 0.09000000357627869 0.05000000074505806 0.09000000357627869 0.09000000357627869 0.0 0.4300000071525574 0.5099999904632568 0.0 0.0 0.3100000023841858 0.0 0.09000000357627869 0.5099999904632568 0.0 0.0 0.3100000023841858 0.0 0.09000000357627869 0.0 0.09000000357627869 0.09000000357627869 0.6200000047683716 0.0 0.0 0.5099999904632568 0.0 0.0 0.0 0.0 0.09000000357627869 0.09000000357627869 0.5099999904632568 0.0 0.0 0.0 0.0 0.0 0.0 0.09000000357627869 0.09000000357627869 0.0 0.09000000357627869 0.0 0.0 0.0 0.09000000357627869 0.09000000357627869 0.09000000357627869 0.0 0.0 0.0 0.0 0.0 0.0 0.0 0.09000000357627869 0.0 0.4300000071525574 0.0 0.09000000357627869 0.09000000357627869 0.0 0.0 0.0 0.0 0.0 0.0 0.0 0.0 0.0 0.0 0.0 0.0 0.0 0.0 0.0 0.0 0.0 0.0 0.0 0.0 0.11999999731779099 0.0 0.0 0.0 0.0 0.0 0.0 0.05000000074505806 0.09000000357627869 0.09000000357627869 0.0 0.4300000071525574 0.5099999904632568 0.0
14 0.5099999904632568 0.0 0.0 0.09000000357627869 0.09000000357627869 0.5099999904632568 0.0 0.0 0.0 0.0 0.09000000357627869 0.0 0.09000000357627869 0.09000000357627869 0.0 0.0 0.11999999731779099 0.0 0.11999999731779099 0.5099999904632568 0.0 0.0 0.0 0.0 0.09000000357627869 0.0 0.09000000357627869 0.09000000357627869 0.0 0.09000000357627869 0.09000000357627869 0.0 0.09000000357627869 0.09000000357627869 0.20999999344348907 0.05000000074505806 0.05000000074505806 0.0 0.33000001311302185 0.33000001311302185 0.33000001311302185 0.5099999904632568 0.0 0.0 0.0 0.0 0.09000000357627869 0.0 0.09000000357627869 0.09000000357627869 0.0 0.09000000357627869 0.09000000357627869 0.20000000298023224 0.09000000357627869 0.09000000357627869 0.0 0.4399999976158142 0.6399999856948853 0.0 0.46000000834465027 0.5099999904632568 0.0 0.0 0.3100000023841858 0.0 0.09000000357627869 0.0 0.09000000357627869 0.0 0.4300000071525574 0.0 0.09000000357627869 0.09000000357627869 0.09000000357627869 0.5099999904632568 0.0 0.0 0.3100000023841858 0.0 0.09000000357627869 0.09000000357627869 0.5099999904632568 0.0 0.0 0.0 0.09000000357627869 0.09000000357627869 0.0 0.09000000357627869 0.0 0.09000000357627869 0.09000000357627869 0.0 0.09000000357627869 0.09000000357627869 0.0 0.0 0.0 0.0 0.0 0.09000000357627869 0.0 0.09000000357627869 0.09000000357627869 0.0 0.0 0.11999999731779099 0.0 0.11999999731779099 0.0 0.11999999731779099 0.0 0.11999999731779099 0.0 0.11999999731779099 0.5099999904632568 0.0 0.0 0.0 0.0 0.09000000357627869 0.0 0.09000000357627869 0.09000000357627869 0.0 0.0 0.11999999731779099 0.0 0.11999999731779099 0.10999999940395355 0.0 0.4300000071525574 0.0 0.11999999731779099 0.0 0.11999999731779099 0.0 0.0 0.0 0.0 0.09000000357627869 0.09000000357627869 0.0 0.09000000357627869 0.0 0.09000000357627869 0.0 0.09000000357627869 0.0
140 0.0 0.09000000357627869 0.0 0.0 0.0 0.0 0.0 0.0 0.0 0.0 0.0 0.0 0.0 0.0 0.0 0.0 0.0 0.0 0.09000000357627869 0.0 0.0 0.0 0.0 0.0 0.0 0.0 0.0 0.0 0.0 0.0 0.0 0.0 0.0 0.0 0.09000000357627869 0.0 0.0 0.0 0.0 0.09000000357627869 0.0 0.09000000357627869 0.09000000357627869 0.0 0.09000000357627869 0.0 0.20000000298023224 0.09000000357627869 0.09000000357627869 0.0 0.4399999976158142 0.6399999856948853 0.0 0.46000000834465027 0.46000000834465027 0.0 0.46000000834465027 0.46000000834465027 0.0 0.0 0.0 0.0 0.09000000357627869 0.09000000357627869 0.0 0.0 0.0 0.09000000357627869 0.09000000357627869 0.20999999344348907 0.05000000074505806 0.05000000074505806 0.0 0.33000001311302185 0.33000001311302185 0.33000001311302185 0.0 0.0 0.0 0.0 0.0 0.0 0.0 0.0 0.0 0.0 0.0 0.11999999731779099 0.0 0.0 0.0 0.0 0.0 0.0 0.0 0.0 0.0 0.09000000357627869 0.0 0.0 0.0 0.09000000357627869 0.09000000357627869 0.09000000357627869 0.0 0.0 0.0 0.0 0.0 0.0 0.0 0.0 0.0 0.0 0.0 0.0 0.0 0.0 0.0 0.0 0.09000000357627869 0.0 0.0 0.0 0.0 0.0 0.0 0.0 0.0 0.0 0.09000000357627869 0.09000000357627869 0.0 0.0 0.11999999731779099 0.0 0.11999999731779099 0.0 0.11999999731779099 0.0 0.0 0.0 0.11999999731779099 0.0 0.0 0.0 0.0 0.0 0.0 0.0 0.0 0.0 0.0 0.0 0.0 0.09000000357627869 0.0 0.0 0.0 0.09000000357627869 0.0 0.0 0.0 0.0 0.0 0.0 0.0 0.0 0.0 0.09000000357627869 0.09000000357627869 0.0 0.0 0.0 0.0 0.0 0.0 0.09000000357627869 0.0 0.0 0.0 0.0 0.09000000357627869 0.0 0.0 0.0 0.0 0.0 0.0 0.0 0.3100000023841858 0.09000000357627869 0.09000000357627869 0.09000000357627869 0.0 0.09000000357627869 0.09000000357627869 0.0 0.0 0.0 0.09000000357627869 0.09000000357627869 0.0 0.0 0.0 0.0 0.0 0.0 0.09000000357627869 0.0 0.0 0.09000000357627869 0.0 0.0 0.0 0.0 0.09000000357627869 0.0 0.0 0.0 0.0 0.0 0.0 0.0 0.0 0.0 0.0 0.0 0.0 0.0 0.0 0.0 0.0 0.0 0.0 0.0 0.0 0.0 0.0 0.0 0.0 0.0 0.0 0.0 0.0 0.0 0.0 0.0 0.0 0.0 0.0 0.0 0.0 0.09000000357627869 0.09000000357627869 0.0 0.09000000357627869 0.0 0.0 0.0 0.5099999904632568 0.0 0.0 0.0 0.0 0.09000000357627869 0.05000000074505806 0.09000000357627869 0.09000000357627869 0.0 0.4300000071525574 0.5099999904632568 0.0 0.0 0.3100000023841858 0.0 0.0 0.0 0.09000000357627869 0.09000000357627869 0.0 0.1599999964237213 0.5099999904632568 0.0 0.0 0.0 0.0 0.09000000357627869 0.05000000074505806 0.09000000357627869 0.09000000357627869 0.0 0.4300000071525574 0.5099999904632568 0.0 0.0 0.3100000023841858 0.0 0.0 0.0 0.09000000357627869 0.09000000357627869 0.0 0.09000000357627869 0.0 0.0 0.0 0.0 0.0 0.09000000357627869 0.09000000357627869 0.09000000357627869 0.5099999904632568 0.0 0.0 0.0 0.0 0.09000000357627869 0.05000000074505806 0.09000000357627869 0.09000000357627869 0.0 0.4300000071525574 0.5099999904632568 0.0 0.0 0.3100000023841858 0.0 0.0 0.3100000023841858 0.0 0.6200000047683716 0.0 0.0 0.5099999904632568 0.0 0.0 0.0 0.09000000357627869 0.09000000357627869 0.5099999904632568 0.0 0.0 0.0 0.0 0.0 0.0 0.09000000357627869 0.09000000357627869 0.0 0.09000000357627869 0.0 0.0 0.0 0.09000000357627869 0.09000000357627869 0.09000000357627869 0.0 0.0 0.0 0.0 0.0 0.0 0.0 0.0 0.0 0.0 0.09000000357627869 0.0 0.09000000357627869 0.09000000357627869 0.0 0.0 0.0 0.0 0.0 0.0 0.0 0.0 0.0 0.0 0.0 0.0 0.0 0.0 0.0 0.0 0.0 0.0 0.0 0.0 0.0 0.0 0.0 0.0 0.11999999731779099 0.0 0.0 0.0 0.0 0.0 0.0 0.05000000074505806 0.09000000357627869 0.09000000357627869 0.0 0.4300000071525574 0.5099999904632568 0.0 0.0 0.0 0.0 0.0 0.09000000357627869 0.5099999904632568 0.0 0.09000000357627869
141 0.0 0.0 0.0 0.0 0.0 0.0 0.0 0.0 0.0 0.0 0.0 0.0 0.0 0.0 0.09000000357627869 0.0 0.0 0.0 0.0 0.0 0.0 0.0 0.0 0.0 0.09000000357627869 0.0 0.09000000357627869 0.09000000357627869 0.0 0.0 0.09000000357627869 0.0 0.09000000357627869 0.0 0.0 0.0 0.0 0.0 0.09000000357627869 0.0 0.09000000357627869 0.09000000357627869 0.0 0.09000000357627869 0.0 0.20000000298023224 0.09000000357627869 0.09000000357627869 0.46000000834465027 0.0 0.0 0.0 0.3100000023841858 0.0 0.0 0.09000000357627869 0.3100000023841858 0.0 0.0 0.0 0.0 0.09000000357627869 0.09000000357627869 0.0 0.0 0.0 0.0 0.09000000357627869 0.09000000357627869 0.20999999344348907 0.05000000074505806 0.05000000074505806 0.0 0.33000001311302185 0.33000001311302185 0.33000001311302185 0.0 0.0 0.0 0.0 0.0 0.0 0.0 0.0 0.0 0.0 0.0 0.0 0.0 0.11999999731779099 0.0 0.0 0.0 0.0 0.0 0.11999999731779099 0.0 0.0 0.0 0.0 0.0 0.0 0.0 0.0 0.0 0.09000000357627869 0.0 0.0 0.0 0.09000000357627869 0.09000000357627869 0.09000000357627869 0.0 0.0 0.0 0.0 0.0 0.0 0.0 0.0 0.0 0.0 0.0 0.0 0.0 0.0 0.0 0.0 0.09000000357627869 0.0 0.0 0.0 0.0 0.0 0.0 0.0 0.0 0.0 0.09000000357627869 0.09000000357627869 0.0 0.0 0.11999999731779099 0.0 0.11999999731779099 0.0 0.11999999731779099 0.0 0.0 0.0 0.11999999731779099 0.0 0.0 0.0 0.0 0.0 0.0 0.0 0.0 0.0 0.0 0.0 0.0 0.09000000357627869 0.0 0.0 0.0 0.09000000357627869 0.0 0.0 0.0 0.0 0.0 0.0 0.0 0.0 0.0 0.0 0.0 0.0 0.09000000357627869 0.0 0.0 0.0 0.0 0.0 0.09000000357627869 0.09000000357627869 0.0 0.0 0.09000000357627869 0.09000000357627869 0.0 0.0 0.0 0.0 0.0 0.09000000357627869 0.09000000357627869 0.09000000357627869 0.0 0.0 0.0 0.3100000023841858 0.0 0.0 0.0 0.09000000357627869 0.0 0.0 0.09000000357627869 0.0 0.0 0.0 0.0 0.09000000357627869 0.0 0.0 0.0 0.0 0.0 0.09000000357627869 0.0 0.09000000357627869 0.09000000357627869 0.0 0.09000000357627869 0.0 0.0 0.09000000357627869 0.09000000357627869 0.0 0.0 0.0 0.3100000023841858 0.0 0.0 0.0 0.09000000357627869 0.0 0.0 0.09000000357627869 0.0 0.0 0.0 0.0 0.09000000357627869 0.0 0.0 0.0 0.0 0.0 0.09000000357627869 0.09000000357627869 0.0 0.0 0.0 0.0 0.3100000023841858 0.0 0.09000000357627869 0.09000000357627869 0.0 0.0 0.0 0.0 0.0 0.0 0.0 0.0 0.0 0.0 0.0 0.0 0.0 0.0 0.0 0.0 0.0 0.0 0.0 0.0 0.0 0.0 0.0 0.0 0.0 0.09000000357627869 0.0 0.0 0.0 0.0 0.0 0.0 0.0 0.09000000357627869 0.09000000357627869 0.0 0.0 0.0 0.5099999904632568 0.0 0.0 0.0 0.0 0.0 0.0 0.0 0.0 0.0 0.0 0.0 0.0 0.0 0.0 0.0 0.0 0.0 0.0 0.0 0.0 0.0 0.0 0.0 0.0 0.0 0.0 0.0 0.0 0.0 0.0 0.4399999976158142 0.0 0.0 0.0 0.0 0.0 0.0 0.0 0.09000000357627869 0.0 0.0 0.09000000357627869 0.0 0.0 0.11999999731779099 0.0 0.11999999731779099 0.0 0.0 0.0 0.0 0.0 0.0 0.0 0.0 0.0 0.0 0.3100000023841858 0.0 0.0 0.0 0.09000000357627869 0.5099999904632568 0.0 0.0 0.0 0.0 0.09000000357627869 0.0 0.0 0.09000000357627869 0.0 0.0 0.0 0.0 0.0 0.0 0.0 0.0 0.0 0.09000000357627869 0.0 0.0 0.0 0.0 0.0 0.0 0.0 0.09000000357627869 0.0 0.09000000357627869 0.0 0.0 0.09000000357627869 0.0 0.0 0.0 0.0 0.0 0.0 0.0 0.0 0.0 0.0 0.0 0.0 0.0 0.0 0.0 0.0 0.0 0.0 0.0 0.0 0.0 0.0 0.0 0.09000000357627869 0.0 0.0 0.0 0.0 0.0 0.3100000023841858 0.0 0.0 0.0 0.09000000357627869 0.09000000357627869 0.0 0.0 0.09000000357627869 0.550000011920929 0.0 0.0 0.3199999928474426 0.30000001192092896 0.5099999904632568 0.0 0.0 0.3100000023841858 0.07000000029802322 0.09000000357627869 0.5099999904632568 0.0 0.0 0.0 0.0 0.09000000357627869 0.0 0.0 0.5099999904632568 0.0 0.0 0.3100000023841858 0.0 0.0 0.0 0.09000000357627869 0.09000000357627869 0.0 0.0 0.0 0.0 0.09000000357627869 0.09000000357627869 0.0 0.0 0.0 0.0 0.5099999904632568 0.0 0.0 0.0 0.0 0.09000000357627869 0.05000000074505806 0.09000000357627869 0.09000000357627869 0.0 0.4300000071525574 0.5099999904632568 0.0 0.0 0.3100000023841858 0.0 0.0 0.0 0.09000000357627869 0.09000000357627869 0.0 0.1599999964237213 0.5099999904632568 0.0 0.0 0.0 0.0 0.09000000357627869 0.05000000074505806 0.09000000357627869 0.09000000357627869 0.0 0.4300000071525574 0.5099999904632568 0.0 0.0 0.3100000023841858 0.0 0.0 0.0 0.09000000357627869 0.09000000357627869 0.0 0.0 0.0 0.0 0.0 0.5099999904632568 0.0 0.0 0.0 0.05000000074505806 0.09000000357627869 0.0 0.4300000071525574 0.0 0.0 0.0 0.0 0.0 0.0 0.09000000357627869 0.09000000357627869 0.0 0.09000000357627869 0.0 0.0 0.0 0.09000000357627869 0.09000000357627869 0.09000000357627869 0.0 0.0 0.0 0.0 0.0 0.0 0.0 0.0 0.0 0.0 0.09000000357627869 0.0 0.09000000357627869 0.09000000357627869 0.0 0.0 0.0 0.0 0.0 0.0 0.0 0.0 0.0 0.0 0.0 0.0 0.09000000357627869 0.0 0.4300000071525574 0.0 0.09000000357627869 0.09000000357627869 0.0 0.0 0.0 0.0 0.0 0.0 0.0 0.05000000074505806 0.09000000357627869 0.09000000357627869 0.0 0.4300000071525574 0.5099999904632568 0.0 0.0 0.0 0.0 0.0 0.09000000357627869 0.5099999904632568 0.0 0.0 0.0 0.0 0.09000000357627869 0.019999999552965164 0.09000000357627869 0.0 0.0 0.09000000357627869 0.0 0.0 0.0 0.0 0.0 0.0 0.0 0.0 0.0 0.0
142 0.0 0.0 0.0 0.0 0.0 0.0 0.0 0.09000000357627869 0.09000000357627869 0.0 0.0 0.0 0.0 0.0 0.0 0.0 0.09000000357627869 0.0 0.09000000357627869 0.09000000357627869 0.0 0.0 0.20000000298023224 0.09000000357627869 0.09000000357627869 0.0 0.0 0.46000000834465027 0.0 0.0 0.0 0.3100000023841858 0.0 0.0 0.05000000074505806 0.09000000357627869 0.0 0.5099999904632568 0.0 0.3100000023841858 0.0 0.0 0.0 0.09000000357627869 0.6200000047683716 0.0 0.0 0.0 0.0 0.09000000357627869 0.6200000047683716 0.0 0.0 0.0 0.0 0.0 0.0 0.0 0.0 0.0 0.09000000357627869 0.09000000357627869 0.0 0.0 0.0 0.0 0.09000000357627869 0.09000000357627869 0.20999999344348907 0.05000000074505806 0.05000000074505806 0.0 0.33000001311302185 0.33000001311302185 0.33000001311302185 0.0 0.0 0.0 0.0 0.0 0.0 0.0 0.0 0.0 0.0 0.0 0.0 0.0 0.11999999731779099 0.0 0.0 0.0 0.0 0.0 0.11999999731779099 0.0 0.0 0.0 0.0 0.0 0.0 0.0 0.0 0.0 0.09000000357627869 0.0 0.0 0.0 0.09000000357627869 0.09000000357627869 0.09000000357627869 0.0 0.0 0.0 0.0 0.0 0.0 0.0 0.0 0.0 0.0 0.0 0.0 0.0 0.0 0.0 0.0 0.09000000357627869 0.0 0.0 0.0 0.0 0.0 0.0 0.0 0.0 0.0 0.09000000357627869 0.09000000357627869 0.0 0.0 0.11999999731779099 0.0 0.11999999731779099 0.0 0.11999999731779099 0.0 0.0 0.0 0.11999999731779099 0.0 0.0 0.0 0.0 0.0 0.0 0.0 0.09000000357627869 0.0 0.0 0.09000000357627869 0.0 0.0 0.0 0.0 0.09000000357627869 0.0 0.0 0.0 0.0 0.0 0.09000000357627869 0.0 0.0 0.0 0.0 0.0 0.0 0.0 0.0 0.0 0.0 0.0 0.09000000357627869 0.0 0.0 0.0 0.0 0.0 0.0 0.0 0.0 0.0 0.09000000357627869 0.0 0.0 0.0 0.09000000357627869 0.0 0.0 0.0 0.0 0.0 0.0 0.0 0.0 0.0 0.0 0.0 0.09000000357627869 0.0 0.0 0.0 0.0 0.0 0.0 0.09000000357627869 0.0 0.0 0.0 0.0 0.0 0.0 0.0 0.0 0.0 0.0 0.0 0.0 0.0 0.0 0.0 0.0 0.0 0.0 0.0 0.0 0.09000000357627869 0.0 0.09000000357627869 0.0 0.6200000047683716 0.0 0.0 0.0 0.0 0.0 0.3100000023841858 0.0 0.0 0.0 0.09000000357627869 0.09000000357627869 0.0 0.0 0.09000000357627869 0.5099999904632568 0.0 0.0 0.3100000023841858 0.07000000029802322 0.09000000357627869 0.5099999904632568 0.0 0.0 0.0 0.0 0.09000000357627869 0.0 0.09000000357627869 0.0 0.09000000357627869 0.5099999904632568 0.0 0.0 0.3100000023841858 0.0 0.0 0.0 0.09000000357627869 0.09000000357627869 0.0 0.0 0.0 0.0 0.09000000357627869 0.09000000357627869 0.0 0.0 0.0 0.0 0.5099999904632568 0.0 0.0 0.0 0.0 0.09000000357627869 0.05000000074505806 0.09000000357627869 0.09000000357627869 0.0 0.4300000071525574 0.5099999904632568 0.0 0.0 0.3100000023841858 0.0 0.0 0.0 0.09000000357627869 0.09000000357627869 0.0 0.1599999964237213 0.5099999904632568 0.0 0.0 0.0 0.0 0.09000000357627869 0.05000000074505806 0.09000000357627869 0.09000000357627869 0.0 0.4300000071525574 0.5099999904632568 0.0 0.0 0.3100000023841858 0.0 0.0 0.0 0.0 0.0 0.0 0.0 0.0 0.09000000357627869 0.0 0.09000000357627869 0.09000000357627869 0.0 0.0 0.0 0.0 0.0 0.0 0.0 0.0 0.0 0.0 0.0 0.0 0.09000000357627869 0.0 0.4300000071525574 0.0 0.09000000357627869 0.09000000357627869 0.0 0.0 0.0 0.0 0.0 0.0 0.0 0.0 0.0 0.0 0.0 0.0 0.0 0.0 0.0 0.0 0.0 0.0 0.0 0.0 0.11999999731779099 0.0 0.0 0.0 0.0 0.0 0.0 0.09000000357627869 0.5099999904632568 0.0 0.0 0.0 0.0 0.09000000357627869 0.019999999552965164 0.09000000357627869 0.0 0.09000000357627869 0.09000000357627869 0.0 0.09000000357627869 0.09000000357627869 0.0 0.0 0.0 0.0 0.0 0.0 0.0 0.0 0.0 0.0 0.0 0.0 0.0 0.0 0.0 0.0 0.0 0.0 0.33000001311302185
143 0.0 0.0 0.09000000357627869 0.09000000357627869 0.0 0.0 0.0 0.0 0.0 0.09000000357627869 0.0 0.09000000357627869 0.09000000357627869 0.09000000357627869 0.0 0.0 0.0 0.3100000023841858 0.0 0.0 0.05000000074505806 0.09000000357627869 0.09000000357627869 0.0 0.4300000071525574 0.5099999904632568 0.0 0.0 0.3100000023841858 0.0 0.09000000357627869 0.0 0.0 0.09000000357627869 0.6200000047683716 0.0 0.0 0.5099999904632568 0.0 0.0 0.3100000023841858 0.0 0.09000000357627869 0.0 0.0 0.0 0.0 0.0 0.09000000357627869 0.0 0.09000000357627869 0.09000000357627869 0.6200000047683716 0.0 0.0 0.0 0.0 0.0 0.0 0.0 0.0 0.0 0.09000000357627869 0.09000000357627869 0.0 0.0 0.0 0.0 0.09000000357627869 0.09000000357627869 0.20999999344348907 0.05000000074505806 0.05000000074505806 0.0 0.33000001311302185 0.33000001311302185 0.33000001311302185 0.0 0.0 0.0 0.0 0.0 0.0 0.0 0.0 0.0 0.0 0.0 0.0 0.0 0.11999999731779099 0.0 0.0 0.0 0.0 0.0 0.11999999731779099 0.0 0.0 0.0 0.0 0.0 0.0 0.0 0.0 0.0 0.09000000357627869 0.0 0.0 0.0 0.09000000357627869 0.09000000357627869 0.09000000357627869 0.0 0.0 0.0 0.0 0.0 0.0 0.0 0.0 0.0 0.0 0.0 0.0 0.0 0.0 0.0 0.0 0.09000000357627869 0.0 0.0 0.0 0.0 0.0 0.0 0.0 0.0 0.11999999731779099 0.0 0.0 0.11999999731779099 0.0 0.0 0.09000000357627869 0.0 0.0 0.0 0.0 0.0 0.0 0.09000000357627869 0.0 0.0 0.0 0.0 0.0 0.0 0.0 0.0 0.09000000357627869 0.0 0.0 0.09000000357627869 0.0 0.0 0.09000000357627869 0.0 0.0 0.0 0.0 0.0 0.0 0.0 0.0 0.0 0.09000000357627869 0.0 0.0 0.0 0.0 0.0 0.0 0.0 0.09000000357627869 0.0 0.0 0.09000000357627869 0.0 0.0 0.0 0.5099999904632568 0.0 0.3100000023841858 0.0 0.09000000357627869 0.0 0.09000000357627869 0.550000011920929 0.0 0.0 0.3199999928474426 0.30000001192092896 0.0 0.0 0.0 0.0 0.0 0.0 0.0 0.0 0.0 0.0 0.0 0.0 0.0 0.0 0.0 0.0 0.0 0.0 0.0 0.0 0.0 0.09000000357627869 0.0 0.09000000357627869 0.0 0.6200000047683716 0.0 0.0 0.0 0.0 0.0 0.3100000023841858 0.0 0.0 0.0 0.09000000357627869 0.09000000357627869 0.0 0.0 0.09000000357627869 0.550000011920929 0.0 0.0 0.30000001192092896 0.5099999904632568 0.0 0.0 0.3100000023841858 0.07000000029802322 0.09000000357627869 0.05000000074505806 0.09000000357627869 0.09000000357627869 0.0 0.4300000071525574 0.5099999904632568 0.0 0.0 0.0 0.0 0.09000000357627869 0.0 0.09000000357627869 0.0 0.09000000357627869 0.5099999904632568 0.0 0.0 0.3100000023841858 0.0 0.0 0.0 0.09000000357627869 0.09000000357627869 0.0 0.0 0.0 0.0 0.09000000357627869 0.09000000357627869 0.0 0.0 0.0 0.0 0.5099999904632568 0.0 0.0 0.0 0.0 0.09000000357627869 0.05000000074505806 0.09000000357627869 0.09000000357627869 0.0 0.4300000071525574 0.5099999904632568 0.0 0.0 0.3100000023841858 0.0 0.0 0.0 0.09000000357627869 0.09000000357627869 0.0 0.5099999904632568 0.0 0.0 0.0 0.0 0.0 0.09000000357627869 0.0 0.09000000357627869 0.09000000357627869 0.0 0.0 0.0 0.0 0.0 0.0 0.0 0.0 0.0 0.0 0.0 0.0 0.0 0.0 0.0 0.0 0.0 0.0 0.0 0.0 0.11999999731779099 0.0 0.0 0.0 0.0 0.0 0.0 0.05000000074505806 0.09000000357627869 0.09000000357627869 0.0 0.4300000071525574 0.5099999904632568 0.0 0.0 0.0 0.0 0.09000000357627869 0.019999999552965164 0.09000000357627869 0.0 0.09000000357627869 0.09000000357627869 0.0 0.09000000357627869 0.09000000357627869 0.0 0.0 0.0 0.0 0.0 0.0 0.0 0.0 0.09000000357627869 0.0 0.0 0.0 0.0 0.0 0.09000000357627869 0.0 0.0 0.0 0.0 0.0 0.33000001311302185 0.33000001311302185 0.5099999904632568 0.0 0.0 0.0 0.0 0.09000000357627869 0.0 0.09000000357627869 0.0 0.09000000357627869 0.0 0.0 0.09000000357627869 0.09000000357627869 0.0 0.0 0.0 0.0 0.09000000357627869
144 0.0 0.0 0.0 0.0 0.0 0.5099999904632568 0.0 0.3100000023841858 0.0 0.09000000357627869 0.0 0.0 0.09000000357627869 0.6200000047683716 0.0 0.5099999904632568 0.0 0.0 0.3100000023841858 0.0 0.09000000357627869 0.0 0.09000000357627869 0.0 0.09000000357627869 0.09000000357627869 0.0 0.0 0.0 0.0 0.0 0.09000000357627869 0.0 0.09000000357627869 0.09000000357627869 0.6200000047683716 0.0 0.0 0.0 0.0 0.0 0.0 0.0 0.0 0.0 0.09000000357627869 0.09000000357627869 0.0 0.0 0.0 0.0 0.09000000357627869 0.09000000357627869 0.20999999344348907 0.05000000074505806 0.05000000074505806 0.0 0.33000001311302185 0.33000001311302185 0.33000001311302185 0.0 0.0 0.0 0.0 0.0 0.0 0.0 0.0 0.0 0.0 0.0 0.0 0.0 0.11999999731779099 0.0 0.0 0.0 0.0 0.0 0.0 0.0 0.0 0.0 0.0 0.0 0.0 0.0 0.09000000357627869 0.0 0.0 0.09000000357627869 0.09000000357627869 0.09000000357627869 0.0 0.0 0.0 0.0 0.0 0.0 0.0 0.09000000357627869 0.0 0.0 0.09000000357627869 0.0 0.0 0.0 0.0 0.0 0.0 0.0 0.0 0.0 0.09000000357627869 0.0 0.0 0.0 0.0 0.0 0.0 0.09000000357627869 0.0 0.09000000357627869 0.0 0.0 0.09000000357627869 0.0 0.0 0.0 0.0 0.3100000023841858 0.0 0.09000000357627869 0.5099999904632568 0.0 0.0 0.3100000023841858 0.0 0.09000000357627869 0.0 0.09000000357627869 0.09000000357627869 0.550000011920929 0.0 0.0 0.3199999928474426 0.30000001192092896 0.0 0.0 0.0 0.0 0.0 0.0 0.0 0.0 0.0 0.0 0.0 0.0 0.0 0.0 0.0 0.0 0.0 0.0 0.0 0.0 0.0 0.09000000357627869 0.0 0.09000000357627869 0.0 0.6200000047683716 0.0 0.0 0.0 0.0 0.0 0.3100000023841858 0.0 0.0 0.0 0.09000000357627869 0.09000000357627869 0.0 0.0 0.09000000357627869 0.550000011920929 0.0 0.30000001192092896 0.5099999904632568 0.0 0.0 0.3100000023841858 0.07000000029802322 0.09000000357627869 0.05000000074505806 0.09000000357627869 0.09000000357627869 0.0 0.4300000071525574 0.5099999904632568 0.0 0.0 0.0 0.0 0.09000000357627869 0.0 0.09000000357627869 0.0 0.09000000357627869 0.5099999904632568 0.0 0.0 0.3100000023841858 0.0 0.0 0.0 0.09000000357627869 0.09000000357627869 0.0 0.0 0.0 0.0 0.09000000357627869 0.09000000357627869 0.0 0.0 0.0 0.0 0.5099999904632568 0.0 0.0 0.0 0.0 0.09000000357627869 0.05000000074505806 0.09000000357627869 0.09000000357627869 0.0 0.4300000071525574 0.5099999904632568 0.0 0.0 0.3100000023841858 0.0 0.09000000357627869 0.0 0.0 0.0 0.0 0.0 0.0 0.0 0.0 0.0 0.0 0.0 0.11999999731779099 0.0 0.0 0.0 0.0 0.0 0.0 0.05000000074505806 0.09000000357627869 0.09000000357627869 0.0 0.4300000071525574 0.5099999904632568 0.0 0.0 0.0 0.0 0.0 0.09000000357627869 0.5099999904632568 0.0 0.0 0.0 0.0 0.0 0.0 0.0 0.09000000357627869 0.0 0.0 0.0 0.0 0.0 0.09000000357627869 0.0 0.0 0.0 0.0 0.0 0.33000001311302185 0.33000001311302185 0.5099999904632568 0.0 0.0 0.0 0.0 0.09000000357627869 0.0 0.09000000357627869 0.0 0.09000000357627869 0.09000000357627869 0.09000000357627869 0.0 0.09000000357627869 0.0 0.0 0.09000000357627869 0.09000000357627869 0.09000000357627869 0.0 0.0 0.0 0.0 0.09000000357627869 0.09000000357627869 0.0 0.09000000357627869 0.0 0.09000000357627869 0.09000000357627869 0.0 0.09000000357627869 0.09000000357627869 0.0 0.0 0.0 0.3100000023841858 0.0
145 0.09000000357627869 0.0 0.0 0.0 0.09000000357627869 0.0 0.09000000357627869 0.09000000357627869 0.0 0.0 0.0 0.0 0.0 0.0 0.09000000357627869 0.0 0.09000000357627869 0.09000000357627869 0.0 0.09000000357627869 0.0 0.20000000298023224 0.09000000357627869 0.09000000357627869 0.0 0.0 0.0 0.3100000023841858 0.0 0.0 0.05000000074505806 0.09000000357627869 0.09000000357627869 0.0 0.4300000071525574 0.5099999904632568 0.0 0.0 0.3100000023841858 0.0 0.09000000357627869 0.0 0.0 0.09000000357627869 0.6200000047683716 0.0 0.0 0.5099999904632568 0.0 0.0 0.3100000023841858 0.0 0.09000000357627869 0.0 0.09000000357627869 0.09000000357627869 0.0 0.09000000357627869 0.09000000357627869 0.20000000298023224 0.09000000357627869 0.09000000357627869 0.0 0.4399999976158142 0.6399999856948853 0.0 0.46000000834465027 0.0 0.46000000834465027 0.0 0.0 0.0 0.0 0.0 0.09000000357627869 0.0 0.09000000357627869 0.09000000357627869 0.6200000047683716 0.0 0.0 0.0 0.0 0.0 0.0 0.0 0.0 0.0 0.09000000357627869 0.09000000357627869 0.0 0.0 0.0 0.0 0.09000000357627869 0.09000000357627869 0.20999999344348907 0.05000000074505806 0.05000000074505806 0.0 0.33000001311302185 0.33000001311302185 0.33000001311302185 0.0 0.0 0.0 0.0 0.0 0.0 0.0 0.0 0.0 0.0 0.0 0.0 0.0 0.11999999731779099 0.0 0.0 0.0 0.0 0.0 0.11999999731779099 0.0 0.0 0.0 0.0 0.0 0.0 0.0 0.0 0.0 0.09000000357627869 0.0 0.0 0.0 0.09000000357627869 0.09000000357627869 0.09000000357627869 0.0 0.0 0.0 0.0 0.0 0.0 0.0 0.0 0.0 0.0 0.09000000357627869 0.09000000357627869 0.09000000357627869 0.5099999904632568 0.0 0.0 0.0 0.0 0.09000000357627869 0.0 0.0 0.09000000357627869 0.0 0.0 0.0 0.0 0.0 0.0 0.0 0.0 0.0 0.09000000357627869 0.0 0.0 0.0 0.0 0.0 0.0 0.0 0.09000000357627869 0.0 0.09000000357627869 0.0 0.0 0.09000000357627869 0.0 0.0 0.0 0.0 0.3100000023841858 0.0 0.09000000357627869 0.05000000074505806 0.09000000357627869 0.09000000357627869 0.0 0.4300000071525574 0.5099999904632568 0.0 0.0 0.3100000023841858 0.0 0.09000000357627869 0.0 0.09000000357627869 0.09000000357627869 0.550000011920929 0.0 0.0 0.3199999928474426 0.30000001192092896 0.0 0.0 0.0 0.0 0.0 0.0 0.0 0.0 0.0 0.0 0.0 0.0 0.0 0.0 0.0 0.0 0.0 0.0 0.0 0.0 0.0 0.09000000357627869 0.0 0.09000000357627869 0.0 0.6200000047683716 0.0 0.0 0.0 0.0 0.0 0.3100000023841858 0.0 0.0 0.0 0.09000000357627869 0.0 0.0 0.09000000357627869 0.550000011920929 0.0 0.30000001192092896 0.5099999904632568 0.0 0.3100000023841858 0.0 0.0 0.0 0.0 0.09000000357627869 0.0 0.09000000357627869 0.0 0.09000000357627869 0.5099999904632568 0.0 0.0 0.3100000023841858 0.0 0.0 0.0 0.0 0.0 0.0 0.0 0.0 0.0 0.0 0.0 0.0 0.0 0.0 0.0 0.0 0.0 0.0 0.0 0.0 0.05000000074505806 0.09000000357627869 0.09000000357627869 0.0 0.4300000071525574 0.5099999904632568 0.0 0.0 0.0 0.0 0.0 0.09000000357627869 0.5099999904632568 0.0 0.0 0.0 0.0 0.09000000357627869 0.019999999552965164 0.09000000357627869 0.0 0.09000000357627869 0.09000000357627869 0.0 0.09000000357627869 0.09000000357627869 0.0 0.0 0.0 0.0 0.0 0.09000000357627869 0.0 0.09000000357627869 0.0 0.09000000357627869 0.09000000357627869 0.09000000357627869 0.0 0.09000000357627869 0.0 0.0 0.09000000357627869 0.09000000357627869 0.09000000357627869 0.0 0.0 0.0 0.0 0.09000000357627869 0.09000000357627869 0.0 0.09000000357627869 0.0 0.09000000357627869 0.09000000357627869 0.0 0.09000000357627869 0.09000000357627869 0.0 0.0 0.0 0.3100000023841858 0.0 0.09000000357627869 0.05000000074505806 0.09000000357627869 0.09000000357627869 0.0 0.4300000071525574 0.0 0.0 0.0 0.3100000023841858 0.09000000357627869 0.0 0.3100000023841858 0.0 0.09000000357627869 0.09000000357627869 0.0 0.0 0.12999999523162842 0.4399999976158142
146 0.5099999904632568 0.0 0.0 0.0 0.09000000357627869 0.0 0.09000000357627869 0.09000000357627869 0.0 0.09000000357627869 0.09000000357627869 0.20000000298023224 0.09000000357627869 0.09000000357627869 0.0 0.4399999976158142 0.6399999856948853 0.0 0.46000000834465027 0.0 0.0 0.0 0.0 0.0 0.09000000357627869 0.0 0.09000000357627869 0.09000000357627869 0.6200000047683716 0.0 0.0 0.0 0.0 0.0 0.0 0.0 0.0 0.0 0.09000000357627869 0.09000000357627869 0.0 0.0 0.0 0.0 0.0 0.0 0.0 0.0 0.0 0.0 0.0 0.0 0.0 0.0 0.0 0.0 0.0 0.0 0.0 0.0 0.0 0.0 0.0 0.0 0.0 0.09000000357627869 0.0 0.0 0.0 0.0 0.0 0.0 0.09000000357627869 0.0 0.09000000357627869 0.0 0.0 0.09000000357627869 0.0 0.0 0.0 0.0 0.3100000023841858 0.0 0.09000000357627869 0.05000000074505806 0.09000000357627869 0.09000000357627869 0.0 0.4300000071525574 0.5099999904632568 0.0 0.0 0.3100000023841858 0.0 0.09000000357627869 0.0 0.09000000357627869 0.09000000357627869 0.550000011920929 0.0 0.0 0.3199999928474426 0.30000001192092896 0.0 0.0 0.0 0.0 0.0 0.0 0.0 0.0 0.0 0.0 0.0 0.0 0.0 0.0 0.0 0.0 0.0 0.0 0.0 0.0 0.0 0.09000000357627869 0.0 0.09000000357627869 0.0 0.6200000047683716 0.0 0.0 0.0 0.0 0.0 0.3100000023841858 0.0 0.0 0.0 0.09000000357627869 0.09000000357627869 0.0 0.0 0.09000000357627869 0.550000011920929 0.0 0.0 0.3199999928474426 0.30000001192092896 0.5099999904632568 0.0 0.0 0.3100000023841858 0.07000000029802322 0.09000000357627869 0.05000000074505806 0.09000000357627869 0.09000000357627869 0.0 0.4300000071525574 0.5099999904632568 0.0 0.0 0.0 0.0 0.09000000357627869 0.0 0.09000000357627869 0.0 0.09000000357627869 0.5099999904632568 0.0 0.0 0.3100000023841858 0.0 0.0 0.0 0.0 0.0 0.09000000357627869 0.0 0.0 0.0 0.0 0.0 0.0 0.0 0.0 0.09000000357627869 0.5099999904632568 0.0 0.0 0.0 0.0 0.09000000357627869 0.019999999552965164 0.09000000357627869 0.0 0.09000000357627869 0.09000000357627869 0.0 0.09000000357627869 0.09000000357627869 0.0 0.0 0.0 0.0 0.0 0.0 0.0 0.0 0.09000000357627869 0.0 0.0 0.0 0.0 0.0 0.09000000357627869 0.0 0.0 0.0 0.0 0.0 0.33000001311302185 0.33000001311302185 0.5099999904632568 0.0 0.0 0.0 0.09000000357627869 0.09000000357627869 0.0 0.09000000357627869 0.0 0.09000000357627869 0.09000000357627869 0.0 0.09000000357627869 0.09000000357627869 0.0 0.0 0.0 0.3100000023841858 0.0 0.09000000357627869 0.05000000074505806 0.09000000357627869 0.09000000357627869 0.0 0.4300000071525574 0.0 0.0 0.0 0.3100000023841858 0.0 0.09000000357627869 0.09000000357627869 0.5099999904632568 0.0 0.0 0.0 0.0 0.0 0.09000000357627869 0.0 0.09000000357627869 0.09000000357627869 0.09000000357627869 0.0 0.0 0.3100000023841858 0.0 0.0 0.09000000357627869 0.09000000357627869 0.0 0.0 0.0 0.5099999904632568 0.0
147 0.5099999904632568 0.0 0.0 0.3100000023841858 0.0 0.09000000357627869 0.0 0.09000000357627869 0.09000000357627869 0.0 0.09000000357627869 0.09000000357627869 0.20000000298023224 0.09000000357627869 0.09000000357627869 0.0 0.4399999976158142 0.6399999856948853 0.0 0.46000000834465027 0.46000000834465027 0.0 0.46000000834465027 0.46000000834465027 0.0 0.0 0.0 0.0 0.0 0.09000000357627869 0.0 0.09000000357627869 0.09000000357627869 0.6200000047683716 0.0 0.0 0.0 0.0 0.0 0.0 0.0 0.0 0.0 0.09000000357627869 0.09000000357627869 0.0 0.0 0.5099999904632568 0.0 0.0 0.3100000023841858 0.0 0.09000000357627869 0.0 0.09000000357627869 0.09000000357627869 0.550000011920929 0.0 0.0 0.3199999928474426 0.30000001192092896 0.0 0.0 0.0 0.0 0.0 0.0 0.0 0.0 0.0 0.0 0.0 0.0 0.0 0.0 0.0 0.0 0.0 0.0 0.09000000357627869 0.0 0.09000000357627869 0.0 0.6200000047683716 0.0 0.0 0.0 0.0 0.0 0.09000000357627869 0.0 0.09000000357627869 0.5099999904632568 0.0 0.0 0.0 0.0 0.09000000357627869 0.019999999552965164 0.09000000357627869 0.0 0.09000000357627869 0.09000000357627869 0.0 0.09000000357627869 0.09000000357627869 0.0 0.0 0.0 0.0 0.0 0.0 0.0 0.0 0.09000000357627869 0.0 0.0 0.0 0.0 0.0 0.09000000357627869 0.0 0.0 0.0 0.0 0.33000001311302185 0.33000001311302185 0.5099999904632568 0.0 0.0 0.0 0.0 0.09000000357627869 0.0 0.09000000357627869 0.0 0.09000000357627869 0.09000000357627869 0.09000000357627869 0.0 0.09000000357627869 0.0 0.0 0.09000000357627869 0.09000000357627869 0.09000000357627869 0.0 0.0 0.0 0.3100000023841858 0.0 0.09000000357627869 0.05000000074505806 0.09000000357627869 0.09000000357627869 0.0 0.4300000071525574 0.0 0.0 0.0 0.3100000023841858 0.0 0.09000000357627869 0.09000000357627869 0.5099999904632568 0.0 0.0 0.0 0.0 0.09000000357627869 0.0 0.09000000357627869 0.0 0.09000000357627869 0.09000000357627869 0.09000000357627869 0.0 0.09000000357627869 0.09000000357627869 0.09000000357627869 0.0 0.0 0.0 0.3100000023841858 0.0 0.09000000357627869 0.0 0.09000000357627869 0.09000000357627869 0.0 0.0 0.0 0.5099999904632568 0.0 0.0 0.3100000023841858 0.0 0.09000000357627869 0.0 0.09000000357627869 0.09000000357627869 0.09000000357627869 0.5099999904632568 0.0 0.12999999523162842
148 0.5099999904632568 0.0 0.0 0.0 0.09000000357627869 0.0 0.09000000357627869 0.09000000357627869 0.0 0.09000000357627869 0.09000000357627869 0.20000000298023224 0.09000000357627869 0.09000000357627869 0.0 0.4399999976158142 0.6399999856948853 0.0 0.46000000834465027 0.46000000834465027 0.0 0.46000000834465027 0.46000000834465027 0.0 0.0 0.0 0.0 0.0 0.09000000357627869 0.0 0.09000000357627869 0.09000000357627869 0.0 0.0 0.0 0.0 0.0 0.0 0.09000000357627869 0.0 0.09000000357627869 0.0 0.0 0.0 0.0 0.3100000023841858 0.0 0.09000000357627869 0.05000000074505806 0.09000000357627869 0.09000000357627869 0.0 0.4300000071525574 0.5099999904632568 0.0 0.0 0.3100000023841858 0.0 0.09000000357627869 0.0 0.09000000357627869 0.09000000357627869 0.550000011920929 0.0 0.0 0.3199999928474426 0.30000001192092896 0.0 0.0 0.0 0.0 0.0 0.0 0.0 0.0 0.0 0.0 0.0 0.0 0.0 0.09000000357627869 0.0 0.09000000357627869 0.09000000357627869 0.0 0.0 0.0 0.0 0.0 0.0 0.0 0.0 0.09000000357627869 0.0 0.0 0.0 0.0 0.0 0.09000000357627869 0.0 0.0 0.0 0.0 0.0 0.33000001311302185 0.33000001311302185 0.5099999904632568 0.0 0.0 0.0 0.0 0.09000000357627869 0.0 0.09000000357627869 0.0 0.09000000357627869 0.09000000357627869 0.09000000357627869 0.0 0.09000000357627869 0.0 0.0 0.09000000357627869 0.09000000357627869 0.09000000357627869 0.0 0.0 0.0 0.0 0.09000000357627869 0.09000000357627869 0.0 0.09000000357627869 0.0 0.09000000357627869 0.09000000357627869 0.0 0.09000000357627869 0.09000000357627869 0.0 0.0 0.0 0.3100000023841858 0.0 0.09000000357627869 0.09000000357627869 0.5099999904632568 0.0 0.0 0.0 0.0 0.09000000357627869 0.0 0.09000000357627869 0.0 0.09000000357627869 0.09000000357627869 0.09000000357627869 0.0 0.09000000357627869 0.09000000357627869 0.09000000357627869 0.0 0.0 0.0 0.3100000023841858 0.0 0.09000000357627869 0.0 0.09000000357627869 0.09000000357627869 0.0 0.0 0.0 0.5099999904632568 0.0 0.0 0.3100000023841858 0.0 0.09000000357627869 0.0 0.09000000357627869 0.09000000357627869 0.09000000357627869 0.5099999904632568 0.0 0.0 0.0 0.0 0.09000000357627869 0.09000000357627869 0.5099999904632568 0.0 0.3100000023841858 0.09000000357627869 0.1899999976158142 0.12999999523162842 0.1899999976158142 0.0 0.4399999976158142
149 0.0 0.09000000357627869 0.09000000357627869 0.20000000298023224 0.09000000357627869 0.0 0.4399999976158142 0.6399999856948853 0.0 0.46000000834465027 0.0 0.46000000834465027 0.46000000834465027 0.0 0.0 0.09000000357627869 0.0 0.09000000357627869 0.09000000357627869 0.550000011920929 0.0 0.3199999928474426 0.30000001192092896 0.0 0.09000000357627869 0.5099999904632568 0.0 0.0 0.0 0.0 0.09000000357627869 0.0 0.09000000357627869 0.0 0.09000000357627869 0.09000000357627869 0.09000000357627869 0.0 0.09000000357627869 0.0 0.0 0.09000000357627869 0.09000000357627869 0.0 0.0 0.0 0.0 0.09000000357627869 0.09000000357627869 0.0 0.09000000357627869 0.0 0.09000000357627869 0.09000000357627869 0.0 0.09000000357627869 0.09000000357627869 0.0 0.0 0.0 0.3100000023841858 0.0 0.09000000357627869 0.05000000074505806 0.09000000357627869 0.09000000357627869 0.0 0.4300000071525574 0.0 0.0 0.0 0.0 0.0 0.09000000357627869 0.0 0.09000000357627869 0.0 0.09000000357627869 0.09000000357627869 0.09000000357627869 0.0 0.09000000357627869 0.09000000357627869 0.09000000357627869 0.0 0.0 0.0 0.3100000023841858 0.0 0.09000000357627869 0.0 0.09000000357627869 0.09000000357627869 0.0 0.0 0.0 0.5099999904632568 0.0 0.0 0.3100000023841858 0.0 0.09000000357627869 0.0 0.09000000357627869 0.09000000357627869 0.09000000357627869 0.5099999904632568 0.0 0.0 0.0 0.0 0.09000000357627869 0.09000000357627869 0.5099999904632568 0.0 0.3100000023841858 0.12999999523162842
15 0.0 0.0 0.0 0.09000000357627869 0.0 0.09000000357627869 0.5099999904632568 0.0 0.0 0.0 0.0 0.09000000357627869 0.0 0.09000000357627869 0.09000000357627869 0.0 0.09000000357627869 0.09000000357627869 0.20000000298023224 0.09000000357627869 0.5099999904632568 0.0 0.0 0.3100000023841858 0.0 0.09000000357627869 0.0 0.09000000357627869 0.0 0.4300000071525574 0.0 0.09000000357627869 0.09000000357627869 0.09000000357627869 0.5099999904632568 0.0 0.0 0.3100000023841858 0.0 0.09000000357627869 0.0 0.09000000357627869 0.09000000357627869 0.0 0.09000000357627869 0.0 0.09000000357627869 0.09000000357627869 0.09000000357627869 0.0 0.09000000357627869 0.09000000357627869 0.09000000357627869 0.5099999904632568 0.0 0.0 0.0 0.09000000357627869 0.09000000357627869 0.0 0.09000000357627869 0.0 0.09000000357627869 0.09000000357627869 0.0 0.09000000357627869 0.09000000357627869 0.0 0.0 0.0 0.0 0.0 0.09000000357627869 0.0 0.09000000357627869 0.09000000357627869 0.0 0.0 0.11999999731779099 0.0 0.11999999731779099 0.0 0.11999999731779099 0.0 0.11999999731779099 0.0 0.11999999731779099 0.5099999904632568 0.0 0.0 0.0 0.0 0.09000000357627869 0.0 0.09000000357627869 0.09000000357627869 0.0 0.0 0.11999999731779099 0.0 0.11999999731779099 0.10999999940395355 0.0 0.4300000071525574 0.0 0.11999999731779099 0.0 0.11999999731779099 0.0 0.0 0.0 0.0 0.09000000357627869 0.09000000357627869 0.0 0.09000000357627869 0.0 0.09000000357627869 0.0 0.09000000357627869 0.0 0.0 0.0 0.0 0.3100000023841858
150 0.0 0.09000000357627869 0.09000000357627869 0.20000000298023224 0.09000000357627869 0.0 0.4399999976158142 0.6399999856948853 0.0 0.46000000834465027 0.46000000834465027 0.0 0.46000000834465027 0.46000000834465027 0.0 0.09000000357627869 0.0 0.09000000357627869 0.09000000357627869 0.550000011920929 0.0 0.3199999928474426 0.30000001192092896 0.09000000357627869 0.0 0.0 0.09000000357627869 0.0 0.09000000357627869 0.0 0.09000000357627869 0.09000000357627869 0.09000000357627869 0.0 0.0 0.0 0.0 0.09000000357627869 0.09000000357627869 0.0 0.09000000357627869 0.0 0.09000000357627869 0.09000000357627869 0.0 0.09000000357627869 0.09000000357627869 0.0 0.0 0.0 0.3100000023841858 0.0 0.09000000357627869 0.05000000074505806 0.09000000357627869 0.09000000357627869 0.0 0.4300000071525574 0.0 0.0 0.0 0.3100000023841858 0.0 0.09000000357627869 0.09000000357627869 0.5099999904632568 0.0 0.0 0.3100000023841858 0.0 0.09000000357627869 0.0 0.09000000357627869 0.09000000357627869 0.0 0.0 0.0 0.5099999904632568 0.0 0.0 0.3100000023841858 0.0 0.09000000357627869 0.0 0.09000000357627869 0.09000000357627869 0.09000000357627869 0.5099999904632568 0.0 0.0 0.0 0.0 0.09000000357627869 0.09000000357627869 0.5099999904632568 0.0 0.0 0.3100000023841858 0.0 0.09000000357627869 0.0 0.09000000357627869 0.09000000357627869 0.1899999976158142 0.12999999523162842 0.1899999976158142 0.0 0.4399999976158142 0.0 0.4399999976158142 0.3199999928474426 0.18000000715255737 0.5099999904632568 0.0 0.0 0.3100000023841858 0.09000000357627869
151 0.5099999904632568 0.0 0.0 0.3100000023841858 0.0 0.09000000357627869 0.0 0.09000000357627869 0.09000000357627869 0.0 0.09000000357627869 0.09000000357627869 0.20000000298023224 0.09000000357627869 0.09000000357627869 0.0 0.4399999976158142 0.6399999856948853 0.0 0.46000000834465027 0.46000000834465027 0.0 0.46000000834465027 0.46000000834465027 0.0 0.0 0.0 0.0 0.0 0.09000000357627869 0.09000000357627869 0.0 0.09000000357627869 0.09000000357627869 0.550000011920929 0.0 0.0 0.3199999928474426 0.30000001192092896 0.0 0.0 0.09000000357627869 0.0 0.0 0.0 0.09000000357627869 0.0 0.0 0.0 0.33000001311302185 0.33000001311302185 0.5099999904632568 0.0 0.0 0.0 0.09000000357627869 0.09000000357627869 0.0 0.0 0.0 0.0 0.09000000357627869 0.09000000357627869 0.0 0.09000000357627869 0.0 0.09000000357627869 0.09000000357627869 0.0 0.09000000357627869 0.09000000357627869 0.0 0.0 0.0 0.3100000023841858 0.0 0.09000000357627869 0.05000000074505806 0.09000000357627869 0.09000000357627869 0.0 0.4300000071525574 0.0 0.0 0.0 0.3100000023841858 0.0 0.09000000357627869 0.09000000357627869 0.5099999904632568 0.0 0.0 0.0 0.0 0.09000000357627869 0.0 0.09000000357627869 0.0 0.09000000357627869 0.09000000357627869 0.09000000357627869 0.0 0.09000000357627869 0.09000000357627869 0.09000000357627869 0.0 0.0 0.0 0.3100000023841858 0.0 0.09000000357627869 0.0 0.09000000357627869 0.09000000357627869 0.09000000357627869 0.5099999904632568 0.0 0.0 0.0 0.0 0.09000000357627869 0.09000000357627869 0.5099999904632568 0.0 0.0 0.3100000023841858 0.0 0.09000000357627869 0.0 0.09000000357627869 0.09000000357627869 0.1899999976158142 0.12999999523162842 0.1899999976158142 0.0 0.4399999976158142 0.0 0.4399999976158142 0.3199999928474426 0.18000000715255737 0.5099999904632568 0.0 0.0 0.3100000023841858 0.0 0.09000000357627869 0.05000000074505806 0.09000000357627869 0.09000000357627869 0.0 0.0 0.0 0.0 0.3100000023841858 0.0 0.09000000357627869 0.0 0.09000000357627869 0.09000000357627869
152 0.0 0.09000000357627869 0.09000000357627869 0.0 0.09000000357627869 0.09000000357627869 0.20000000298023224 0.09000000357627869 0.09000000357627869 0.0 0.4399999976158142 0.6399999856948853 0.0 0.46000000834465027 0.46000000834465027 0.0 0.46000000834465027 0.46000000834465027 0.0 0.0 0.09000000357627869 0.0 0.09000000357627869 0.09000000357627869 0.0 0.09000000357627869 0.09000000357627869 0.0 0.0 0.0 0.3100000023841858 0.0 0.09000000357627869 0.05000000074505806 0.09000000357627869 0.09000000357627869 0.0 0.4300000071525574 0.0 0.0 0.0 0.3100000023841858 0.0 0.09000000357627869 0.09000000357627869 0.5099999904632568 0.0 0.0 0.0 0.0 0.09000000357627869 0.0 0.09000000357627869 0.0 0.09000000357627869 0.09000000357627869 0.09000000357627869 0.0 0.09000000357627869 0.09000000357627869 0.09000000357627869 0.0 0.0 0.0 0.3100000023841858 0.0 0.09000000357627869 0.0 0.09000000357627869 0.09000000357627869 0.0 0.0 0.0 0.5099999904632568 0.0 0.0 0.0 0.0 0.09000000357627869 0.09000000357627869 0.5099999904632568 0.0 0.0 0.3100000023841858 0.0 0.09000000357627869 0.0 0.09000000357627869 0.09000000357627869 0.1899999976158142 0.12999999523162842 0.1899999976158142 0.0 0.4399999976158142 0.0 0.4399999976158142 0.3199999928474426 0.18000000715255737 0.5099999904632568 0.0 0.0 0.3100000023841858 0.0 0.09000000357627869 0.05000000074505806 0.09000000357627869 0.09000000357627869 0.0 0.4300000071525574 0.0 0.0 0.0 0.3100000023841858 0.0 0.09000000357627869 0.0 0.09000000357627869 0.09000000357627869 0.0 0.0
153 0.09000000357627869 0.0 0.09000000357627869 0.09000000357627869 0.20000000298023224 0.09000000357627869 0.09000000357627869 0.0 0.4399999976158142 0.6399999856948853 0.0 0.46000000834465027 0.46000000834465027 0.0 0.46000000834465027 0.46000000834465027 0.09000000357627869 0.09000000357627869 0.0 0.3100000023841858 0.0 0.05000000074505806 0.09000000357627869 0.09000000357627869 0.0 0.0 0.0 0.3100000023841858 0.0 0.09000000357627869 0.09000000357627869 0.5099999904632568 0.0 0.0 0.0 0.0 0.09000000357627869 0.0 0.09000000357627869 0.0 0.09000000357627869 0.09000000357627869 0.09000000357627869 0.0 0.09000000357627869 0.09000000357627869 0.09000000357627869 0.0 0.0 0.0 0.3100000023841858 0.0 0.09000000357627869 0.0 0.09000000357627869 0.09000000357627869 0.0 0.0 0.0 0.5099999904632568 0.0 0.0 0.3100000023841858 0.0 0.09000000357627869 0.0 0.09000000357627869 0.09000000357627869 0.09000000357627869 0.5099999904632568 0.0 0.0 0.3100000023841858 0.0 0.09000000357627869 0.0 0.09000000357627869 0.09000000357627869 0.1899999976158142 0.12999999523162842 0.1899999976158142 0.0 0.4399999976158142 0.0 0.4399999976158142 0.3199999928474426 0.18000000715255737 0.5099999904632568 0.0 0.0 0.3100000023841858 0.0 0.09000000357627869 0.05000000074505806 0.09000000357627869 0.09000000357627869 0.0 0.4300000071525574 0.0 0.0 0.0 0.3100000023841858 0.0 0.09000000357627869 0.0 0.09000000357627869 0.09000000357627869 0.0 0.09000000357627869 0.0 0.0 0.0 0.3100000023841858 0.0 0.09000000357627869 0.0 0.09000000357627869 0.09000000357627869 0.0 0.09000000357627869 0.09000000357627869
154 0.5099999904632568 0.0 0.0 0.3100000023841858 0.0 0.09000000357627869 0.0 0.09000000357627869 0.09000000357627869 0.0 0.09000000357627869 0.09000000357627869 0.20000000298023224 0.09000000357627869 0.09000000357627869 0.0 0.4399999976158142 0.6399999856948853 0.0 0.46000000834465027 0.46000000834465027 0.0 0.46000000834465027 0.46000000834465027 0.0 0.0 0.0 0.0 0.0 0.3199999928474426 0.30000001192092896 0.09000000357627869 0.33000001311302185 0.33000001311302185 0.09000000357627869 0.0 0.3100000023841858 0.0 0.05000000074505806 0.09000000357627869 0.09000000357627869 0.0 0.4300000071525574 0.0 0.0 0.0 0.09000000357627869 0.5099999904632568 0.0 0.0 0.0 0.0 0.09000000357627869 0.0 0.09000000357627869 0.0 0.09000000357627869 0.09000000357627869 0.09000000357627869 0.0 0.09000000357627869 0.09000000357627869 0.0 0.0 0.0 0.3100000023841858 0.0 0.09000000357627869 0.0 0.09000000357627869 0.09000000357627869 0.0 0.0 0.0 0.5099999904632568 0.0 0.0 0.3100000023841858 0.0 0.09000000357627869 0.0 0.09000000357627869 0.09000000357627869 0.09000000357627869 0.5099999904632568 0.0 0.0 0.0 0.0 0.09000000357627869 0.09000000357627869 0.5099999904632568 0.0 0.0 0.3100000023841858 0.0 0.09000000357627869 0.05000000074505806 0.09000000357627869 0.09000000357627869 0.0 0.4300000071525574 0.0 0.0 0.0 0.3100000023841858 0.0 0.09000000357627869 0.0 0.09000000357627869 0.09000000357627869 0.0 0.09000000357627869 0.09000000357627869 0.6200000047683716 0.0 0.0 0.0 0.0 0.0 0.3100000023841858 0.0 0.09000000357627869 0.0 0.09000000357627869 0.09000000357627869 0.0 0.0 0.09000000357627869 0.20000000298023224 0.09000000357627869 0.09000000357627869 0.46000000834465027 0.0 0.0 0.0 0.3100000023841858
155 0.20000000298023224 0.09000000357627869 0.09000000357627869 0.0 0.4399999976158142 0.6399999856948853 0.0 0.46000000834465027 0.46000000834465027 0.0 0.46000000834465027 0.46000000834465027 0.0 0.0 0.0 0.3100000023841858 0.0 0.09000000357627869 0.0 0.09000000357627869 0.09000000357627869 0.0 0.0 0.0 0.5099999904632568 0.0 0.0 0.3100000023841858 0.0 0.09000000357627869 0.0 0.09000000357627869 0.09000000357627869 0.09000000357627869 0.5099999904632568 0.0 0.0 0.0 0.0 0.09000000357627869 0.09000000357627869 0.5099999904632568 0.0 0.0 0.3100000023841858 0.0 0.09000000357627869 0.0 0.09000000357627869 0.09000000357627869 0.1899999976158142 0.12999999523162842 0.1899999976158142 0.0 0.4399999976158142 0.0 0.4399999976158142 0.3199999928474426 0.18000000715255737 0.5099999904632568 0.0 0.0 0.3100000023841858 0.0 0.09000000357627869 0.0 0.09000000357627869 0.09000000357627869 0.0 0.09000000357627869 0.09000000357627869 0.6200000047683716 0.0 0.0 0.0 0.0 0.0 0.3100000023841858 0.0 0.09000000357627869 0.0 0.09000000357627869 0.09000000357627869 0.0 0.0 0.09000000357627869 0.20000000298023224 0.09000000357627869 0.09000000357627869 0.0 0.4399999976158142 0.6399999856948853 0.0 0.46000000834465027 0.46000000834465027 0.0 0.46000000834465027 0.0 0.0 0.0 0.3100000023841858 0.0 0.09000000357627869 0.0 0.09000000357627869 0.09000000357627869 0.09000000357627869 0.5099999904632568 0.0 0.0 0.3100000023841858 0.0 0.09000000357627869 0.0 0.09000000357627869 0.09000000357627869 0.0 0.09000000357627869 0.09000000357627869
156 0.0 0.09000000357627869 0.09000000357627869 0.0 0.20000000298023224 0.09000000357627869 0.09000000357627869 0.0 0.4399999976158142 0.6399999856948853 0.0 0.46000000834465027 0.46000000834465027 0.0 0.46000000834465027 0.46000000834465027 0.09000000357627869 0.09000000357627869 0.5099999904632568 0.0 0.0 0.0 0.09000000357627869 0.0 0.09000000357627869 0.5099999904632568 0.0 0.0 0.0 0.0 0.09000000357627869 0.09000000357627869 0.5099999904632568 0.0 0.0 0.3100000023841858 0.0 0.09000000357627869 0.0 0.09000000357627869 0.09000000357627869 0.1899999976158142 0.12999999523162842 0.1899999976158142 0.0 0.4399999976158142 0.0 0.4399999976158142 0.3199999928474426 0.18000000715255737 0.5099999904632568 0.0 0.0 0.3100000023841858 0.0 0.09000000357627869 0.05000000074505806 0.09000000357627869 0.09000000357627869 0.0 0.4300000071525574 0.0 0.0 0.0 0.3100000023841858 0.0 0.09000000357627869 0.0 0.09000000357627869 0.09000000357627869 0.0 0.0 0.09000000357627869 0.20000000298023224 0.09000000357627869 0.09000000357627869 0.0 0.4399999976158142 0.6399999856948853 0.0 0.46000000834465027 0.46000000834465027 0.0 0.46000000834465027 0.0 0.0 0.0 0.3100000023841858 0.0 0.09000000357627869 0.0 0.09000000357627869 0.09000000357627869 0.09000000357627869 0.5099999904632568 0.0 0.0 0.3100000023841858 0.0 0.09000000357627869 0.0 0.09000000357627869 0.0 0.0 0.09000000357627869 0.09000000357627869 0.0 0.09000000357627869 0.09000000357627869 0.09000000357627869 0.5099999904632568 0.0 0.0 0.0 0.09000000357627869 0.09000000357627869
157 0.46000000834465027 0.0 0.09000000357627869 0.5099999904632568 0.0 0.0 0.3100000023841858 0.0 0.09000000357627869 0.0 0.09000000357627869 0.09000000357627869 0.1899999976158142 0.12999999523162842 0.1899999976158142 0.0 0.0 0.4399999976158142 0.3199999928474426 0.18000000715255737 0.5099999904632568 0.0 0.0 0.3100000023841858 0.0 0.09000000357627869 0.05000000074505806 0.09000000357627869 0.09000000357627869 0.0 0.4300000071525574 0.0 0.0 0.0 0.3100000023841858 0.0 0.09000000357627869 0.0 0.09000000357627869 0.09000000357627869 0.0 0.09000000357627869 0.09000000357627869 0.6200000047683716 0.0 0.0 0.0 0.0 0.0 0.3100000023841858 0.0 0.09000000357627869 0.0 0.09000000357627869 0.09000000357627869 0.09000000357627869 0.5099999904632568 0.0 0.0 0.3100000023841858 0.0 0.09000000357627869 0.0 0.09000000357627869 0.0 0.09000000357627869 0.09000000357627869 0.09000000357627869 0.0 0.09000000357627869 0.09000000357627869 0.0 0.09000000357627869 0.09000000357627869 0.09000000357627869 0.5099999904632568 0.0 0.0 0.0 0.09000000357627869 0.09000000357627869 0.0 0.09000000357627869 0.0 0.09000000357627869 0.09000000357627869 0.0 0.09000000357627869 0.09000000357627869 0.0 0.0 0.0 0.3100000023841858 0.0 0.09000000357627869 0.09000000357627869
158 0.09000000357627869 0.5099999904632568 0.0 0.0 0.3100000023841858 0.0 0.09000000357627869 0.05000000074505806 0.09000000357627869 0.09000000357627869 0.0 0.4300000071525574 0.0 0.0 0.0 0.3100000023841858 0.0 0.09000000357627869 0.0 0.09000000357627869 0.09000000357627869 0.0 0.09000000357627869 0.09000000357627869 0.6200000047683716 0.0 0.0 0.0 0.0 0.0 0.3100000023841858 0.0 0.09000000357627869 0.0 0.09000000357627869 0.09000000357627869 0.0 0.0 0.09000000357627869 0.20000000298023224 0.09000000357627869 0.09000000357627869 0.0 0.4399999976158142 0.6399999856948853 0.0 0.46000000834465027 0.46000000834465027 0.0 0.46000000834465027 0.46000000834465027 0.0 0.0 0.0 0.3100000023841858 0.0 0.09000000357627869 0.0 0.09000000357627869 0.0 0.09000000357627869 0.09000000357627869 0.09000000357627869 0.0 0.09000000357627869 0.09000000357627869 0.0 0.09000000357627869 0.09000000357627869 0.09000000357627869 0.5099999904632568 0.0 0.0 0.0 0.09000000357627869 0.09000000357627869 0.0 0.09000000357627869 0.0 0.09000000357627869 0.09000000357627869 0.0 0.09000000357627869 0.09000000357627869 0.0 0.0 0.0 0.3100000023841858 0.0 0.09000000357627869 0.0 0.09000000357627869 0.0 0.09000000357627869 0.09000000357627869 0.09000000357627869 0.5099999904632568 0.0 0.3100000023841858
159 0.0 0.0 0.0 0.0 0.3100000023841858 0.0 0.09000000357627869 0.0 0.09000000357627869 0.09000000357627869 0.0 0.09000000357627869 0.09000000357627869 0.6200000047683716 0.0 0.0 0.0 0.0 0.0 0.3100000023841858 0.0 0.09000000357627869 0.0 0.09000000357627869 0.09000000357627869 0.0 0.0 0.09000000357627869 0.20000000298023224 0.09000000357627869 0.09000000357627869 0.0 0.4399999976158142 0.6399999856948853 0.0 0.46000000834465027 0.46000000834465027 0.0 0.46000000834465027 0.46000000834465027 0.0 0.0 0.0 0.3100000023841858 0.0 0.09000000357627869 0.0 0.09000000357627869 0.09000000357627869 0.09000000357627869 0.5099999904632568 0.0 0.0 0.0 0.09000000357627869 0.09000000357627869 0.0 0.09000000357627869 0.0 0.09000000357627869 0.09000000357627869 0.0 0.09000000357627869 0.09000000357627869 0.0 0.0 0.0 0.3100000023841858 0.0 0.09000000357627869 0.0 0.09000000357627869 0.0 0.09000000357627869 0.09000000357627869 0.09000000357627869 0.0 0.09000000357627869 0.09000000357627869 0.09000000357627869 0.5099999904632568 0.0 0.0 0.3100000023841858 0.0 0.09000000357627869 0.05000000074505806 0.09000000357627869 0.09000000357627869 0.0 0.4300000071525574 0.0 0.0 0.0 0.3100000023841858
16 0.0 0.0 0.09000000357627869 0.09000000357627869 0.5099999904632568 0.0 0.0 0.3100000023841858 0.0 0.09000000357627869 0.0 0.09000000357627869 0.5099999904632568 0.0 0.0 0.3100000023841858 0.0 0.09000000357627869 0.0 0.09000000357627869 0.09000000357627869 0.0 0.09000000357627869 0.0 0.09000000357627869 0.09000000357627869 0.09000000357627869 0.0 0.09000000357627869 0.09000000357627869 0.09000000357627869 0.5099999904632568 0.0 0.0 0.3100000023841858 0.0 0.09000000357627869 0.09000000357627869 0.5099999904632568 0.0 0.0 0.0 0.0 0.09000000357627869 0.0 0.09000000357627869 0.09000000357627869 0.0 0.0 0.11999999731779099 0.0 0.11999999731779099 0.0 0.11999999731779099 0.0 0.11999999731779099 0.0 0.11999999731779099 0.5099999904632568 0.0 0.0 0.0 0.0 0.09000000357627869 0.0 0.09000000357627869 0.09000000357627869 0.0 0.0 0.11999999731779099 0.0 0.11999999731779099 0.10999999940395355 0.0 0.4300000071525574 0.0 0.11999999731779099 0.0 0.11999999731779099 0.0 0.0 0.0 0.0 0.09000000357627869 0.09000000357627869 0.0 0.09000000357627869 0.0 0.09000000357627869 0.09000000357627869 0.0 0.09000000357627869 0.0 0.0 0.0 0.0 0.3100000023841858 0.0 0.09000000357627869 0.05000000074505806 0.0 0.09000000357627869 0.0 0.4300000071525574 0.0 0.0 0.3100000023841858 0.09000000357627869 0.09000000357627869
160 0.09000000357627869 0.0 0.0 0.0 0.3100000023841858 0.0 0.09000000357627869 0.0 0.09000000357627869 0.09000000357627869 0.0 0.0 0.09000000357627869 0.20000000298023224 0.09000000357627869 0.09000000357627869 0.0 0.4399999976158142 0.6399999856948853 0.0 0.46000000834465027 0.46000000834465027 0.0 0.46000000834465027 0.46000000834465027 0.0 0.0 0.0 0.3100000023841858 0.0 0.09000000357627869 0.0 0.09000000357627869 0.09000000357627869 0.09000000357627869 0.5099999904632568 0.0 0.0 0.3100000023841858 0.0 0.09000000357627869 0.0 0.09000000357627869 0.0 0.09000000357627869 0.09000000357627869 0.09000000357627869 0.0 0.09000000357627869 0.09000000357627869 0.0 0.09000000357627869 0.09000000357627869 0.09000000357627869 0.5099999904632568 0.0 0.0 0.3100000023841858 0.0 0.09000000357627869 0.0 0.09000000357627869 0.0 0.09000000357627869 0.09000000357627869 0.09000000357627869 0.0 0.09000000357627869 0.09000000357627869 0.09000000357627869 0.5099999904632568 0.0 0.0 0.3100000023841858 0.0 0.09000000357627869 0.05000000074505806 0.09000000357627869 0.09000000357627869 0.0 0.4300000071525574 0.0 0.0 0.0 0.3100000023841858 0.0 0.09000000357627869 0.0 0.09000000357627869 0.0 0.09000000357627869 0.09000000357627869 0.4399999976158142 0.5099999904632568 0.0 0.0 0.3100000023841858 0.09000000357627869
161 0.0 0.0 0.0 0.0 0.3100000023841858 0.0 0.09000000357627869 0.0 0.09000000357627869 0.09000000357627869 0.09000000357627869 0.5099999904632568 0.0 0.0 0.3100000023841858 0.0 0.09000000357627869 0.0 0.09000000357627869 0.0 0.09000000357627869 0.09000000357627869 0.09000000357627869 0.0 0.09000000357627869 0.09000000357627869 0.0 0.09000000357627869 0.09000000357627869 0.09000000357627869 0.5099999904632568 0.0 0.0 0.0 0.09000000357627869 0.09000000357627869 0.0 0.09000000357627869 0.0 0.09000000357627869 0.09000000357627869 0.0 0.09000000357627869 0.09000000357627869 0.0 0.0 0.0 0.3100000023841858 0.0 0.09000000357627869 0.05000000074505806 0.09000000357627869 0.09000000357627869 0.0 0.4300000071525574 0.0 0.0 0.0 0.3100000023841858 0.0 0.09000000357627869 0.0 0.09000000357627869 0.09000000357627869 0.0 0.09000000357627869 0.09000000357627869 0.20000000298023224 0.09000000357627869 0.09000000357627869 0.0 0.4399999976158142 0.6399999856948853 0.0 0.46000000834465027 0.46000000834465027 0.0 0.46000000834465027 0.46000000834465027 0.5099999904632568 0.0 0.0 0.3100000023841858 0.0 0.09000000357627869 0.0 0.09000000357627869 0.0 0.09000000357627869 0.09000000357627869 0.6200000047683716 0.0 0.0 0.0 0.0 0.3100000023841858 0.09000000357627869
162 0.5099999904632568 0.0 0.0 0.3100000023841858 0.0 0.09000000357627869 0.0 0.09000000357627869 0.0 0.09000000357627869 0.09000000357627869 0.09000000357627869 0.0 0.09000000357627869 0.09000000357627869 0.0 0.09000000357627869 0.09000000357627869 0.5099999904632568 0.0 0.0 0.0 0.09000000357627869 0.09000000357627869 0.0 0.09000000357627869 0.0 0.09000000357627869 0.09000000357627869 0.0 0.09000000357627869 0.09000000357627869 0.0 0.0 0.0 0.3100000023841858 0.0 0.09000000357627869 0.0 0.09000000357627869 0.0 0.09000000357627869 0.09000000357627869 0.09000000357627869 0.0 0.09000000357627869 0.09000000357627869 0.09000000357627869 0.5099999904632568 0.0 0.0 0.3100000023841858 0.0 0.09000000357627869 0.0 0.09000000357627869 0.09000000357627869 0.0 0.09000000357627869 0.09000000357627869 0.20000000298023224 0.09000000357627869 0.09000000357627869 0.0 0.4399999976158142 0.6399999856948853 0.0 0.46000000834465027 0.46000000834465027 0.0 0.46000000834465027 0.46000000834465027 0.5099999904632568 0.0 0.0 0.3100000023841858 0.0 0.09000000357627869 0.0 0.09000000357627869 0.09000000357627869 0.0 0.09000000357627869 0.09000000357627869 0.6200000047683716 0.0 0.0 0.0 0.0 0.0 0.3100000023841858 0.0 0.09000000357627869 0.0 0.09000000357627869 0.09000000357627869 0.0 0.09000000357627869 0.09000000357627869 0.6200000047683716 0.0 0.0 0.0 0.0 0.3100000023841858
163 0.09000000357627869 0.0 0.0 0.0 0.09000000357627869 0.0 0.09000000357627869 0.09000000357627869 0.0 0.09000000357627869 0.09000000357627869 0.0 0.0 0.0 0.3100000023841858 0.0 0.09000000357627869 0.0 0.09000000357627869 0.0 0.09000000357627869 0.09000000357627869 0.09000000357627869 0.0 0.09000000357627869 0.09000000357627869 0.09000000357627869 0.5099999904632568 0.0 0.0 0.3100000023841858 0.0 0.09000000357627869 0.05000000074505806 0.09000000357627869 0.09000000357627869 0.0 0.4300000071525574 0.0 0.0 0.0 0.3100000023841858 0.0 0.09000000357627869 0.0 0.09000000357627869 0.09000000357627869 0.0 0.09000000357627869 0.09000000357627869 0.6200000047683716 0.0 0.0 0.0 0.0 0.0 0.3100000023841858 0.0 0.09000000357627869 0.0 0.09000000357627869 0.09000000357627869 0.0 0.09000000357627869 0.09000000357627869 0.6200000047683716 0.0 0.0 0.0 0.0 0.0 0.3100000023841858 0.0 0.09000000357627869 0.0 0.09000000357627869 0.09000000357627869 0.09000000357627869 0.09000000357627869 0.0 0.0 0.0 0.0 0.09000000357627869 0.09000000357627869
164 0.0 0.0 0.0 0.09000000357627869 0.0 0.09000000357627869 0.0 0.09000000357627869 0.09000000357627869 0.09000000357627869 0.0 0.09000000357627869 0.5099999904632568 0.0 0.0 0.3100000023841858 0.0 0.09000000357627869 0.05000000074505806 0.09000000357627869 0.09000000357627869 0.0 0.4300000071525574 0.0 0.0 0.0 0.3100000023841858 0.0 0.09000000357627869 0.0 0.09000000357627869 0.09000000357627869 0.0 0.09000000357627869 0.09000000357627869 0.20000000298023224 0.09000000357627869 0.09000000357627869 0.0 0.4399999976158142 0.6399999856948853 0.0 0.46000000834465027 0.46000000834465027 0.0 0.46000000834465027 0.5099999904632568 0.0 0.0 0.3100000023841858 0.0 0.09000000357627869 0.0 0.09000000357627869 0.09000000357627869 0.0 0.09000000357627869 0.09000000357627869 0.6200000047683716 0.0 0.0 0.0 0.0 0.0 0.3100000023841858 0.0 0.09000000357627869 0.0 0.09000000357627869 0.09000000357627869 0.0 0.09000000357627869 0.09000000357627869 0.0 0.09000000357627869 0.09000000357627869 0.20999999344348907 0.05000000074505806 0.05000000074505806 0.0 0.33000001311302185 0.33000001311302185 0.0 0.0 0.0 0.0 0.09000000357627869 0.09000000357627869 0.019999999552965164 0.09000000357627869 0.0 0.09000000357627869 0.09000000357627869 0.0 0.09000000357627869 0.09000000357627869 0.0 0.0 0.0 0.3100000023841858
165 0.09000000357627869 0.5099999904632568 0.0 0.0 0.3100000023841858 0.0 0.09000000357627869 0.05000000074505806 0.09000000357627869 0.09000000357627869 0.0 0.4300000071525574 0.0 0.0 0.0 0.3100000023841858 0.0 0.09000000357627869 0.0 0.09000000357627869 0.09000000357627869 0.0 0.09000000357627869 0.09000000357627869 0.20000000298023224 0.09000000357627869 0.09000000357627869 0.0 0.4399999976158142 0.6399999856948853 0.0 0.46000000834465027 0.46000000834465027 0.0 0.46000000834465027 0.46000000834465027 0.5099999904632568 0.0 0.0 0.3100000023841858 0.0 0.09000000357627869 0.0 0.09000000357627869 0.09000000357627869 0.0 0.09000000357627869 0.09000000357627869 0.6200000047683716 0.0 0.0 0.0 0.0 0.0 0.3100000023841858 0.0 0.09000000357627869 0.0 0.09000000357627869 0.09000000357627869 0.0 0.09000000357627869 0.09000000357627869 0.0 0.09000000357627869 0.09000000357627869 0.20999999344348907 0.05000000074505806 0.05000000074505806 0.0 0.33000001311302185 0.33000001311302185 0.33000001311302185 0.0 0.0 0.0 0.0 0.09000000357627869 0.09000000357627869 0.019999999552965164 0.09000000357627869 0.0 0.09000000357627869 0.09000000357627869 0.0 0.09000000357627869 0.09000000357627869 0.0 0.0 0.0 0.3100000023841858 0.0 0.09000000357627869 0.05000000074505806 0.09000000357627869 0.09000000357627869 0.0 0.4300000071525574 0.0 0.0 0.0 0.3100000023841858 0.09000000357627869
166 0.0 0.0 0.0 0.3100000023841858 0.0 0.09000000357627869 0.0 0.09000000357627869 0.09000000357627869 0.0 0.09000000357627869 0.09000000357627869 0.20000000298023224 0.09000000357627869 0.09000000357627869 0.0 0.4399999976158142 0.46000000834465027 0.5099999904632568 0.0 0.0 0.3100000023841858 0.0 0.09000000357627869 0.0 0.09000000357627869 0.09000000357627869 0.0 0.09000000357627869 0.09000000357627869 0.6200000047683716 0.0 0.0 0.0 0.0 0.0 0.3100000023841858 0.0 0.09000000357627869 0.0 0.09000000357627869 0.09000000357627869 0.0 0.09000000357627869 0.09000000357627869 0.6200000047683716 0.0 0.0 0.0 0.0 0.0 0.0 0.09000000357627869 0.09000000357627869 0.019999999552965164 0.09000000357627869 0.0 0.09000000357627869 0.09000000357627869 0.0 0.09000000357627869 0.09000000357627869 0.0 0.0 0.0 0.3100000023841858 0.0 0.09000000357627869 0.05000000074505806 0.09000000357627869 0.09000000357627869 0.0 0.4300000071525574 0.0 0.0 0.0 0.3100000023841858 0.0 0.09000000357627869 0.05000000074505806 0.09000000357627869 0.09000000357627869 0.0 0.4300000071525574 0.0 0.0 0.0 0.3100000023841858
167 0.09000000357627869 0.5099999904632568 0.0 0.0 0.3100000023841858 0.0 0.09000000357627869 0.0 0.09000000357627869 0.09000000357627869 0.0 0.09000000357627869 0.09000000357627869 0.6200000047683716 0.0 0.0 0.0 0.0 0.0 0.3100000023841858 0.0 0.09000000357627869 0.0 0.09000000357627869 0.09000000357627869 0.0 0.09000000357627869 0.09000000357627869 0.6200000047683716 0.0 0.0 0.0 0.0 0.0 0.3100000023841858 0.0 0.09000000357627869 0.0 0.09000000357627869 0.09000000357627869 0.0 0.09000000357627869 0.09000000357627869 0.0 0.09000000357627869 0.09000000357627869 0.20999999344348907 0.05000000074505806 0.05000000074505806 0.0 0.33000001311302185 0.33000001311302185 0.33000001311302185 0.0 0.0 0.0 0.3100000023841858 0.0 0.09000000357627869 0.05000000074505806 0.09000000357627869 0.09000000357627869 0.0 0.4300000071525574 0.0 0.0 0.0 0.3100000023841858 0.0 0.09000000357627869 0.05000000074505806 0.09000000357627869 0.09000000357627869 0.0 0.4300000071525574 0.0 0.0 0.0 0.3100000023841858 0.0 0.09000000357627869 0.0 0.09000000357627869 0.09000000357627869 0.09000000357627869 0.0 0.0 0.0 0.0 0.09000000357627869 0.09000000357627869
168 0.09000000357627869 0.0 0.0 0.0 0.3100000023841858 0.0 0.09000000357627869 0.0 0.09000000357627869 0.09000000357627869 0.0 0.09000000357627869 0.09000000357627869 0.6200000047683716 0.0 0.0 0.0 0.0 0.0 0.3100000023841858 0.0 0.09000000357627869 0.0 0.09000000357627869 0.09000000357627869 0.0 0.09000000357627869 0.09000000357627869 0.0 0.09000000357627869 0.09000000357627869 0.20999999344348907 0.05000000074505806 0.05000000074505806 0.0 0.33000001311302185 0.33000001311302185 0.33000001311302185 0.0 0.0 0.0 0.0 0.09000000357627869 0.09000000357627869 0.019999999552965164 0.09000000357627869 0.0 0.09000000357627869 0.09000000357627869 0.0 0.09000000357627869 0.09000000357627869 0.0 0.0 0.0 0.3100000023841858 0.0 0.09000000357627869 0.05000000074505806 0.09000000357627869 0.09000000357627869 0.0 0.4300000071525574 0.0 0.0 0.0 0.3100000023841858 0.0 0.09000000357627869 0.0 0.09000000357627869 0.09000000357627869 0.09000000357627869 0.0 0.0 0.0 0.0 0.09000000357627869 0.09000000357627869 0.019999999552965164 0.09000000357627869 0.0 0.09000000357627869 0.09000000357627869 0.0 0.09000000357627869 0.09000000357627869 0.5099999904632568 0.0 0.0 0.3100000023841858
169 0.09000000357627869 0.0 0.0 0.0 0.3100000023841858 0.0 0.09000000357627869 0.0 0.09000000357627869 0.09000000357627869 0.0 0.09000000357627869 0.09000000357627869 0.0 0.09000000357627869 0.09000000357627869 0.20999999344348907 0.05000000074505806 0.05000000074505806 0.0 0.33000001311302185 0.33000001311302185 0.33000001311302185 0.0 0.0 0.0 0.0 0.09000000357627869 0.09000000357627869 0.019999999552965164 0.09000000357627869 0.0 0.09000000357627869 0.09000000357627869 0.0 0.09000000357627869 0.09000000357627869 0.0 0.0 0.0 0.3100000023841858 0.0 0.09000000357627869 0.05000000074505806 0.09000000357627869 0.09000000357627869 0.0 0.4300000071525574 0.0 0.0 0.0 0.3100000023841858 0.0 0.09000000357627869 0.0 0.09000000357627869 0.09000000357627869 0.09000000357627869 0.0 0.0 0.0 0.0 0.09000000357627869 0.09000000357627869 0.019999999552965164 0.09000000357627869 0.0 0.09000000357627869 0.09000000357627869 0.0 0.09000000357627869 0.09000000357627869 0.5099999904632568 0.0 0.0 0.3100000023841858 0.0 0.09000000357627869 0.05000000074505806 0.09000000357627869 0.09000000357627869 0.0 0.4300000071525574 0.0 0.0 0.0 0.3100000023841858
17 0.0 0.09000000357627869 0.0 0.09000000357627869 0.09000000357627869 0.0 0.09000000357627869 0.09000000357627869 0.5099999904632568 0.0 0.0 0.0 0.0 0.09000000357627869 0.0 0.09000000357627869 0.0 0.09000000357627869 0.5099999904632568 0.0 0.0 0.3100000023841858 0.0 0.09000000357627869 0.0 0.09000000357627869 0.0 0.4300000071525574 0.5099999904632568 0.0 0.0 0.3100000023841858 0.0 0.09000000357627869 0.0 0.09000000357627869 0.09000000357627869 0.0 0.09000000357627869 0.0 0.09000000357627869 0.09000000357627869 0.09000000357627869 0.0 0.09000000357627869 0.09000000357627869 0.09000000357627869 0.5099999904632568 0.0 0.0 0.3100000023841858 0.0 0.09000000357627869 0.09000000357627869 0.5099999904632568 0.0 0.0 0.0 0.09000000357627869 0.09000000357627869 0.0 0.09000000357627869 0.0 0.09000000357627869 0.09000000357627869 0.0 0.09000000357627869 0.09000000357627869 0.0 0.0 0.0 0.0 0.0 0.09000000357627869 0.0 0.09000000357627869 0.09000000357627869 0.0 0.0 0.11999999731779099 0.0 0.11999999731779099 0.10999999940395355 0.0 0.4300000071525574 0.0 0.11999999731779099 0.0 0.11999999731779099 0.0 0.0 0.0 0.0 0.09000000357627869 0.09000000357627869 0.0 0.09000000357627869 0.0 0.09000000357627869 0.09000000357627869 0.0 0.09000000357627869 0.0 0.0 0.0 0.0 0.3100000023841858 0.0 0.09000000357627869 0.05000000074505806 0.0 0.09000000357627869 0.0 0.4300000071525574 0.0 0.0 0.0 0.3100000023841858 0.0 0.09000000357627869 0.0 0.0 0.0 0.09000000357627869 0.0 0.09000000357627869 0.0 0.09000000357627869 0.0 0.09000000357627869 0.09000000357627869 0.09000000357627869
170 0.09000000357627869 0.05000000074505806 0.0 0.0 0.0 0.0 0.09000000357627869 0.09000000357627869 0.019999999552965164 0.09000000357627869 0.0 0.09000000357627869 0.09000000357627869 0.0 0.09000000357627869 0.09000000357627869 0.0 0.0 0.0 0.3100000023841858 0.0 0.09000000357627869 0.05000000074505806 0.09000000357627869 0.09000000357627869 0.0 0.4300000071525574 0.0 0.0 0.0 0.3100000023841858 0.0 0.09000000357627869 0.05000000074505806 0.09000000357627869 0.09000000357627869 0.0 0.4300000071525574 0.0 0.0 0.0 0.0 0.09000000357627869 0.09000000357627869 0.019999999552965164 0.09000000357627869 0.0 0.09000000357627869 0.09000000357627869 0.0 0.09000000357627869 0.09000000357627869 0.5099999904632568 0.0 0.0 0.3100000023841858 0.0 0.09000000357627869 0.05000000074505806 0.09000000357627869 0.09000000357627869 0.0 0.4300000071525574 0.0 0.0 0.0 0.3100000023841858 0.0 0.09000000357627869 0.05000000074505806 0.09000000357627869 0.09000000357627869 0.0 0.4300000071525574 0.3400000035762787 0.0 0.0
171 0.09000000357627869 0.0 0.0 0.0 0.3100000023841858 0.0 0.09000000357627869 0.05000000074505806 0.09000000357627869 0.09000000357627869 0.0 0.4300000071525574 0.0 0.0 0.0 0.3100000023841858 0.0 0.09000000357627869 0.05000000074505806 0.09000000357627869 0.09000000357627869 0.0 0.4300000071525574 0.0 0.0 0.0 0.3100000023841858 0.0 0.09000000357627869 0.0 0.09000000357627869 0.09000000357627869 0.09000000357627869 0.0 0.0 0.0 0.3100000023841858 0.0 0.09000000357627869 0.05000000074505806 0.09000000357627869 0.09000000357627869 0.0 0.4300000071525574 0.0 0.0 0.0 0.3100000023841858 0.0 0.09000000357627869 0.05000000074505806 0.09000000357627869 0.09000000357627869 0.0 0.4300000071525574 0.3400000035762787 0.0 0.0
172 0.09000000357627869 0.0 0.0 0.0 0.3100000023841858 0.0 0.09000000357627869 0.05000000074505806 0.09000000357627869 0.09000000357627869 0.0 0.4300000071525574 0.0 0.0 0.0 0.3100000023841858 0.0 0.09000000357627869 0.0 0.09000000357627869 0.09000000357627869 0.09000000357627869 0.0 0.0 0.0 0.0 0.09000000357627869 0.09000000357627869 0.019999999552965164 0.09000000357627869 0.0 0.09000000357627869 0.09000000357627869 0.0 0.09000000357627869 0.09000000357627869 0.5099999904632568 0.0 0.0 0.3100000023841858 0.0 0.09000000357627869 0.05000000074505806 0.09000000357627869 0.09000000357627869 0.0 0.4300000071525574 0.3400000035762787 0.0 0.0
173 0.09000000357627869 0.0 0.0 0.0 0.3100000023841858 0.0 0.09000000357627869 0.0 0.09000000357627869 0.09000000357627869 0.09000000357627869 0.0 0.0 0.0 0.0 0.09000000357627869 0.09000000357627869 0.019999999552965164 0.09000000357627869 0.0 0.09000000357627869 0.09000000357627869 0.0 0.09000000357627869 0.09000000357627869 0.5099999904632568 0.0 0.0 0.3100000023841858 0.0 0.09000000357627869 0.05000000074505806 0.09000000357627869 0.09000000357627869 0.0 0.4300000071525574 0.0 0.0
18 0.0 0.0 0.09000000357627869 0.09000000357627869 0.5099999904632568 0.0 0.0 0.0 0.0 0.09000000357627869 0.0 0.09000000357627869 0.0 0.10999999940395355 0.0 0.17000000178813934 0.0 0.14000000059604645 0.5099999904632568 0.0 0.0 0.0 0.0 0.09000000357627869 0.5099999904632568 0.0 0.0 0.0 0.0 0.09000000357627869 0.0 0.09000000357627869 0.09000000357627869 0.0 0.09000000357627869 0.09000000357627869 0.0 0.09000000357627869 0.09000000357627869 0.5099999904632568 0.0 0.0 0.0 0.0 0.09000000357627869 0.0 0.09000000357627869 0.09000000357627869 0.0 0.09000000357627869 0.09000000357627869 0.20000000298023224 0.09000000357627869 0.09000000357627869 0.0 0.4399999976158142 0.6399999856948853 0.0 0.46000000834465027 0.46000000834465027 0.0 0.46000000834465027 0.46000000834465027 0.5099999904632568 0.0 0.0 0.3100000023841858 0.0 0.09000000357627869 0.0 0.09000000357627869 0.0 0.4300000071525574 0.0 0.09000000357627869 0.09000000357627869 0.09000000357627869 0.5099999904632568 0.0 0.0 0.3100000023841858 0.0 0.09000000357627869 0.0 0.09000000357627869 0.09000000357627869 0.0 0.09000000357627869 0.0 0.09000000357627869 0.09000000357627869 0.09000000357627869 0.0 0.09000000357627869 0.09000000357627869 0.09000000357627869 0.5099999904632568 0.0 0.0 0.3100000023841858 0.0 0.09000000357627869 0.09000000357627869 0.5099999904632568 0.0 0.0 0.0 0.09000000357627869 0.09000000357627869 0.0 0.09000000357627869 0.0 0.09000000357627869 0.09000000357627869 0.0 0.09000000357627869 0.09000000357627869 0.0 0.0 0.0 0.0 0.0 0.09000000357627869 0.0 0.09000000357627869 0.09000000357627869 0.0 0.0 0.11999999731779099 0.0 0.11999999731779099 0.0 0.11999999731779099 0.0 0.11999999731779099 0.0 0.11999999731779099 0.5099999904632568 0.0 0.0 0.0 0.09000000357627869 0.09000000357627869 0.0 0.09000000357627869 0.0 0.09000000357627869 0.09000000357627869 0.0 0.09000000357627869 0.0 0.0 0.0 0.0 0.3100000023841858 0.0 0.09000000357627869 0.05000000074505806 0.0 0.09000000357627869 0.0 0.4300000071525574 0.0 0.0 0.0 0.3100000023841858 0.0 0.0 0.0 0.09000000357627869 0.09000000357627869 0.0 0.0 0.0 0.0 0.0 0.0 0.0 0.0 0.09000000357627869 0.0 0.0 0.09000000357627869 0.0 0.09000000357627869 0.0 0.09000000357627869 0.09000000357627869 0.09000000357627869 0.0 0.09000000357627869 0.09000000357627869 0.09000000357627869 0.0 0.3100000023841858 0.11999999731779099 0.09000000357627869 0.0 0.0 0.0 0.0 0.0 0.0 0.0 0.0 0.0 0.0 0.0 0.0 0.0 0.0 0.09000000357627869 0.0 0.09000000357627869 0.09000000357627869 0.0 0.0 0.09000000357627869 0.0 0.09000000357627869 0.0 0.0 0.0 0.0 0.09000000357627869 0.09000000357627869 0.3100000023841858 0.05000000074505806 0.09000000357627869 0.09000000357627869 0.4300000071525574 0.11999999731779099 0.0 0.4399999976158142 0.6399999856948853 0.0 0.46000000834465027 0.0 0.46000000834465027 0.46000000834465027 0.09000000357627869 0.09000000357627869 0.0 0.11999999731779099 0.0 0.11999999731779099 0.3100000023841858 0.0 0.09000000357627869 0.09000000357627869 0.0 0.20000000298023224 0.09000000357627869 0.09000000357627869 0.0 0.4399999976158142 0.46000000834465027
19 0.0 0.09000000357627869 0.0 0.09000000357627869 0.09000000357627869 0.0 0.09000000357627869 0.0 0.09000000357627869 0.09000000357627869 0.20999999344348907 0.0 0.33000001311302185 0.33000001311302185 0.5099999904632568 0.0 0.0 0.0 0.0 0.09000000357627869 0.0 0.09000000357627869 0.09000000357627869 0.0 0.09000000357627869 0.09000000357627869 0.20000000298023224 0.09000000357627869 0.0 0.4399999976158142 0.6399999856948853 0.0 0.46000000834465027 0.0 0.46000000834465027 0.46000000834465027 0.5099999904632568 0.0 0.0 0.3100000023841858 0.0 0.3100000023841858 0.0 0.09000000357627869 0.0 0.09000000357627869 0.09000000357627869 0.0 0.09000000357627869 0.0 0.09000000357627869 0.09000000357627869 0.09000000357627869 0.5099999904632568 0.0 0.0 0.3100000023841858 0.0 0.09000000357627869 0.5099999904632568 0.0 0.0 0.0 0.09000000357627869 0.0 0.09000000357627869 0.0 0.09000000357627869 0.09000000357627869 0.0 0.09000000357627869 0.0 0.0 0.0 0.0 0.0 0.09000000357627869 0.0 0.09000000357627869 0.09000000357627869 0.0 0.0 0.11999999731779099 0.0 0.11999999731779099 0.0 0.0 0.11999999731779099 0.0 0.11999999731779099 0.5099999904632568 0.0 0.0 0.0 0.0 0.09000000357627869 0.0 0.09000000357627869 0.09000000357627869 0.0 0.0 0.11999999731779099 0.0 0.11999999731779099 0.10999999940395355 0.0 0.4300000071525574 0.0 0.11999999731779099 0.0 0.11999999731779099 0.0 0.0 0.0 0.3100000023841858 0.0 0.09000000357627869 0.05000000074505806 0.0 0.09000000357627869 0.0 0.4300000071525574 0.0 0.0 0.0 0.3100000023841858 0.0 0.0 0.0 0.09000000357627869 0.09000000357627869 0.0 0.0 0.0 0.0 0.09000000357627869 0.09000000357627869 0.0 0.0 0.6399999856948853 0.0 0.46000000834465027 0.46000000834465027 0.0 0.46000000834465027 0.46000000834465027 0.0 0.0 0.0 0.0 0.0 0.09000000357627869 0.0 0.0 0.09000000357627869 0.0 0.09000000357627869 0.0 0.09000000357627869 0.09000000357627869 0.09000000357627869 0.0 0.09000000357627869 0.09000000357627869 0.09000000357627869 0.0 0.0 0.0 0.3100000023841858 0.0 0.0 0.0 0.09000000357627869 0.09000000357627869 0.0 0.0 0.0 0.0 0.11999999731779099 0.0 0.11999999731779099 0.0 0.11999999731779099 0.0 0.11999999731779099 0.0 0.0 0.09000000357627869 0.550000011920929 0.0 0.0 0.0 0.0 0.0 0.09000000357627869 0.09000000357627869 0.0 0.0 0.0 0.0 0.0 0.0 0.0 0.0 0.09000000357627869 0.0 0.0 0.0 0.0 0.0 0.0 0.0 0.0 0.0 0.0 0.09000000357627869 0.0 0.0 0.0 0.0 0.0 0.0 0.0 0.0 0.0 0.0 0.0 0.0 0.0 0.09000000357627869 0.0 0.09000000357627869 0.09000000357627869 0.0 0.0 0.09000000357627869 0.0 0.09000000357627869 0.0 0.0 0.0 0.0 0.0 0.09000000357627869 0.0 0.09000000357627869 0.0 0.4399999976158142 0.3100000023841858 0.09000000357627869 0.11999999731779099 0.0 0.0 0.0 0.0 0.0 0.4399999976158142 0.6399999856948853 0.0 0.46000000834465027 0.0 0.46000000834465027 0.46000000834465027 0.0 0.11999999731779099 0.0 0.11999999731779099 0.0 0.0
2 0.0 0.33000001311302185 0.33000001311302185 0.33000001311302185 0.0 0.10000000149011612 0.0 0.09000000357627869 0.09000000357627869 0.0 0.09000000357627869 0.09000000357627869 0.0 0.0 0.09000000357627869 0.09000000357627869 0.09000000357627869 0.5099999904632568 0.0 0.0 0.3100000023841858 0.0 0.09000000357627869 0.0 0.09000000357627869 0.0 0.09000000357627869 0.09000000357627869 0.09000000357627869 0.0 0.09000000357627869 0.09000000357627869 0.0 0.09000000357627869 0.09000000357627869 0.09000000357627869 0.0 0.0 0.0 0.3100000023841858 0.07000000029802322 0.09000000357627869 0.0 0.09000000357627869 0.09000000357627869 0.09000000357627869 0.0 0.0 0.0 0.3100000023841858 0.0 0.09000000357627869 0.0 0.09000000357627869 0.0 0.09000000357627869 0.0 0.09000000357627869 0.09000000357627869 0.0 0.09000000357627869 0.09000000357627869 0.09000000357627869 0.0 0.0 0.0 0.3100000023841858 0.07000000029802322 0.09000000357627869 0.0 0.09000000357627869 0.09000000357627869 0.4399999976158142
20 0.0 0.0 0.09000000357627869 0.0 0.09000000357627869 0.0 0.0 0.0 0.0 0.0 0.09000000357627869 0.0 0.09000000357627869 0.09000000357627869 0.0 0.0 0.11999999731779099 0.5099999904632568 0.0 0.0 0.0 0.0 0.09000000357627869 0.0 0.09000000357627869 0.09000000357627869 0.0 0.0 0.11999999731779099 0.0 0.11999999731779099 0.10999999940395355 0.0 0.11999999731779099 0.0 0.11999999731779099 0.0 0.0 0.0 0.0 0.09000000357627869 0.09000000357627869 0.0 0.09000000357627869 0.0 0.09000000357627869 0.09000000357627869 0.0 0.09000000357627869 0.0 0.0 0.0 0.0 0.3100000023841858 0.0 0.0 0.0 0.09000000357627869 0.09000000357627869 0.0 0.0 0.0 0.0 0.09000000357627869 0.09000000357627869 0.0 0.0 0.6399999856948853 0.0 0.46000000834465027 0.46000000834465027 0.0 0.46000000834465027 0.46000000834465027 0.0 0.0 0.0 0.0 0.0 0.09000000357627869 0.0 0.0 0.09000000357627869 0.0 0.09000000357627869 0.0 0.09000000357627869 0.09000000357627869 0.09000000357627869 0.0 0.09000000357627869 0.09000000357627869 0.09000000357627869 0.0 0.0 0.0 0.3100000023841858 0.0 0.0 0.0 0.09000000357627869 0.0 0.0 0.0 0.0 0.11999999731779099 0.0 0.11999999731779099 0.0 0.11999999731779099 0.0 0.11999999731779099 0.09000000357627869 0.550000011920929 0.0 0.0 0.0 0.0 0.0 0.0 0.0 0.0 0.0 0.0 0.0 0.09000000357627869 0.09000000357627869 0.0 0.0 0.0 0.0 0.09000000357627869 0.0 0.0 0.0 0.0 0.0 0.0 0.0 0.0 0.09000000357627869 0.0 0.0 0.0 0.0 0.0 0.0 0.0 0.0 0.0 0.0 0.09000000357627869 0.0 0.0 0.0 0.0 0.0 0.0 0.0 0.0 0.0 0.0 0.0 0.0 0.0 0.09000000357627869 0.0 0.09000000357627869 0.09000000357627869 0.0 0.0 0.09000000357627869 0.0 0.09000000357627869 0.0 0.0 0.0 0.0 0.0 0.09000000357627869 0.0 0.09000000357627869 0.09000000357627869 0.0 0.09000000357627869 0.0 0.20000000298023224 0.09000000357627869 0.09000000357627869 0.0 0.4399999976158142 0.6399999856948853 0.0 0.46000000834465027 0.46000000834465027 0.0 0.46000000834465027 0.46000000834465027 0.0 0.0 0.0 0.3100000023841858 0.0 0.0 0.05000000074505806 0.09000000357627869 0.09000000357627869 0.0 0.4300000071525574 0.5099999904632568 0.0 0.0 0.3100000023841858 0.0 0.09000000357627869 0.6200000047683716 0.0 0.0 0.0 0.0 0.0 0.0 0.0 0.0 0.11999999731779099 0.0 0.0 0.0 0.0 0.0 0.0 0.0 0.0 0.0 0.0 0.0 0.0 0.0 0.0 0.0 0.0 0.0 0.0 0.0 0.0 0.0 0.0 0.0 0.09000000357627869 0.0 0.0 0.0 0.0 0.0 0.0 0.0 0.0 0.09000000357627869 0.09000000357627869 0.0 0.0 0.0 0.0 0.0 0.0 0.11999999731779099 0.0 0.0 0.0 0.0 0.0 0.0 0.0 0.0 0.0 0.0 0.0 0.0 0.0 0.0 0.4399999976158142 0.6399999856948853 0.0 0.46000000834465027 0.0 0.46000000834465027 0.46000000834465027 0.09000000357627869 0.0 0.09000000357627869 0.0 0.0 0.11999999731779099 0.0 0.11999999731779099 0.0 0.0 0.0 0.0 0.0 0.0 0.3100000023841858 0.0
21 0.0 0.0 0.09000000357627869 0.09000000357627869 0.5099999904632568 0.0 0.0 0.0 0.0 0.09000000357627869 0.0 0.09000000357627869 0.09000000357627869 0.0 0.0 0.11999999731779099 0.0 0.11999999731779099 0.0 0.0 0.0 0.0 0.09000000357627869 0.09000000357627869 0.0 0.09000000357627869 0.0 0.09000000357627869 0.09000000357627869 0.0 0.09000000357627869 0.0 0.0 0.0 0.0 0.3100000023841858 0.0 0.09000000357627869 0.05000000074505806 0.0 0.09000000357627869 0.0 0.4300000071525574 0.0 0.0 0.0 0.0 0.0 0.09000000357627869 0.0 0.0 0.09000000357627869 0.0 0.09000000357627869 0.0 0.09000000357627869 0.09000000357627869 0.09000000357627869 0.0 0.09000000357627869 0.09000000357627869 0.09000000357627869 0.0 0.0 0.0 0.3100000023841858 0.0 0.0 0.0 0.09000000357627869 0.09000000357627869 0.0 0.0 0.0 0.0 0.11999999731779099 0.0 0.11999999731779099 0.0 0.11999999731779099 0.0 0.11999999731779099 0.0 0.0 0.0 0.0 0.0 0.09000000357627869 0.0 0.09000000357627869 0.09000000357627869 0.0 0.0 0.0 0.0 0.0 0.09000000357627869 0.0 0.09000000357627869 0.09000000357627869 0.0 0.09000000357627869 0.09000000357627869 0.550000011920929 0.0 0.0 0.0 0.0 0.0 0.09000000357627869 0.0 0.0 0.0 0.3100000023841858 0.0 0.09000000357627869 0.0 0.09000000357627869 0.0 0.09000000357627869 0.09000000357627869 0.0 0.0 0.09000000357627869 0.09000000357627869 0.09000000357627869 0.0 0.0 0.0 0.0 0.0 0.09000000357627869 0.0 0.09000000357627869 0.0 0.09000000357627869 0.0 0.09000000357627869 0.09000000357627869 0.09000000357627869 0.5099999904632568 0.0 0.0 0.0 0.0 0.0 0.0 0.0 0.09000000357627869 0.05000000074505806 0.09000000357627869 0.09000000357627869 0.0 0.4300000071525574 0.0 0.0 0.0 0.0 0.0 0.09000000357627869 0.0 0.0 0.0 0.0 0.0 0.0 0.0 0.0 0.0 0.0 0.09000000357627869 0.09000000357627869 0.0 0.0 0.0 0.09000000357627869 0.0 0.0 0.09000000357627869 0.09000000357627869 0.0 0.0 0.0 0.0 0.0 0.0 0.0 0.0 0.09000000357627869 0.0 0.0 0.0 0.0 0.0 0.0 0.0 0.0 0.0 0.0 0.09000000357627869 0.0 0.0 0.0 0.0 0.0 0.0 0.0 0.0 0.0 0.0 0.0 0.0 0.0 0.09000000357627869 0.0 0.09000000357627869 0.09000000357627869 0.0 0.0 0.09000000357627869 0.0 0.09000000357627869 0.0 0.0 0.0 0.0 0.0 0.09000000357627869 0.0 0.09000000357627869 0.09000000357627869 0.0 0.09000000357627869 0.0 0.20000000298023224 0.09000000357627869 0.09000000357627869 0.0 0.4399999976158142 0.6399999856948853 0.0 0.46000000834465027 0.46000000834465027 0.0 0.46000000834465027 0.46000000834465027 0.0 0.0 0.3100000023841858 0.0 0.0 0.09000000357627869 0.0 0.0 0.0 0.0 0.0 0.0 0.0 0.0 0.0 0.0 0.0 0.0 0.0 0.0 0.0 0.0 0.0 0.0 0.0 0.0 0.09000000357627869 0.09000000357627869 0.0 0.0 0.11999999731779099 0.0 0.11999999731779099 0.0 0.11999999731779099 0.0 0.0 0.0 0.11999999731779099 0.0 0.0 0.0 0.0 0.0 0.0 0.0 0.0 0.0 0.0 0.09000000357627869 0.0 0.0 0.0 0.0 0.0 0.0 0.0 0.0 0.0 0.09000000357627869 0.09000000357627869 0.6200000047683716 0.0 0.0 0.0 0.4399999976158142 0.6399999856948853 0.0 0.46000000834465027 0.46000000834465027 0.0 0.46000000834465027 0.46000000834465027 0.0 0.0 0.11999999731779099 0.0 0.11999999731779099 0.0 0.0 0.0 0.0 0.09000000357627869 0.0 0.09000000357627869 0.0 0.0 0.0 0.09000000357627869 0.09000000357627869 0.09000000357627869
22 0.0 0.09000000357627869 0.09000000357627869 0.0 0.09000000357627869 0.09000000357627869 0.0 0.09000000357627869 0.09000000357627869 0.0 0.0 0.09000000357627869 0.09000000357627869 0.0 0.33000001311302185 0.33000001311302185 0.5099999904632568 0.0 0.0 0.09000000357627869 0.0 0.09000000357627869 0.09000000357627869 0.20000000298023224 0.09000000357627869 0.0 0.4399999976158142 0.6399999856948853 0.0 0.46000000834465027 0.46000000834465027 0.0 0.46000000834465027 0.46000000834465027 0.0 0.09000000357627869 0.5099999904632568 0.0 0.0 0.0 0.0 0.09000000357627869 0.0 0.09000000357627869 0.09000000357627869 0.0 0.0 0.11999999731779099 0.0 0.11999999731779099 0.10999999940395355 0.0 0.11999999731779099 0.0 0.0 0.0 0.0 0.0 0.09000000357627869 0.09000000357627869 0.0 0.09000000357627869 0.0 0.09000000357627869 0.09000000357627869 0.0 0.09000000357627869 0.0 0.0 0.0 0.0 0.3100000023841858 0.0 0.09000000357627869 0.05000000074505806 0.0 0.09000000357627869 0.0 0.4300000071525574 0.0 0.0 0.0 0.3100000023841858 0.0 0.0 0.0 0.09000000357627869 0.09000000357627869 0.0 0.0 0.0 0.0 0.09000000357627869 0.09000000357627869 0.0 0.0 0.6399999856948853 0.0 0.46000000834465027 0.46000000834465027 0.0 0.46000000834465027 0.46000000834465027 0.0 0.0 0.0 0.3100000023841858 0.0 0.0 0.0 0.09000000357627869 0.09000000357627869 0.0 0.0 0.0 0.0 0.11999999731779099 0.0 0.11999999731779099 0.0 0.11999999731779099 0.0 0.11999999731779099 0.0 0.0 0.0 0.0 0.0 0.09000000357627869 0.0 0.09000000357627869 0.09000000357627869 0.6200000047683716 0.0 0.0 0.0 0.0 0.0 0.0 0.0 0.09000000357627869 0.0 0.09000000357627869 0.09000000357627869 0.0 0.09000000357627869 0.09000000357627869 0.550000011920929 0.0 0.0 0.0 0.0 0.5099999904632568 0.0 0.0 0.0 0.0 0.09000000357627869 0.09000000357627869 0.0 0.0 0.0 0.0 0.0 0.0 0.0 0.0 0.0 0.11999999731779099 0.0 0.11999999731779099 0.0 0.11999999731779099 0.4300000071525574 0.0 0.09000000357627869 0.0 0.09000000357627869 0.0 0.09000000357627869 0.09000000357627869 0.0 0.0 0.09000000357627869 0.09000000357627869 0.0 0.0 0.0 0.09000000357627869 0.5099999904632568 0.0 0.0 0.0 0.0 0.0 0.0 0.09000000357627869 0.05000000074505806 0.09000000357627869 0.09000000357627869 0.0 0.4300000071525574 0.0 0.0 0.0 0.0 0.0 0.09000000357627869 0.0 0.0 0.0 0.0 0.0 0.0 0.0 0.0 0.0 0.0 0.09000000357627869 0.09000000357627869 0.0 0.0 0.0 0.09000000357627869 0.0 0.0 0.09000000357627869 0.09000000357627869 0.0 0.0 0.0 0.0 0.0 0.0 0.0 0.0 0.09000000357627869 0.0 0.0 0.0 0.0 0.0 0.0 0.0 0.0 0.0 0.0 0.09000000357627869 0.0 0.0 0.0 0.0 0.0 0.0 0.0 0.0 0.0 0.0 0.0 0.0 0.0 0.09000000357627869 0.0 0.09000000357627869 0.09000000357627869 0.0 0.0 0.09000000357627869 0.0 0.09000000357627869 0.0 0.0 0.0 0.0 0.0 0.09000000357627869 0.0 0.4399999976158142 0.46000000834465027 0.0 0.0 0.0 0.0 0.0 0.0 0.0 0.0 0.0 0.0 0.0 0.0 0.0 0.0 0.0 0.0 0.0 0.09000000357627869 0.09000000357627869 0.0 0.0 0.0 0.0 0.0 0.0 0.0 0.0 0.0 0.0 0.0 0.0 0.0 0.0 0.0 0.09000000357627869 0.0 0.0 0.0 0.09000000357627869 0.0 0.0 0.0 0.0 0.0 0.0 0.0 0.0 0.0 0.09000000357627869 0.09000000357627869 0.6200000047683716 0.0 0.0 0.0 0.0 0.0 0.11999999731779099 0.0 0.0 0.0 0.09000000357627869 0.0 0.09000000357627869 0.0 0.0 0.0 0.0 0.0 0.09000000357627869 0.09000000357627869 0.0 0.4399999976158142 0.6399999856948853 0.0 0.46000000834465027 0.46000000834465027 0.0 0.46000000834465027 0.46000000834465027 0.0 0.0 0.0 0.3100000023841858 0.0 0.09000000357627869 0.0 0.0 0.0 0.0 0.0 0.09000000357627869 0.0 0.0 0.09000000357627869 0.0 0.0 0.11999999731779099 0.0 0.11999999731779099 0.0 0.0 0.0 0.0 0.0 0.0 0.0 0.3100000023841858 0.0 0.0 0.09000000357627869 0.09000000357627869 0.09000000357627869
23 0.0 0.0 0.0 0.0 0.09000000357627869 0.09000000357627869 0.0 0.09000000357627869 0.0 0.09000000357627869 0.09000000357627869 0.0 0.09000000357627869 0.0 0.0 0.0 0.0 0.3100000023841858 0.0 0.09000000357627869 0.05000000074505806 0.0 0.09000000357627869 0.0 0.4300000071525574 0.0 0.0 0.0 0.3100000023841858 0.0 0.0 0.0 0.09000000357627869 0.09000000357627869 0.0 0.0 0.0 0.0 0.09000000357627869 0.09000000357627869 0.0 0.0 0.6399999856948853 0.0 0.46000000834465027 0.46000000834465027 0.0 0.46000000834465027 0.46000000834465027 0.0 0.0 0.0 0.0 0.0 0.09000000357627869 0.0 0.0 0.09000000357627869 0.0 0.09000000357627869 0.0 0.09000000357627869 0.09000000357627869 0.09000000357627869 0.0 0.09000000357627869 0.09000000357627869 0.09000000357627869 0.0 0.0 0.0 0.0 0.0 0.09000000357627869 0.0 0.09000000357627869 0.09000000357627869 0.6200000047683716 0.0 0.0 0.0 0.0 0.0 0.0 0.0 0.09000000357627869 0.0 0.09000000357627869 0.09000000357627869 0.0 0.09000000357627869 0.09000000357627869 0.550000011920929 0.0 0.0 0.0 0.0 0.5099999904632568 0.0 0.0 0.0 0.0 0.09000000357627869 0.0 0.09000000357627869 0.09000000357627869 0.0 0.0 0.11999999731779099 0.0 0.11999999731779099 0.0 0.0 0.0 0.0 0.0 0.0 0.5099999904632568 0.0 0.0 0.3100000023841858 0.09000000357627869 0.0 0.0 0.0 0.11999999731779099 0.0 0.11999999731779099 0.0 0.11999999731779099 0.0 0.11999999731779099 0.0 0.0 0.0 0.09000000357627869 0.09000000357627869 0.5099999904632568 0.0 0.0 0.0 0.0 0.09000000357627869 0.05000000074505806 0.09000000357627869 0.09000000357627869 0.0 0.4300000071525574 0.0 0.0 0.0 0.0 0.0 0.09000000357627869 0.09000000357627869 0.0 0.0 0.0 0.09000000357627869 0.0 0.09000000357627869 0.0 0.0 0.09000000357627869 0.09000000357627869 0.0 0.09000000357627869 0.0 0.0 0.4399999976158142 0.0 0.0 0.0 0.0 0.3100000023841858 0.0 0.09000000357627869 0.0 0.09000000357627869 0.0 0.09000000357627869 0.09000000357627869 0.09000000357627869 0.0 0.0 0.0 0.3100000023841858 0.0 0.09000000357627869 0.0 0.09000000357627869 0.0 0.09000000357627869 0.09000000357627869 0.0 0.0 0.09000000357627869 0.09000000357627869 0.09000000357627869 0.0 0.0 0.0 0.0 0.0 0.09000000357627869 0.0 0.09000000357627869 0.09000000357627869 0.0 0.09000000357627869 0.0 0.09000000357627869 0.0 0.09000000357627869 0.09000000357627869 0.09000000357627869 0.5099999904632568 0.0 0.0 0.0 0.0 0.09000000357627869 0.0 0.09000000357627869 0.09000000357627869 0.6200000047683716 0.0 0.0 0.0 0.0 0.0 0.09000000357627869 0.05000000074505806 0.09000000357627869 0.09000000357627869 0.0 0.4300000071525574 0.0 0.0 0.0 0.0 0.0 0.09000000357627869 0.0 0.0 0.0 0.0 0.0 0.0 0.0 0.0 0.0 0.0 0.09000000357627869 0.09000000357627869 0.0 0.0 0.0 0.09000000357627869 0.0 0.0 0.09000000357627869 0.09000000357627869 0.0 0.0 0.0 0.0 0.0 0.0 0.0 0.0 0.09000000357627869 0.0 0.0 0.0 0.0 0.0 0.0 0.0 0.0 0.0 0.0 0.09000000357627869 0.0 0.0 0.0 0.0 0.0 0.0 0.0 0.0 0.0 0.09000000357627869 0.4399999976158142 0.0 0.46000000834465027 0.46000000834465027 0.09000000357627869 0.0 0.0 0.0 0.0 0.0 0.09000000357627869 0.0 0.0 0.0 0.0 0.0 0.0 0.0 0.0 0.09000000357627869 0.09000000357627869 0.6200000047683716 0.0 0.0 0.0 0.0 0.0 0.09000000357627869 0.0 0.4399999976158142 0.6399999856948853 0.0 0.46000000834465027 0.46000000834465027 0.0 0.46000000834465027 0.46000000834465027 0.11999999731779099 0.0 0.0 0.09000000357627869 0.09000000357627869 0.09000000357627869
24 0.0 0.0 0.0 0.09000000357627869 0.09000000357627869 0.0 0.0 0.0 0.0 0.09000000357627869 0.09000000357627869 0.0 0.0 0.46000000834465027 0.0 0.0 0.0 0.0 0.0 0.09000000357627869 0.0 0.0 0.09000000357627869 0.0 0.09000000357627869 0.0 0.09000000357627869 0.09000000357627869 0.09000000357627869 0.0 0.09000000357627869 0.09000000357627869 0.09000000357627869 0.0 0.0 0.0 0.3100000023841858 0.0 0.0 0.0 0.09000000357627869 0.09000000357627869 0.0 0.0 0.0 0.0 0.11999999731779099 0.0 0.11999999731779099 0.0 0.11999999731779099 0.0 0.11999999731779099 0.0 0.0 0.0 0.0 0.0 0.09000000357627869 0.0 0.09000000357627869 0.09000000357627869 0.0 0.09000000357627869 0.09000000357627869 0.550000011920929 0.0 0.0 0.0 0.0 0.5099999904632568 0.0 0.0 0.0 0.0 0.09000000357627869 0.0 0.09000000357627869 0.09000000357627869 0.0 0.0 0.11999999731779099 0.0 0.11999999731779099 0.0 0.0 0.0 0.0 0.0 0.0 0.5099999904632568 0.0 0.0 0.3100000023841858 0.0 0.09000000357627869 0.0 0.09000000357627869 0.09000000357627869 0.0 0.0 0.11999999731779099 0.0 0.11999999731779099 0.0 0.11999999731779099 0.0 0.11999999731779099 0.0 0.11999999731779099 0.5099999904632568 0.0 0.0 0.3100000023841858 0.0 0.5099999904632568 0.0 0.3100000023841858 0.0 0.09000000357627869 0.0 0.09000000357627869 0.09000000357627869 0.0 0.0 0.0 0.6200000047683716 0.0 0.0 0.5099999904632568 0.0 0.09000000357627869 0.11999999731779099 0.0 0.11999999731779099 0.0 0.0 0.0 0.0 0.0 0.0 0.0 0.09000000357627869 0.09000000357627869 0.0 0.0 0.11999999731779099 0.0 0.11999999731779099 0.10999999940395355 0.0 0.5099999904632568 0.0 0.0 0.0 0.0 0.09000000357627869 0.0 0.0 0.11999999731779099 0.0 0.0 0.0 0.0 0.0 0.5099999904632568 0.0 0.0 0.0 0.0 0.09000000357627869 0.0 0.09000000357627869 0.09000000357627869 0.0 0.09000000357627869 0.09000000357627869 0.550000011920929 0.0 0.0 0.3199999928474426 0.30000001192092896 0.5099999904632568 0.0 0.0 0.0 0.0 0.09000000357627869 0.05000000074505806 0.09000000357627869 0.09000000357627869 0.0 0.4300000071525574 0.0 0.0 0.0 0.0 0.0 0.09000000357627869 0.09000000357627869 0.0 0.0 0.0 0.0 0.0 0.09000000357627869 0.0 0.09000000357627869 0.0 0.0 0.09000000357627869 0.09000000357627869 0.0 0.09000000357627869 0.0 0.0 0.4399999976158142 0.6399999856948853 0.0 0.46000000834465027 0.0 0.0 0.0 0.46000000834465027 0.0 0.0 0.0 0.3100000023841858 0.0 0.09000000357627869 0.09000000357627869 0.0 0.0 0.0 0.3100000023841858 0.0 0.09000000357627869 0.0 0.09000000357627869 0.0 0.09000000357627869 0.09000000357627869 0.0 0.0 0.09000000357627869 0.09000000357627869 0.09000000357627869 0.0 0.0 0.0 0.0 0.0 0.09000000357627869 0.0 0.09000000357627869 0.09000000357627869 0.5099999904632568 0.0 0.0 0.0 0.0 0.09000000357627869 0.0 0.09000000357627869 0.09000000357627869 0.6200000047683716 0.0 0.0 0.0 0.0 0.0 0.0 0.0 0.09000000357627869 0.05000000074505806 0.09000000357627869 0.09000000357627869 0.0 0.4300000071525574 0.0 0.0 0.0 0.0 0.0 0.09000000357627869 0.0 0.0 0.0 0.0 0.0 0.0 0.0 0.0 0.0 0.0 0.09000000357627869 0.09000000357627869 0.0 0.0 0.0 0.09000000357627869 0.0 0.0 0.09000000357627869 0.09000000357627869 0.0 0.0 0.0 0.0 0.0 0.0 0.0 0.0 0.09000000357627869 0.0 0.0 0.0 0.0 0.0 0.0 0.0 0.0 0.09000000357627869 0.0 0.0 0.0 0.0 0.0 0.0 0.09000000357627869 0.09000000357627869 0.6200000047683716 0.0 0.0 0.0 0.0 0.09000000357627869 0.09000000357627869 0.0 0.0 0.0 0.33000001311302185 0.33000001311302185 0.0 0.1899999976158142 0.12999999523162842 0.0 0.0 0.09000000357627869 0.09000000357627869 0.6399999856948853 0.0 0.46000000834465027 0.46000000834465027 0.0 0.46000000834465027 0.09000000357627869
25 0.09000000357627869 0.0 0.09000000357627869 0.0 0.0 0.0 0.0 0.09000000357627869 0.0 0.0 0.0 0.3100000023841858 0.0 0.0 0.0 0.09000000357627869 0.09000000357627869 0.0 0.0 0.0 0.0 0.09000000357627869 0.09000000357627869 0.0 0.0 0.6399999856948853 0.46000000834465027 0.46000000834465027 0.0 0.0 0.0 0.0 0.0 0.09000000357627869 0.0 0.0 0.09000000357627869 0.0 0.09000000357627869 0.0 0.09000000357627869 0.09000000357627869 0.09000000357627869 0.0 0.09000000357627869 0.09000000357627869 0.09000000357627869 0.0 0.0 0.0 0.3100000023841858 0.0 0.0 0.0 0.09000000357627869 0.09000000357627869 0.0 0.0 0.0 0.0 0.11999999731779099 0.0 0.11999999731779099 0.0 0.11999999731779099 0.0 0.11999999731779099 0.0 0.0 0.0 0.0 0.0 0.09000000357627869 0.0 0.09000000357627869 0.09000000357627869 0.6200000047683716 0.0 0.0 0.0 0.0 0.0 0.0 0.0 0.09000000357627869 0.0 0.09000000357627869 0.09000000357627869 0.0 0.0 0.11999999731779099 0.0 0.11999999731779099 0.0 0.0 0.0 0.0 0.0 0.0 0.5099999904632568 0.0 0.0 0.3100000023841858 0.0 0.09000000357627869 0.0 0.09000000357627869 0.09000000357627869 0.0 0.0 0.11999999731779099 0.0 0.11999999731779099 0.0 0.11999999731779099 0.0 0.11999999731779099 0.0 0.11999999731779099 0.5099999904632568 0.0 0.0 0.3100000023841858 0.0 0.09000000357627869 0.09000000357627869 0.5099999904632568 0.0 0.0 0.3100000023841858 0.0 0.09000000357627869 0.0 0.09000000357627869 0.09000000357627869 0.0 0.0 0.0 0.6200000047683716 0.0 0.0 0.5099999904632568 0.09000000357627869 0.09000000357627869 0.09000000357627869 0.0 0.09000000357627869 0.0 0.0 0.09000000357627869 0.09000000357627869 0.0 0.09000000357627869 0.0 0.0 0.4399999976158142 0.6399999856948853 0.0 0.46000000834465027 0.0 0.0 0.0 0.46000000834465027 0.0 0.0 0.0 0.09000000357627869 0.0 0.09000000357627869 0.0 0.09000000357627869 0.0 0.0 0.0 0.0 0.09000000357627869 0.5099999904632568 0.0 0.0 0.0 0.0 0.09000000357627869 0.0 0.09000000357627869 0.6200000047683716 0.0 0.0 0.0 0.0 0.0 0.0 0.0 0.09000000357627869 0.05000000074505806 0.09000000357627869 0.09000000357627869 0.0 0.4300000071525574 0.0 0.0 0.0 0.0 0.0 0.09000000357627869 0.0 0.0 0.0 0.0 0.0 0.0 0.0 0.0 0.0 0.0 0.09000000357627869 0.09000000357627869 0.0 0.0 0.0 0.09000000357627869 0.0 0.0 0.09000000357627869 0.09000000357627869 0.0 0.0 0.0 0.0 0.0 0.0 0.0 0.0 0.09000000357627869 0.0 0.0 0.0 0.0 0.0 0.0 0.0 0.0 0.0 0.0 0.09000000357627869 0.0 0.0 0.0 0.0 0.0 0.0 0.0 0.0 0.0 0.0 0.0 0.0 0.09000000357627869 0.0 0.09000000357627869 0.0 0.09000000357627869 0.0 0.0 0.0 0.0 0.0 0.0 0.0 0.0 0.0 0.0 0.0 0.0 0.0 0.0 0.0 0.0 0.0 0.09000000357627869 0.09000000357627869 0.0 0.0 0.0 0.0 0.0 0.0 0.0 0.0 0.0 0.0 0.0 0.0 0.0 0.0 0.0 0.09000000357627869 0.0 0.0 0.0 0.09000000357627869 0.0 0.0 0.0 0.0 0.0 0.0 0.0 0.0 0.0 0.09000000357627869 0.09000000357627869 0.6200000047683716 0.0 0.0 0.0 0.0 0.0 0.0 0.0 0.09000000357627869 0.0 0.0 0.0 0.0 0.09000000357627869 0.0 0.0 0.0 0.0 0.0 0.0 0.0 0.3100000023841858 0.0 0.0 0.09000000357627869 0.0 0.09000000357627869 0.09000000357627869 0.0 0.09000000357627869 0.09000000357627869 0.0 0.0 0.05000000074505806 0.0 0.33000001311302185 0.33000001311302185 0.0 0.0 0.0 0.3100000023841858 0.0 0.09000000357627869 0.0 0.0 0.0 0.1899999976158142 0.12999999523162842 0.0 0.0 0.0 0.0 0.4399999976158142 0.3199999928474426 0.18000000715255737 0.0 0.0 0.0 0.0 0.11999999731779099 0.0 0.0 0.0 0.11999999731779099 0.0 0.0 0.0 0.0 0.0 0.0 0.0 0.0 0.0 0.0 0.0 0.0 0.0 0.0 0.0 0.0 0.09000000357627869 0.0 0.09000000357627869 0.0 0.0 0.09000000357627869 0.0 0.09000000357627869 0.0 0.0 0.0 0.09000000357627869 0.0 0.4399999976158142 0.0 0.0 0.0 0.46000000834465027 0.0 0.0 0.3100000023841858 0.0 0.5099999904632568 0.0 0.0 0.0 0.0 0.09000000357627869 0.0 0.09000000357627869 0.09000000357627869 0.0 0.0 0.0 0.0 0.0 0.0 0.0 0.0 0.11999999731779099 0.0 0.0 0.0 0.0 0.0 0.3100000023841858 0.0 0.0 0.0 0.0 0.0 0.0 0.0 0.09000000357627869 0.0 0.09000000357627869 0.0 0.0 0.0 0.0 0.0 0.09000000357627869 0.09000000357627869 0.0 0.4399999976158142 0.6399999856948853 0.0 0.46000000834465027 0.46000000834465027 0.0 0.46000000834465027 0.46000000834465027 0.0 0.0 0.0 0.3100000023841858 0.0 0.0 0.0 0.0 0.11999999731779099 0.0 0.11999999731779099 0.0 0.0 0.0 0.0 0.0 0.0 0.0 0.0 0.0 0.0 0.09000000357627869 0.0 0.09000000357627869 0.0 0.0 0.0 0.09000000357627869 0.09000000357627869 0.09000000357627869 0.0 0.0 0.0 0.0 0.0 0.0 0.0
26 0.09000000357627869 0.0 0.09000000357627869 0.0 0.0 0.09000000357627869 0.09000000357627869 0.0 0.0 0.0 0.3100000023841858 0.0 0.0 0.0 0.09000000357627869 0.09000000357627869 0.0 0.0 0.0 0.0 0.11999999731779099 0.0 0.0 0.0 0.0 0.0 0.09000000357627869 0.0 0.09000000357627869 0.09000000357627869 0.6200000047683716 0.0 0.0 0.0 0.0 0.0 0.0 0.0 0.09000000357627869 0.0 0.09000000357627869 0.09000000357627869 0.0 0.09000000357627869 0.09000000357627869 0.550000011920929 0.0 0.0 0.0 0.0 0.5099999904632568 0.0 0.0 0.3100000023841858 0.0 0.09000000357627869 0.0 0.09000000357627869 0.09000000357627869 0.0 0.0 0.11999999731779099 0.0 0.11999999731779099 0.0 0.11999999731779099 0.0 0.11999999731779099 0.0 0.11999999731779099 0.5099999904632568 0.0 0.0 0.3100000023841858 0.0 0.09000000357627869 0.09000000357627869 0.5099999904632568 0.0 0.0 0.3100000023841858 0.0 0.09000000357627869 0.0 0.09000000357627869 0.09000000357627869 0.0 0.0 0.0 0.6200000047683716 0.0 0.0 0.5099999904632568 0.0 0.0 0.3100000023841858 0.0 0.09000000357627869 0.09000000357627869 0.5099999904632568 0.0 0.0 0.3100000023841858 0.0 0.0 0.09000000357627869 0.0 0.09000000357627869 0.09000000357627869 0.0 0.0 0.0 0.11999999731779099 0.0 0.11999999731779099 0.0 0.11999999731779099 0.0 0.11999999731779099 0.0 0.4300000071525574 0.0 0.11999999731779099 0.11999999731779099 0.0 0.09000000357627869 0.0 0.09000000357627869 0.09000000357627869 0.0 0.09000000357627869 0.09000000357627869 0.550000011920929 0.0 0.0 0.3199999928474426 0.30000001192092896 0.5099999904632568 0.0 0.0 0.0 0.0 0.09000000357627869 0.05000000074505806 0.09000000357627869 0.0 0.0 0.0 0.0 0.0 0.0 0.0 0.0 0.09000000357627869 0.0 0.09000000357627869 0.0 0.0 0.09000000357627869 0.09000000357627869 0.0 0.09000000357627869 0.0 0.0 0.4399999976158142 0.6399999856948853 0.0 0.46000000834465027 0.0 0.0 0.0 0.46000000834465027 0.0 0.0 0.0 0.3100000023841858 0.0 0.09000000357627869 0.0 0.09000000357627869 0.0 0.4300000071525574 0.0 0.09000000357627869 0.09000000357627869 0.0 0.0 0.0 0.3100000023841858 0.0 0.09000000357627869 0.0 0.09000000357627869 0.0 0.09000000357627869 0.09000000357627869 0.0 0.0 0.09000000357627869 0.09000000357627869 0.0 0.0 0.0 0.0 0.0 0.09000000357627869 0.0 0.09000000357627869 0.09000000357627869 0.0 0.09000000357627869 0.0 0.09000000357627869 0.09000000357627869 0.0 0.09000000357627869 0.09000000357627869 0.09000000357627869 0.5099999904632568 0.0 0.0 0.0 0.0 0.09000000357627869 0.0 0.09000000357627869 0.09000000357627869 0.6200000047683716 0.0 0.0 0.0 0.0 0.0 0.0 0.0 0.09000000357627869 0.05000000074505806 0.09000000357627869 0.09000000357627869 0.0 0.4300000071525574 0.0 0.0 0.0 0.0 0.0 0.09000000357627869 0.0 0.0 0.0 0.0 0.0 0.0 0.0 0.0 0.0 0.0 0.09000000357627869 0.09000000357627869 0.0 0.0 0.0 0.09000000357627869 0.0 0.0 0.09000000357627869 0.09000000357627869 0.0 0.0 0.0 0.0 0.0 0.0 0.0 0.0 0.09000000357627869 0.0 0.0 0.0 0.0 0.0 0.09000000357627869 0.0 0.0 0.09000000357627869 0.0 0.0 0.0 0.0 0.0 0.0 0.0 0.09000000357627869 0.09000000357627869 0.6200000047683716 0.0 0.0 0.0 0.0 0.0 0.0 0.0 0.09000000357627869 0.0 0.0 0.0 0.0 0.09000000357627869 0.0 0.0 0.0 0.0 0.0 0.0 0.0 0.0 0.3100000023841858 0.0 0.09000000357627869 0.0 0.09000000357627869 0.09000000357627869 0.0 0.09000000357627869 0.09000000357627869 0.0 0.09000000357627869 0.09000000357627869 0.0 0.0 0.05000000074505806 0.0 0.33000001311302185 0.33000001311302185 0.0 0.0 0.0 0.0 0.3100000023841858 0.0 0.09000000357627869 0.0 0.0 0.0 0.1899999976158142 0.12999999523162842 0.0 0.0 0.0 0.0 0.4399999976158142 0.3199999928474426 0.18000000715255737 0.5099999904632568 0.0 0.0 0.0 0.0 0.0 0.0 0.0 0.0 0.0 0.0 0.0 0.11999999731779099 0.0 0.0 0.0 0.11999999731779099 0.5099999904632568 0.0 0.0 0.0 0.0 0.0 0.0 0.46000000834465027 0.46000000834465027 0.0 0.0 0.0 0.09000000357627869 0.0 0.09000000357627869 0.09000000357627869 0.09000000357627869 0.0 0.09000000357627869 0.0 0.0 0.09000000357627869 0.0 0.09000000357627869 0.0 0.0 0.0 0.09000000357627869 0.0 0.4399999976158142 0.0 0.0 0.46000000834465027 0.0 0.0 0.46000000834465027 0.0 0.0 0.3100000023841858 0.5099999904632568 0.0 0.0 0.09000000357627869 0.0 0.09000000357627869 0.09000000357627869 0.0 0.0 0.0 0.0 0.0 0.0 0.0 0.0 0.09000000357627869 0.46000000834465027 0.46000000834465027 0.0 0.0 0.09000000357627869 0.0 0.09000000357627869 0.6200000047683716 0.0 0.5099999904632568 0.0 0.0 0.0 0.0 0.09000000357627869 0.09000000357627869 0.5099999904632568 0.0 0.0 0.0 0.0 0.0 0.0 0.09000000357627869 0.0 0.0 0.0 0.09000000357627869 0.09000000357627869 0.09000000357627869 0.0
27 0.09000000357627869 0.0 0.09000000357627869 0.09000000357627869 0.0 0.09000000357627869 0.09000000357627869 0.0 0.09000000357627869 0.09000000357627869 0.46000000834465027 0.0 0.0 0.0 0.09000000357627869 0.0 0.0 0.09000000357627869 0.09000000357627869 0.09000000357627869 0.0 0.09000000357627869 0.0 0.0 0.0 0.3100000023841858 0.0 0.0 0.0 0.0 0.0 0.0 0.0 0.09000000357627869 0.0 0.09000000357627869 0.09000000357627869 0.6200000047683716 0.0 0.0 0.0 0.0 0.0 0.0 0.0 0.09000000357627869 0.0 0.09000000357627869 0.09000000357627869 0.0 0.09000000357627869 0.09000000357627869 0.550000011920929 0.0 0.0 0.0 0.0 0.5099999904632568 0.0 0.0 0.0 0.0 0.09000000357627869 0.0 0.09000000357627869 0.09000000357627869 0.0 0.0 0.11999999731779099 0.0 0.11999999731779099 0.0 0.0 0.0 0.0 0.0 0.0 0.5099999904632568 0.0 0.0 0.3100000023841858 0.0 0.09000000357627869 0.09000000357627869 0.5099999904632568 0.0 0.0 0.3100000023841858 0.0 0.09000000357627869 0.0 0.09000000357627869 0.09000000357627869 0.0 0.0 0.0 0.6200000047683716 0.0 0.0 0.5099999904632568 0.0 0.0 0.3100000023841858 0.0 0.09000000357627869 0.09000000357627869 0.5099999904632568 0.0 0.0 0.3100000023841858 0.09000000357627869 0.09000000357627869 0.11999999731779099 0.0 0.11999999731779099 0.09000000357627869 0.550000011920929 0.0 0.0 0.3199999928474426 0.30000001192092896 0.0 0.09000000357627869 0.0 0.0 0.4399999976158142 0.6399999856948853 0.0 0.46000000834465027 0.0 0.0 0.0 0.46000000834465027 0.0 0.0 0.0 0.09000000357627869 0.05000000074505806 0.09000000357627869 0.0 0.0 0.0 0.0 0.0 0.09000000357627869 0.0 0.0 0.0 0.0 0.0 0.0 0.0 0.0 0.0 0.0 0.09000000357627869 0.0 0.0 0.0 0.0 0.0 0.09000000357627869 0.0 0.0 0.0 0.09000000357627869 0.0 0.0 0.0 0.09000000357627869 0.6200000047683716 0.0 0.0 0.0 0.0 0.0 0.0 0.09000000357627869 0.0 0.09000000357627869 0.0 0.0 0.0 0.3100000023841858 0.0 0.09000000357627869 0.09000000357627869 0.0 0.09000000357627869 0.0 0.0 0.05000000074505806 0.0 0.33000001311302185 0.0 0.0 0.0 0.3100000023841858 0.0 0.09000000357627869 0.0 0.0 0.0 0.1899999976158142 0.12999999523162842 0.0 0.0 0.0 0.0 0.4399999976158142 0.3199999928474426 0.18000000715255737 0.5099999904632568 0.0 0.0 0.0 0.0 0.0 0.0 0.0 0.11999999731779099 0.0 0.0 0.0 0.11999999731779099 0.0 0.0 0.0 0.0 0.0 0.0 0.0 0.0 0.0 0.0 0.0 0.0 0.0 0.46000000834465027 0.46000000834465027 0.0 0.0 0.0 0.09000000357627869 0.0 0.09000000357627869 0.0 0.0 0.0 0.0 0.0 0.0 0.09000000357627869 0.0 0.09000000357627869 0.09000000357627869 0.09000000357627869 0.0 0.0 0.0 0.3100000023841858 0.0 0.0 0.05000000074505806 0.09000000357627869 0.0 0.5099999904632568 0.0 0.0 0.0 0.0 0.09000000357627869 0.0 0.0 0.09000000357627869 0.0 0.09000000357627869 0.0 0.0 0.0 0.09000000357627869 0.0 0.4399999976158142 0.0 0.0 0.46000000834465027 0.0 0.0 0.46000000834465027 0.0 0.5099999904632568 0.0 0.0 0.3100000023841858 0.0 0.0 0.0 0.09000000357627869 0.09000000357627869 0.0 0.09000000357627869 0.0 0.5099999904632568 0.0 0.0 0.0 0.0 0.09000000357627869 0.0 0.09000000357627869 0.09000000357627869 0.0 0.0 0.0 0.0 0.0 0.0 0.0 0.0 0.11999999731779099 0.0 0.0 0.0 0.0 0.0 0.3100000023841858 0.0 0.0 0.0 0.09000000357627869 0.09000000357627869 0.0 0.0 0.0 0.0 0.0 0.09000000357627869 0.0 0.09000000357627869 0.0 0.0 0.0 0.0 0.0 0.09000000357627869 0.09000000357627869 0.0 0.4399999976158142 0.6399999856948853 0.0 0.46000000834465027 0.46000000834465027 0.0 0.46000000834465027 0.46000000834465027 0.3100000023841858 0.0 0.0
28 0.0 0.09000000357627869 0.6200000047683716 0.0 0.0 0.0 0.0 0.0 0.0 0.0 0.09000000357627869 0.0 0.09000000357627869 0.09000000357627869 0.5099999904632568 0.0 0.0 0.0 0.0 0.09000000357627869 0.0 0.09000000357627869 0.09000000357627869 0.0 0.0 0.11999999731779099 0.0 0.11999999731779099 0.0 0.0 0.0 0.0 0.5099999904632568 0.0 0.0 0.3100000023841858 0.0 0.09000000357627869 0.0 0.09000000357627869 0.09000000357627869 0.0 0.0 0.11999999731779099 0.0 0.11999999731779099 0.0 0.11999999731779099 0.0 0.11999999731779099 0.0 0.11999999731779099 0.5099999904632568 0.0 0.0 0.3100000023841858 0.0 0.09000000357627869 0.0 0.09000000357627869 0.09000000357627869 0.0 0.0 0.0 0.6200000047683716 0.0 0.0 0.5099999904632568 0.0 0.0 0.3100000023841858 0.0 0.09000000357627869 0.09000000357627869 0.5099999904632568 0.0 0.0 0.3100000023841858 0.0 0.0 0.0 0.09000000357627869 0.0 0.09000000357627869 0.0 0.09000000357627869 0.0 0.09000000357627869 0.09000000357627869 0.09000000357627869 0.5099999904632568 0.0 0.0 0.0 0.0 0.11999999731779099 0.0 0.11999999731779099 0.0 0.11999999731779099 0.0 0.11999999731779099 0.11999999731779099 0.550000011920929 0.0 0.0 0.3199999928474426 0.30000001192092896 0.0 0.09000000357627869 0.0 0.0 0.4399999976158142 0.6399999856948853 0.0 0.46000000834465027 0.0 0.0 0.0 0.46000000834465027 0.0 0.09000000357627869 0.0 0.0 0.05000000074505806 0.33000001311302185 0.0 0.09000000357627869 0.0 0.0 0.0 0.1899999976158142 0.12999999523162842 0.0 0.0 0.0 0.0 0.4399999976158142 0.3199999928474426 0.18000000715255737 0.0 0.0 0.0 0.11999999731779099 0.0 0.11999999731779099 0.0 0.0 0.0 0.0 0.0 0.0 0.0 0.0 0.0 0.0 0.4399999976158142 0.0 0.46000000834465027 0.46000000834465027 0.0 0.0 0.0 0.0 0.09000000357627869 0.0 0.09000000357627869 0.09000000357627869 0.0 0.0 0.0 0.5099999904632568 0.0 0.3100000023841858 0.0 0.09000000357627869 0.0 0.0 0.0 0.0 0.09000000357627869 0.0 0.09000000357627869 0.09000000357627869 0.1899999976158142 0.12999999523162842 0.1899999976158142 0.0 0.4399999976158142 0.0 0.4399999976158142 0.3199999928474426 0.18000000715255737 0.5099999904632568 0.0 0.0 0.0 0.0 0.09000000357627869 0.0 0.0 0.0 0.3100000023841858 0.0 0.0 0.0 0.0 0.0 0.0 0.0 0.09000000357627869 0.0 0.09000000357627869 0.0 0.0 0.0 0.0 0.0 0.0 0.09000000357627869 0.0 0.09000000357627869 0.09000000357627869 0.09000000357627869 0.0 0.0 0.0 0.3100000023841858 0.0 0.0 0.05000000074505806 0.09000000357627869 0.09000000357627869 0.0 0.4300000071525574 0.5099999904632568 0.0 0.0 0.0 0.0 0.09000000357627869 0.0 0.0 0.09000000357627869 0.0 0.09000000357627869 0.0 0.0 0.0 0.09000000357627869 0.0 0.4399999976158142 0.0 0.0 0.46000000834465027 0.0 0.0 0.46000000834465027 0.0 0.5099999904632568 0.0 0.0 0.3100000023841858 0.0 0.0 0.0 0.09000000357627869 0.5099999904632568 0.0 0.0 0.0 0.09000000357627869 0.0
29 0.0 0.0 0.0 0.09000000357627869 0.0 0.09000000357627869 0.09000000357627869 0.6200000047683716 0.0 0.0 0.0 0.0 0.0 0.0 0.0 0.09000000357627869 0.0 0.09000000357627869 0.09000000357627869 0.5099999904632568 0.0 0.0 0.0 0.0 0.09000000357627869 0.0 0.09000000357627869 0.09000000357627869 0.0 0.0 0.11999999731779099 0.0 0.11999999731779099 0.0 0.0 0.0 0.0 0.0 0.0 0.5099999904632568 0.0 0.0 0.3100000023841858 0.0 0.09000000357627869 0.0 0.09000000357627869 0.09000000357627869 0.0 0.0 0.11999999731779099 0.0 0.11999999731779099 0.0 0.11999999731779099 0.0 0.11999999731779099 0.0 0.11999999731779099 0.5099999904632568 0.0 0.0 0.3100000023841858 0.0 0.09000000357627869 0.09000000357627869 0.5099999904632568 0.0 0.0 0.3100000023841858 0.0 0.09000000357627869 0.09000000357627869 0.5099999904632568 0.0 0.0 0.3100000023841858 0.0 0.0 0.0 0.09000000357627869 0.0 0.0 0.09000000357627869 0.0 0.09000000357627869 0.09000000357627869 0.09000000357627869 0.0 0.09000000357627869 0.09000000357627869 0.09000000357627869 0.5099999904632568 0.0 0.0 0.0 0.0 0.09000000357627869 0.0 0.0 0.09000000357627869 0.0 0.0 0.11999999731779099 0.0 0.11999999731779099 0.0 0.11999999731779099 0.0 0.11999999731779099 0.0 0.11999999731779099 0.0 0.0 0.0 0.3100000023841858 0.0 0.11999999731779099 0.10999999940395355 0.0 0.4300000071525574 0.0 0.11999999731779099 0.0 0.0 0.0 0.09000000357627869 0.6200000047683716 0.0 0.0 0.0 0.09000000357627869 0.0 0.09000000357627869 0.09000000357627869 0.11999999731779099 0.0 0.09000000357627869 0.0 0.09000000357627869 0.09000000357627869 0.0 0.09000000357627869 0.09000000357627869 0.550000011920929 0.0 0.0 0.3199999928474426 0.30000001192092896 0.5099999904632568 0.0 0.0 0.0 0.0 0.09000000357627869 0.0 0.09000000357627869 0.0 0.0 0.09000000357627869 0.09000000357627869 0.0 0.09000000357627869 0.0 0.0 0.4399999976158142 0.6399999856948853 0.0 0.46000000834465027 0.0 0.0 0.0 0.46000000834465027 0.0 0.5099999904632568 0.0 0.0 0.0 0.0 0.09000000357627869 0.0 0.09000000357627869 0.09000000357627869 0.6200000047683716 0.0 0.0 0.0 0.0 0.0 0.0 0.0 0.09000000357627869 0.05000000074505806 0.09000000357627869 0.09000000357627869 0.0 0.0 0.0 0.0 0.0 0.0 0.09000000357627869 0.0 0.0 0.0 0.09000000357627869 0.6200000047683716 0.0 0.0 0.09000000357627869 0.0 0.0 0.3100000023841858 0.0 0.09000000357627869 0.0 0.09000000357627869 0.09000000357627869 0.0 0.09000000357627869 0.09000000357627869 0.0 0.09000000357627869 0.09000000357627869 0.0 0.0 0.05000000074505806 0.0 0.33000001311302185 0.33000001311302185 0.0 0.0 0.0 0.0 0.3100000023841858 0.0 0.09000000357627869 0.0 0.0 0.0 0.1899999976158142 0.12999999523162842 0.0 0.0 0.0 0.0 0.4399999976158142 0.3199999928474426 0.18000000715255737 0.5099999904632568 0.0 0.0 0.0 0.0 0.11999999731779099 0.0 0.0 0.11999999731779099 0.0 0.0 0.0 0.0 0.0 0.4399999976158142 0.6399999856948853 0.0 0.46000000834465027 0.46000000834465027 0.0 0.0 0.0 0.09000000357627869 0.0 0.09000000357627869 0.09000000357627869 0.0 0.0 0.0 0.5099999904632568 0.0 0.3100000023841858 0.0 0.0 0.09000000357627869 0.09000000357627869 0.6200000047683716 0.0 0.0 0.0 0.0 0.0 0.0 0.09000000357627869 0.0 0.09000000357627869 0.09000000357627869 0.1899999976158142 0.12999999523162842 0.1899999976158142 0.0 0.4399999976158142 0.0 0.4399999976158142 0.3199999928474426 0.18000000715255737 0.5099999904632568 0.0 0.0 0.0 0.0 0.0 0.0 0.0 0.0 0.09000000357627869 0.0 0.09000000357627869 0.0 0.0 0.0 0.0 0.0 0.0 0.09000000357627869 0.0 0.09000000357627869 0.09000000357627869 0.09000000357627869 0.0 0.0 0.0 0.3100000023841858 0.5099999904632568 0.0 0.0 0.0 0.09000000357627869 0.0 0.0 0.09000000357627869 0.0 0.09000000357627869 0.0 0.0 0.0 0.09000000357627869 0.0 0.4399999976158142 0.0 0.0 0.46000000834465027 0.0 0.0 0.46000000834465027 0.0 0.3100000023841858
3 0.0 0.33000001311302185 0.33000001311302185 0.33000001311302185 0.0 0.10000000149011612 0.0 0.09000000357627869 0.09000000357627869 0.0 0.09000000357627869 0.09000000357627869 0.0 0.0 0.09000000357627869 0.09000000357627869 0.09000000357627869 0.5099999904632568 0.0 0.0 0.3100000023841858 0.0 0.09000000357627869 0.0 0.09000000357627869 0.09000000357627869 0.6200000047683716 0.0 0.0 0.0 0.0 0.0 0.3100000023841858 0.07000000029802322 0.09000000357627869 0.0 0.09000000357627869 0.09000000357627869 0.09000000357627869 0.0 0.0 0.0 0.3100000023841858 0.0 0.09000000357627869 0.0 0.09000000357627869 0.0 0.09000000357627869 0.09000000357627869 0.09000000357627869 0.0 0.09000000357627869 0.09000000357627869 0.0 0.09000000357627869 0.09000000357627869 0.09000000357627869 0.0 0.0 0.0 0.3100000023841858 0.07000000029802322 0.09000000357627869 0.0 0.09000000357627869 0.09000000357627869 0.0 0.09000000357627869 0.09000000357627869 0.550000011920929 0.0 0.0 0.30000001192092896 0.0 0.0 0.0 0.3100000023841858 0.0 0.09000000357627869 0.0 0.09000000357627869 0.1899999976158142 0.12999999523162842 0.1899999976158142 0.0 0.4399999976158142 0.0 0.3199999928474426 0.18000000715255737 0.09000000357627869
30 0.0 0.09000000357627869 0.0 0.09000000357627869 0.09000000357627869 0.0 0.0 0.11999999731779099 0.0 0.11999999731779099 0.0 0.0 0.5099999904632568 0.0 0.0 0.3100000023841858 0.0 0.09000000357627869 0.0 0.09000000357627869 0.09000000357627869 0.5099999904632568 0.0 0.0 0.3100000023841858 0.0 0.09000000357627869 0.09000000357627869 0.5099999904632568 0.0 0.0 0.3100000023841858 0.0 0.09000000357627869 0.0 0.09000000357627869 0.09000000357627869 0.0 0.0 0.0 0.6200000047683716 0.0 0.0 0.5099999904632568 0.0 0.0 0.3100000023841858 0.0 0.0 0.0 0.09000000357627869 0.0 0.0 0.09000000357627869 0.0 0.09000000357627869 0.09000000357627869 0.09000000357627869 0.0 0.09000000357627869 0.09000000357627869 0.09000000357627869 0.5099999904632568 0.0 0.0 0.0 0.0 0.09000000357627869 0.0 0.0 0.09000000357627869 0.0 0.0 0.11999999731779099 0.0 0.11999999731779099 0.0 0.11999999731779099 0.0 0.11999999731779099 0.0 0.11999999731779099 0.0 0.0 0.0 0.3100000023841858 0.0 0.09000000357627869 0.0 0.09000000357627869 0.09000000357627869 0.0 0.0 0.0 0.0 0.0 0.0 0.0 0.0 0.11999999731779099 0.0 0.11999999731779099 0.10999999940395355 0.0 0.4300000071525574 0.0 0.11999999731779099 0.0 0.11999999731779099 0.0 0.0 0.0 0.0 0.09000000357627869 0.0 0.0 0.09000000357627869 0.6200000047683716 0.0 0.0 0.0 0.0 0.0 0.0 0.0 0.09000000357627869 0.0 0.09000000357627869 0.0 0.0 0.0 0.09000000357627869 0.09000000357627869 0.09000000357627869 0.0 0.09000000357627869 0.09000000357627869 0.09000000357627869 0.0 0.09000000357627869 0.0 0.09000000357627869 0.0 0.09000000357627869 0.09000000357627869 0.550000011920929 0.0 0.0 0.3199999928474426 0.30000001192092896 0.0 0.0 0.09000000357627869 0.09000000357627869 0.0 0.09000000357627869 0.0 0.0 0.4399999976158142 0.6399999856948853 0.0 0.46000000834465027 0.0 0.0 0.0 0.46000000834465027 0.6200000047683716 0.0 0.0 0.0 0.0 0.0 0.05000000074505806 0.0 0.33000001311302185 0.0 0.0 0.1899999976158142 0.12999999523162842 0.0 0.0 0.0 0.0 0.4399999976158142 0.3199999928474426 0.18000000715255737 0.46000000834465027 0.0 0.0 0.0 0.09000000357627869 0.0 0.09000000357627869 0.09000000357627869 0.0 0.0 0.0 0.5099999904632568 0.0 0.0 0.3100000023841858 0.0 0.09000000357627869 0.0 0.09000000357627869 0.09000000357627869 0.6200000047683716 0.0 0.0 0.0 0.0 0.0 0.0 0.0 0.09000000357627869 0.0 0.09000000357627869 0.09000000357627869 0.1899999976158142 0.12999999523162842 0.1899999976158142 0.0 0.4399999976158142 0.0 0.4399999976158142 0.3199999928474426 0.18000000715255737 0.5099999904632568 0.0 0.0 0.0 0.0 0.09000000357627869 0.09000000357627869 0.0 0.0 0.0 0.3100000023841858 0.0 0.0 0.0 0.0 0.0 0.09000000357627869 0.0 0.09000000357627869 0.0 0.0 0.0 0.0 0.0 0.0 0.09000000357627869 0.0 0.09000000357627869 0.09000000357627869 0.09000000357627869 0.0 0.09000000357627869 0.0 0.0 0.0 0.09000000357627869 0.0 0.4399999976158142 0.0 0.0 0.46000000834465027 0.0 0.0 0.46000000834465027 0.0
31 0.0 0.0 0.09000000357627869 0.09000000357627869 0.5099999904632568 0.0 0.09000000357627869 0.5099999904632568 0.0 0.3100000023841858 0.0 0.09000000357627869 0.09000000357627869 0.5099999904632568 0.0 0.0 0.3100000023841858 0.0 0.09000000357627869 0.0 0.09000000357627869 0.09000000357627869 0.0 0.0 0.0 0.6200000047683716 0.0 0.0 0.5099999904632568 0.0 0.0 0.3100000023841858 0.0 0.09000000357627869 0.09000000357627869 0.5099999904632568 0.0 0.0 0.0 0.0 0.09000000357627869 0.0 0.0 0.09000000357627869 0.0 0.0 0.11999999731779099 0.0 0.11999999731779099 0.0 0.11999999731779099 0.0 0.11999999731779099 0.0 0.11999999731779099 0.0 0.0 0.0 0.3100000023841858 0.0 0.09000000357627869 0.0 0.09000000357627869 0.09000000357627869 0.0 0.09000000357627869 0.09000000357627869 0.6200000047683716 0.0 0.0 0.0 0.0 0.0 0.0 0.0 0.0 0.0 0.09000000357627869 0.09000000357627869 0.0 0.0 0.11999999731779099 0.0 0.11999999731779099 0.10999999940395355 0.0 0.4300000071525574 0.0 0.11999999731779099 0.0 0.11999999731779099 0.0 0.0 0.0 0.0 0.0 0.09000000357627869 0.0 0.0 0.09000000357627869 0.6200000047683716 0.0 0.0 0.0 0.0 0.0 0.0 0.0 0.09000000357627869 0.0 0.09000000357627869 0.09000000357627869 0.0 0.0 0.0 0.09000000357627869 0.09000000357627869 0.09000000357627869 0.0 0.09000000357627869 0.09000000357627869 0.09000000357627869 0.5099999904632568 0.0 0.0 0.0 0.0 0.09000000357627869 0.0 0.0 0.0 0.0 0.09000000357627869 0.09000000357627869 0.5099999904632568 0.0 0.0 0.09000000357627869 0.09000000357627869 0.09000000357627869 0.0 0.0 0.09000000357627869 0.09000000357627869 0.0 0.09000000357627869 0.0 0.09000000357627869 0.09000000357627869 0.0 0.09000000357627869 0.09000000357627869 0.0 0.0 0.0 0.0 0.0 0.0 0.0 0.09000000357627869 0.0 0.0 0.11999999731779099 0.0 0.11999999731779099 0.10999999940395355 0.0 0.4300000071525574 0.0 0.11999999731779099 0.0 0.11999999731779099 0.5099999904632568 0.0 0.0 0.09000000357627869 0.09000000357627869 0.5099999904632568 0.0 0.0 0.0 0.09000000357627869 0.0 0.09000000357627869 0.09000000357627869 0.0 0.09000000357627869 0.09000000357627869 0.550000011920929 0.0 0.0 0.3199999928474426 0.30000001192092896 0.5099999904632568 0.0 0.09000000357627869 0.11999999731779099 0.0 0.09000000357627869 0.09000000357627869 0.0 0.09000000357627869 0.0 0.0 0.4399999976158142 0.6399999856948853 0.0 0.46000000834465027 0.0 0.0 0.0 0.46000000834465027 0.0 0.0 0.0 0.0 0.0 0.0 0.09000000357627869 0.09000000357627869 0.0 0.0 0.0 0.0 0.0 0.09000000357627869 0.0 0.09000000357627869 0.09000000357627869 0.1899999976158142 0.12999999523162842 0.1899999976158142 0.0 0.4399999976158142 0.0 0.4399999976158142 0.3199999928474426 0.18000000715255737 0.5099999904632568 0.0 0.0 0.0 0.09000000357627869 0.0 0.09000000357627869 0.09000000357627869 0.09000000357627869 0.0 0.46000000834465027 0.0
32 0.09000000357627869 0.6200000047683716 0.0 0.0 0.0 0.0 0.09000000357627869 0.0 0.09000000357627869 0.09000000357627869 0.0 0.0 0.11999999731779099 0.0 0.11999999731779099 0.0 0.0 0.0 0.0 0.0 0.0 0.5099999904632568 0.0 0.5099999904632568 0.0 0.0 0.3100000023841858 0.0 0.09000000357627869 0.0 0.09000000357627869 0.09000000357627869 0.0 0.0 0.0 0.6200000047683716 0.0 0.0 0.5099999904632568 0.0 0.0 0.3100000023841858 0.0 0.09000000357627869 0.09000000357627869 0.5099999904632568 0.0 0.0 0.3100000023841858 0.0 0.0 0.0 0.09000000357627869 0.0 0.0 0.09000000357627869 0.0 0.09000000357627869 0.09000000357627869 0.09000000357627869 0.0 0.09000000357627869 0.09000000357627869 0.09000000357627869 0.5099999904632568 0.0 0.0 0.3100000023841858 0.0 0.09000000357627869 0.0 0.09000000357627869 0.09000000357627869 0.0 0.09000000357627869 0.09000000357627869 0.6200000047683716 0.0 0.0 0.0 0.0 0.0 0.0 0.0 0.0 0.0 0.09000000357627869 0.09000000357627869 0.0 0.0 0.11999999731779099 0.0 0.11999999731779099 0.10999999940395355 0.0 0.4300000071525574 0.0 0.11999999731779099 0.0 0.11999999731779099 0.0 0.0 0.0 0.0 0.0 0.09000000357627869 0.0 0.0 0.09000000357627869 0.6200000047683716 0.0 0.0 0.0 0.0 0.0 0.0 0.0 0.09000000357627869 0.0 0.09000000357627869 0.09000000357627869 0.0 0.0 0.0 0.09000000357627869 0.09000000357627869 0.09000000357627869 0.0 0.09000000357627869 0.09000000357627869 0.09000000357627869 0.5099999904632568 0.0 0.0 0.0 0.0 0.09000000357627869 0.0 0.0 0.09000000357627869 0.0 0.0 0.0 0.09000000357627869 0.09000000357627869 0.09000000357627869 0.0 0.09000000357627869 0.09000000357627869 0.09000000357627869 0.5099999904632568 0.0 0.0 0.0 0.09000000357627869 0.09000000357627869 0.09000000357627869 0.09000000357627869 0.0 0.09000000357627869 0.09000000357627869 0.0 0.09000000357627869 0.09000000357627869 0.0 0.09000000357627869 0.5099999904632568 0.0 0.0 0.0 0.0 0.09000000357627869 0.0 0.09000000357627869 0.09000000357627869 0.0 0.09000000357627869 0.09000000357627869 0.550000011920929 0.0 0.0 0.3199999928474426 0.30000001192092896 0.5099999904632568 0.0 0.0 0.09000000357627869 0.0 0.0 0.0 0.09000000357627869 0.0 0.09000000357627869 0.09000000357627869 0.0 0.0 0.11999999731779099 0.0 0.0 0.0 0.11999999731779099 0.0 0.11999999731779099 0.0 0.0 0.0 0.0 0.0 0.09000000357627869 0.0 0.09000000357627869 0.0 0.0 0.09000000357627869 0.09000000357627869 0.0 0.09000000357627869 0.0 0.0 0.4399999976158142 0.6399999856948853 0.0 0.46000000834465027 0.0 0.0 0.0 0.46000000834465027 0.0 0.0 0.0 0.3100000023841858 0.0 0.0 0.09000000357627869 0.0 0.4300000071525574 0.0 0.0 0.5099999904632568 0.0 0.0 0.0 0.0 0.09000000357627869 0.0 0.09000000357627869 0.09000000357627869 0.6200000047683716 0.0 0.0 0.0 0.0 0.0 0.0 0.0 0.09000000357627869 0.05000000074505806 0.09000000357627869 0.09000000357627869 0.0 0.0 0.0 0.0 0.09000000357627869 0.0 0.09000000357627869 0.09000000357627869 0.0 0.0 0.05000000074505806 0.0 0.33000001311302185 0.33000001311302185 0.0 0.1899999976158142 0.0 0.0 0.0 0.0 0.4399999976158142 0.3199999928474426 0.18000000715255737 0.09000000357627869 0.0 0.0 0.0 0.3100000023841858 0.0 0.09000000357627869 0.0 0.09000000357627869 0.09000000357627869 0.6200000047683716 0.0 0.0 0.0 0.0 0.0 0.0 0.0 0.09000000357627869 0.0 0.09000000357627869 0.09000000357627869 0.1899999976158142 0.12999999523162842 0.1899999976158142 0.0 0.4399999976158142 0.0 0.4399999976158142 0.3199999928474426 0.18000000715255737 0.09000000357627869 0.0 0.46000000834465027 0.0
33 0.09000000357627869 0.5099999904632568 0.0 0.3100000023841858 0.0 0.09000000357627869 0.09000000357627869 0.5099999904632568 0.0 0.0 0.3100000023841858 0.0 0.0 0.0 0.09000000357627869 0.0 0.0 0.09000000357627869 0.0 0.09000000357627869 0.09000000357627869 0.09000000357627869 0.0 0.09000000357627869 0.09000000357627869 0.09000000357627869 0.5099999904632568 0.0 0.0 0.0 0.0 0.09000000357627869 0.0 0.0 0.09000000357627869 0.0 0.0 0.11999999731779099 0.0 0.11999999731779099 0.0 0.11999999731779099 0.0 0.11999999731779099 0.0 0.11999999731779099 0.0 0.0 0.0 0.0 0.0 0.0 0.0 0.09000000357627869 0.09000000357627869 0.0 0.0 0.11999999731779099 0.0 0.11999999731779099 0.10999999940395355 0.0 0.4300000071525574 0.0 0.11999999731779099 0.0 0.11999999731779099 0.0 0.0 0.0 0.0 0.0 0.09000000357627869 0.0 0.0 0.09000000357627869 0.6200000047683716 0.0 0.0 0.0 0.0 0.0 0.0 0.0 0.09000000357627869 0.0 0.09000000357627869 0.09000000357627869 0.0 0.0 0.0 0.09000000357627869 0.09000000357627869 0.09000000357627869 0.0 0.09000000357627869 0.09000000357627869 0.09000000357627869 0.5099999904632568 0.0 0.0 0.0 0.0 0.09000000357627869 0.0 0.0 0.09000000357627869 0.0 0.0 0.0 0.09000000357627869 0.09000000357627869 0.09000000357627869 0.0 0.09000000357627869 0.09000000357627869 0.09000000357627869 0.5099999904632568 0.0 0.0 0.0 0.09000000357627869 0.09000000357627869 0.0 0.09000000357627869 0.0 0.09000000357627869 0.09000000357627869 0.0 0.09000000357627869 0.09000000357627869 0.0 0.0 0.0 0.0 0.0 0.0 0.09000000357627869 0.0 0.11999999731779099 0.11999999731779099 0.5099999904632568 0.0 0.0 0.0 0.0 0.09000000357627869 0.09000000357627869 0.0 0.09000000357627869 0.0 0.09000000357627869 0.09000000357627869 0.09000000357627869 0.0 0.09000000357627869 0.5099999904632568 0.0 0.0 0.05000000074505806 0.09000000357627869 0.09000000357627869 0.09000000357627869 0.09000000357627869 0.0 0.11999999731779099 0.0 0.11999999731779099 0.0 0.0 0.46000000834465027 0.09000000357627869 0.09000000357627869 0.09000000357627869 0.0 0.09000000357627869 0.1899999976158142 0.12999999523162842 0.1899999976158142 0.0 0.4399999976158142 0.0 0.4399999976158142 0.3199999928474426 0.18000000715255737
34 0.09000000357627869 0.09000000357627869 0.0 0.0 0.0 0.0 0.0 0.09000000357627869 0.09000000357627869 0.0 0.0 0.0 0.6200000047683716 0.0 0.0 0.5099999904632568 0.0 0.0 0.3100000023841858 0.0 0.09000000357627869 0.5099999904632568 0.0 0.0 0.3100000023841858 0.0 0.0 0.0 0.09000000357627869 0.0 0.0 0.09000000357627869 0.0 0.09000000357627869 0.09000000357627869 0.09000000357627869 0.0 0.09000000357627869 0.09000000357627869 0.09000000357627869 0.5099999904632568 0.0 0.0 0.0 0.0 0.09000000357627869 0.0 0.0 0.09000000357627869 0.0 0.0 0.11999999731779099 0.0 0.11999999731779099 0.0 0.11999999731779099 0.0 0.11999999731779099 0.0 0.11999999731779099 0.0 0.0 0.0 0.3100000023841858 0.0 0.09000000357627869 0.0 0.09000000357627869 0.09000000357627869 0.0 0.09000000357627869 0.09000000357627869 0.6200000047683716 0.0 0.0 0.0 0.0 0.0 0.0 0.0 0.09000000357627869 0.0 0.0 0.09000000357627869 0.6200000047683716 0.0 0.0 0.0 0.0 0.0 0.0 0.0 0.09000000357627869 0.0 0.09000000357627869 0.09000000357627869 0.0 0.0 0.0 0.09000000357627869 0.09000000357627869 0.09000000357627869 0.0 0.09000000357627869 0.09000000357627869 0.09000000357627869 0.5099999904632568 0.0 0.0 0.0 0.0 0.09000000357627869 0.0 0.0 0.09000000357627869 0.0 0.0 0.0 0.09000000357627869 0.09000000357627869 0.09000000357627869 0.0 0.09000000357627869 0.09000000357627869 0.09000000357627869 0.5099999904632568 0.0 0.0 0.0 0.09000000357627869 0.09000000357627869 0.0 0.09000000357627869 0.0 0.09000000357627869 0.09000000357627869 0.0 0.09000000357627869 0.09000000357627869 0.0 0.0 0.0 0.0 0.0 0.09000000357627869 0.0 0.09000000357627869 0.09000000357627869 0.0 0.0 0.11999999731779099 0.5099999904632568 0.0 0.0 0.0 0.0 0.09000000357627869 0.0 0.09000000357627869 0.09000000357627869 0.0 0.09000000357627869 0.0 0.09000000357627869 0.09000000357627869 0.09000000357627869 0.0 0.09000000357627869 0.09000000357627869 0.09000000357627869 0.5099999904632568 0.0 0.0 0.0 0.0 0.09000000357627869 0.05000000074505806 0.09000000357627869 0.09000000357627869 0.0 0.4300000071525574 0.5099999904632568 0.0 0.0 0.3100000023841858 0.0 0.09000000357627869 0.0 0.09000000357627869 0.0 0.09000000357627869 0.09000000357627869 0.0 0.09000000357627869 0.0 0.0 0.0 0.0 0.0 0.0 0.0 0.0 0.0 0.0 0.0 0.0 0.09000000357627869 0.09000000357627869 0.0 0.09000000357627869 0.09000000357627869 0.0 0.09000000357627869 0.09000000357627869 0.0 0.4399999976158142 0.6399999856948853 0.0 0.46000000834465027 0.46000000834465027 0.0 0.46000000834465027 0.5099999904632568 0.0 0.0 0.0 0.0 0.09000000357627869 0.0 0.09000000357627869 0.09000000357627869 0.0 0.09000000357627869 0.09000000357627869 0.550000011920929 0.0 0.0 0.3199999928474426 0.30000001192092896 0.5099999904632568 0.0 0.0 0.0 0.0 0.09000000357627869 0.0 0.0 0.0 0.0 0.0 0.09000000357627869 0.0 0.0 0.09000000357627869 0.09000000357627869 0.09000000357627869 0.0 0.0 0.0 0.0 0.0 0.09000000357627869 0.0 0.09000000357627869 0.09000000357627869 0.0 0.0 0.11999999731779099 0.0 0.11999999731779099 0.0 0.11999999731779099 0.0 0.11999999731779099 0.0 0.11999999731779099 0.0 0.0 0.0 0.0 0.0 0.09000000357627869 0.0 0.09000000357627869 0.0 0.0 0.09000000357627869 0.09000000357627869 0.0 0.09000000357627869 0.0 0.0 0.4399999976158142 0.6399999856948853 0.0 0.46000000834465027 0.0 0.0 0.0 0.46000000834465027 0.0 0.0 0.0 0.3100000023841858 0.0 0.09000000357627869 0.0 0.09000000357627869 0.0 0.4300000071525574 0.0 0.0 0.0 0.0 0.0 0.09000000357627869 0.0 0.09000000357627869 0.09000000357627869 0.6200000047683716 0.0 0.0 0.0 0.0 0.0 0.0 0.0 0.09000000357627869 0.09000000357627869 0.33000001311302185 0.1899999976158142 0.12999999523162842 0.0 0.4399999976158142 0.3199999928474426 0.18000000715255737
35 0.09000000357627869 0.09000000357627869 0.0 0.3100000023841858 0.0 0.09000000357627869 0.0 0.09000000357627869 0.09000000357627869 0.0 0.0 0.0 0.6200000047683716 0.0 0.5099999904632568 0.0 0.0 0.3100000023841858 0.0 0.09000000357627869 0.09000000357627869 0.5099999904632568 0.0 0.0 0.3100000023841858 0.0 0.0 0.0 0.09000000357627869 0.0 0.0 0.09000000357627869 0.0 0.09000000357627869 0.09000000357627869 0.09000000357627869 0.0 0.09000000357627869 0.09000000357627869 0.09000000357627869 0.5099999904632568 0.0 0.0 0.0 0.0 0.09000000357627869 0.0 0.0 0.09000000357627869 0.0 0.0 0.11999999731779099 0.0 0.11999999731779099 0.0 0.11999999731779099 0.0 0.11999999731779099 0.0 0.11999999731779099 0.0 0.0 0.0 0.3100000023841858 0.0 0.09000000357627869 0.0 0.09000000357627869 0.09000000357627869 0.0 0.09000000357627869 0.09000000357627869 0.6200000047683716 0.0 0.0 0.0 0.0 0.0 0.0 0.0 0.0 0.0 0.09000000357627869 0.09000000357627869 0.0 0.0 0.11999999731779099 0.0 0.11999999731779099 0.10999999940395355 0.0 0.4300000071525574 0.0 0.11999999731779099 0.0 0.11999999731779099 0.0 0.0 0.0 0.0 0.0 0.09000000357627869 0.0 0.09000000357627869 0.09000000357627869 0.0 0.0 0.0 0.09000000357627869 0.09000000357627869 0.09000000357627869 0.0 0.09000000357627869 0.09000000357627869 0.09000000357627869 0.5099999904632568 0.0 0.0 0.0 0.0 0.09000000357627869 0.0 0.0 0.09000000357627869 0.0 0.0 0.0 0.09000000357627869 0.09000000357627869 0.09000000357627869 0.0 0.09000000357627869 0.09000000357627869 0.09000000357627869 0.5099999904632568 0.0 0.0 0.0 0.09000000357627869 0.09000000357627869 0.0 0.09000000357627869 0.0 0.09000000357627869 0.09000000357627869 0.0 0.09000000357627869 0.09000000357627869 0.0 0.0 0.0 0.0 0.0 0.09000000357627869 0.09000000357627869 0.11999999731779099 0.5099999904632568 0.0 0.0 0.0 0.09000000357627869 0.0 0.09000000357627869 0.09000000357627869 0.0 0.09000000357627869 0.0 0.09000000357627869 0.09000000357627869 0.09000000357627869 0.0 0.09000000357627869 0.09000000357627869 0.09000000357627869 0.5099999904632568 0.0 0.0 0.0 0.0 0.09000000357627869 0.05000000074505806 0.09000000357627869 0.09000000357627869 0.0 0.4300000071525574 0.5099999904632568 0.0 0.0 0.3100000023841858 0.0 0.0 0.09000000357627869 0.0 0.0 0.0 0.0 0.09000000357627869 0.09000000357627869 0.0 0.09000000357627869 0.0 0.09000000357627869 0.09000000357627869 0.0 0.09000000357627869 0.09000000357627869 0.0 0.0 0.0 0.0 0.0 0.0 0.0 0.0 0.0 0.11999999731779099 0.0 0.11999999731779099 0.10999999940395355 0.0 0.0 0.0 0.5099999904632568 0.0 0.0 0.0 0.0 0.0 0.0 0.0 0.0 0.0 0.0 0.0 0.09000000357627869 0.09000000357627869 0.0 0.09000000357627869 0.09000000357627869 0.0 0.09000000357627869 0.09000000357627869 0.0 0.4399999976158142 0.6399999856948853 0.0 0.46000000834465027 0.46000000834465027 0.0 0.5099999904632568 0.0 0.0 0.0 0.0 0.09000000357627869 0.0 0.09000000357627869 0.09000000357627869 0.0 0.09000000357627869 0.09000000357627869 0.550000011920929 0.0 0.0 0.3199999928474426 0.30000001192092896 0.5099999904632568 0.0 0.0 0.0 0.0 0.09000000357627869 0.0 0.0 0.0 0.0 0.0 0.0 0.0 0.0 0.0 0.0 0.0 0.09000000357627869 0.0 0.09000000357627869 0.09000000357627869 0.0 0.0 0.11999999731779099 0.0 0.11999999731779099 0.0 0.11999999731779099 0.0 0.11999999731779099 0.0 0.11999999731779099 0.0 0.0 0.0 0.0 0.0 0.09000000357627869 0.0 0.09000000357627869 0.0 0.0 0.09000000357627869 0.09000000357627869 0.0 0.09000000357627869 0.0 0.0 0.4399999976158142 0.6399999856948853 0.0 0.46000000834465027 0.0 0.0 0.0 0.46000000834465027 0.0 0.6200000047683716 0.0 0.1899999976158142 0.12999999523162842 0.0 0.4399999976158142 0.0 0.3199999928474426 0.18000000715255737
36 0.5099999904632568 0.0 0.0 0.3100000023841858 0.0 0.09000000357627869 0.09000000357627869 0.5099999904632568 0.0 0.0 0.3100000023841858 0.0 0.0 0.0 0.09000000357627869 0.0 0.0 0.09000000357627869 0.0 0.09000000357627869 0.09000000357627869 0.09000000357627869 0.0 0.09000000357627869 0.09000000357627869 0.09000000357627869 0.5099999904632568 0.0 0.0 0.0 0.0 0.09000000357627869 0.0 0.0 0.09000000357627869 0.0 0.0 0.11999999731779099 0.0 0.0 0.0 0.11999999731779099 0.0 0.11999999731779099 0.0 0.0 0.0 0.3100000023841858 0.0 0.09000000357627869 0.0 0.09000000357627869 0.09000000357627869 0.0 0.09000000357627869 0.09000000357627869 0.6200000047683716 0.0 0.0 0.0 0.0 0.0 0.0 0.0 0.0 0.0 0.09000000357627869 0.09000000357627869 0.0 0.0 0.11999999731779099 0.0 0.11999999731779099 0.10999999940395355 0.0 0.4300000071525574 0.0 0.11999999731779099 0.0 0.11999999731779099 0.0 0.0 0.0 0.0 0.0 0.09000000357627869 0.0 0.0 0.09000000357627869 0.6200000047683716 0.0 0.0 0.0 0.0 0.0 0.0 0.0 0.09000000357627869 0.0 0.0 0.09000000357627869 0.0 0.0 0.0 0.09000000357627869 0.09000000357627869 0.09000000357627869 0.0 0.09000000357627869 0.09000000357627869 0.09000000357627869 0.5099999904632568 0.0 0.0 0.0 0.09000000357627869 0.09000000357627869 0.0 0.09000000357627869 0.0 0.09000000357627869 0.09000000357627869 0.0 0.09000000357627869 0.09000000357627869 0.0 0.0 0.0 0.0 0.0 0.09000000357627869 0.0 0.09000000357627869 0.09000000357627869 0.0 0.0 0.11999999731779099 0.0 0.0 0.11999999731779099 0.0 0.11999999731779099 0.0 0.11999999731779099 0.5099999904632568 0.0 0.0 0.0 0.0 0.09000000357627869 0.0 0.09000000357627869 0.09000000357627869 0.0 0.09000000357627869 0.0 0.09000000357627869 0.09000000357627869 0.09000000357627869 0.0 0.09000000357627869 0.09000000357627869 0.5099999904632568 0.0 0.0 0.0 0.0 0.09000000357627869 0.05000000074505806 0.09000000357627869 0.09000000357627869 0.0 0.4300000071525574 0.5099999904632568 0.0 0.0 0.0 0.09000000357627869 0.0 0.09000000357627869 0.0 0.09000000357627869 0.09000000357627869 0.0 0.09000000357627869 0.09000000357627869 0.0 0.0 0.0 0.09000000357627869 0.09000000357627869 0.09000000357627869 0.46000000834465027 0.09000000357627869 0.0 0.09000000357627869 0.09000000357627869 0.0 0.3199999928474426 0.30000001192092896 0.09000000357627869 0.09000000357627869 0.0 0.11999999731779099 0.0 0.11999999731779099 0.46000000834465027 0.09000000357627869 0.0 0.09000000357627869 0.09000000357627869 0.1899999976158142 0.12999999523162842 0.1899999976158142 0.0 0.4399999976158142 0.0 0.3199999928474426 0.18000000715255737
37 0.0 0.0 0.0 0.09000000357627869 0.0 0.0 0.09000000357627869 0.0 0.09000000357627869 0.09000000357627869 0.09000000357627869 0.0 0.09000000357627869 0.09000000357627869 0.09000000357627869 0.5099999904632568 0.0 0.0 0.0 0.0 0.09000000357627869 0.0 0.0 0.09000000357627869 0.0 0.11999999731779099 0.0 0.11999999731779099 0.0 0.0 0.0 0.3100000023841858 0.0 0.09000000357627869 0.0 0.09000000357627869 0.09000000357627869 0.0 0.09000000357627869 0.09000000357627869 0.6200000047683716 0.0 0.0 0.0 0.0 0.0 0.0 0.0 0.0 0.0 0.09000000357627869 0.09000000357627869 0.0 0.0 0.11999999731779099 0.0 0.11999999731779099 0.10999999940395355 0.0 0.4300000071525574 0.0 0.11999999731779099 0.0 0.11999999731779099 0.0 0.0 0.0 0.0 0.0 0.09000000357627869 0.0 0.0 0.09000000357627869 0.6200000047683716 0.0 0.0 0.0 0.0 0.0 0.0 0.0 0.09000000357627869 0.0 0.09000000357627869 0.09000000357627869 0.0 0.0 0.0 0.09000000357627869 0.09000000357627869 0.09000000357627869 0.0 0.09000000357627869 0.09000000357627869 0.09000000357627869 0.5099999904632568 0.0 0.0 0.0 0.09000000357627869 0.09000000357627869 0.0 0.09000000357627869 0.0 0.09000000357627869 0.09000000357627869 0.0 0.09000000357627869 0.09000000357627869 0.0 0.0 0.0 0.0 0.0 0.09000000357627869 0.0 0.09000000357627869 0.09000000357627869 0.0 0.0 0.11999999731779099 0.0 0.11999999731779099 0.0 0.11999999731779099 0.0 0.11999999731779099 0.0 0.11999999731779099 0.5099999904632568 0.0 0.0 0.0 0.0 0.09000000357627869 0.0 0.09000000357627869 0.09000000357627869 0.0 0.09000000357627869 0.0 0.09000000357627869 0.09000000357627869 0.09000000357627869 0.0 0.09000000357627869 0.09000000357627869 0.09000000357627869 0.5099999904632568 0.0 0.0 0.0 0.0 0.09000000357627869 0.05000000074505806 0.09000000357627869 0.09000000357627869 0.0 0.4300000071525574 0.5099999904632568 0.0 0.0 0.3100000023841858 0.0 0.09000000357627869 0.05000000074505806 0.09000000357627869 0.0 0.4300000071525574 0.0 0.0 0.0 0.0 0.0 0.0 0.09000000357627869 0.0 0.09000000357627869 0.0 0.09000000357627869 0.09000000357627869 0.0 0.09000000357627869 0.0 0.09000000357627869 0.09000000357627869 0.0 0.09000000357627869 0.0 0.09000000357627869 0.09000000357627869 0.0 0.4399999976158142 0.6399999856948853 0.0 0.46000000834465027 0.46000000834465027 0.0 0.46000000834465027 0.46000000834465027 0.09000000357627869 0.0 0.0 0.0 0.11999999731779099 0.0 0.11999999731779099 0.0 0.11999999731779099 0.0 0.11999999731779099
38 0.0 0.09000000357627869 0.0 0.0 0.0 0.0 0.09000000357627869 0.0 0.09000000357627869 0.0 0.09000000357627869 0.09000000357627869 0.6200000047683716 0.0 0.0 0.0 0.0 0.0 0.0 0.0 0.0 0.09000000357627869 0.09000000357627869 0.0 0.0 0.11999999731779099 0.0 0.0 0.0 0.0 0.0 0.09000000357627869 0.0 0.0 0.09000000357627869 0.6200000047683716 0.0 0.0 0.0 0.0 0.0 0.0 0.09000000357627869 0.0 0.09000000357627869 0.09000000357627869 0.0 0.0 0.0 0.09000000357627869 0.09000000357627869 0.09000000357627869 0.0 0.09000000357627869 0.09000000357627869 0.09000000357627869 0.5099999904632568 0.0 0.0 0.0 0.0 0.09000000357627869 0.0 0.0 0.09000000357627869 0.0 0.0 0.0 0.09000000357627869 0.09000000357627869 0.09000000357627869 0.0 0.09000000357627869 0.09000000357627869 0.09000000357627869 0.5099999904632568 0.0 0.0 0.0 0.0 0.09000000357627869 0.0 0.09000000357627869 0.09000000357627869 0.0 0.0 0.11999999731779099 0.0 0.11999999731779099 0.0 0.11999999731779099 0.0 0.11999999731779099 0.0 0.11999999731779099 0.5099999904632568 0.0 0.0 0.0 0.0 0.09000000357627869 0.0 0.09000000357627869 0.09000000357627869 0.0 0.09000000357627869 0.0 0.09000000357627869 0.09000000357627869 0.09000000357627869 0.0 0.09000000357627869 0.09000000357627869 0.09000000357627869 0.5099999904632568 0.0 0.0 0.0 0.0 0.09000000357627869 0.05000000074505806 0.09000000357627869 0.09000000357627869 0.0 0.4300000071525574 0.5099999904632568 0.0 0.0 0.3100000023841858 0.0 0.09000000357627869 0.05000000074505806 0.09000000357627869 0.09000000357627869 0.0 0.4300000071525574 0.0 0.0 0.0 0.3100000023841858 0.0 0.09000000357627869 0.14000000059604645 0.0 0.0 0.09000000357627869 0.09000000357627869 0.09000000357627869 0.5099999904632568 0.0 0.0 0.0 0.0 0.0 0.09000000357627869 0.0 0.0 0.0 0.09000000357627869 0.09000000357627869 0.0 0.09000000357627869 0.0 0.09000000357627869 0.09000000357627869 0.0 0.09000000357627869 0.09000000357627869 0.09000000357627869 0.09000000357627869 0.0 0.09000000357627869 0.0 0.09000000357627869 0.0 0.4399999976158142 0.6399999856948853 0.0 0.46000000834465027 0.46000000834465027 0.0 0.46000000834465027 0.46000000834465027 0.11999999731779099
39 0.0 0.09000000357627869 0.09000000357627869 0.0 0.0 0.0 0.0 0.0 0.0 0.09000000357627869 0.09000000357627869 0.11999999731779099 0.0 0.0 0.0 0.0 0.0 0.09000000357627869 0.0 0.0 0.0 0.0 0.0 0.09000000357627869 0.0 0.09000000357627869 0.09000000357627869 0.0 0.09000000357627869 0.5099999904632568 0.0 0.0 0.0 0.0 0.09000000357627869 0.0 0.0 0.09000000357627869 0.0 0.0 0.0 0.09000000357627869 0.09000000357627869 0.09000000357627869 0.0 0.09000000357627869 0.09000000357627869 0.09000000357627869 0.5099999904632568 0.0 0.0 0.0 0.09000000357627869 0.09000000357627869 0.0 0.09000000357627869 0.0 0.09000000357627869 0.09000000357627869 0.0 0.09000000357627869 0.09000000357627869 0.0 0.0 0.0 0.0 0.0 0.09000000357627869 0.0 0.09000000357627869 0.09000000357627869 0.0 0.09000000357627869 0.0 0.09000000357627869 0.09000000357627869 0.09000000357627869 0.0 0.09000000357627869 0.09000000357627869 0.09000000357627869 0.5099999904632568 0.0 0.0 0.0 0.0 0.09000000357627869 0.05000000074505806 0.09000000357627869 0.09000000357627869 0.0 0.4300000071525574 0.5099999904632568 0.0 0.0 0.3100000023841858 0.0 0.09000000357627869 0.05000000074505806 0.09000000357627869 0.09000000357627869 0.0 0.4300000071525574 0.0 0.0 0.0 0.3100000023841858 0.0 0.09000000357627869 0.09000000357627869 0.09000000357627869 0.09000000357627869 0.09000000357627869 0.0 0.09000000357627869 0.09000000357627869 0.0 0.4399999976158142 0.6399999856948853 0.0 0.46000000834465027 0.46000000834465027 0.0 0.46000000834465027 0.46000000834465027 0.0 0.11999999731779099 0.0 0.11999999731779099
4 0.0 0.33000001311302185 0.33000001311302185 0.33000001311302185 0.0 0.10000000149011612 0.0 0.09000000357627869 0.09000000357627869 0.0 0.09000000357627869 0.09000000357627869 0.0 0.5099999904632568 0.0 0.0 0.3100000023841858 0.0 0.09000000357627869 0.0 0.09000000357627869 0.09000000357627869 0.6200000047683716 0.0 0.0 0.0 0.0 0.0 0.3100000023841858 0.0 0.09000000357627869 0.0 0.09000000357627869 0.0 0.09000000357627869 0.09000000357627869 0.09000000357627869 0.0 0.09000000357627869 0.09000000357627869 0.0 0.09000000357627869 0.09000000357627869 0.09000000357627869 0.0 0.0 0.0 0.3100000023841858 0.0 0.09000000357627869 0.0 0.09000000357627869 0.0 0.09000000357627869 0.09000000357627869 0.09000000357627869 0.0 0.09000000357627869 0.09000000357627869 0.0 0.09000000357627869 0.09000000357627869 0.09000000357627869 0.0 0.0 0.0 0.3100000023841858 0.07000000029802322 0.09000000357627869 0.0 0.09000000357627869 0.09000000357627869 0.0 0.09000000357627869 0.09000000357627869 0.550000011920929 0.0 0.0 0.3199999928474426 0.30000001192092896 0.0 0.0 0.0 0.3100000023841858 0.0 0.09000000357627869 0.0 0.09000000357627869 0.09000000357627869 0.1899999976158142 0.12999999523162842 0.1899999976158142 0.0 0.4399999976158142 0.0 0.4399999976158142 0.3199999928474426 0.18000000715255737 0.0 0.0 0.0 0.0 0.09000000357627869 0.09000000357627869 0.0 0.09000000357627869 0.0 0.09000000357627869 0.11999999731779099 0.11999999731779099
40 0.0 0.0 0.0 0.09000000357627869 0.0 0.0 0.0 0.3100000023841858 0.0 0.09000000357627869 0.0 0.09000000357627869 0.09000000357627869 0.0 0.09000000357627869 0.09000000357627869 0.6200000047683716 0.0 0.0 0.0 0.0 0.0 0.0 0.0 0.0 0.09000000357627869 0.09000000357627869 0.0 0.0 0.11999999731779099 0.0 0.11999999731779099 0.10999999940395355 0.0 0.4300000071525574 0.0 0.11999999731779099 0.0 0.11999999731779099 0.0 0.0 0.0 0.0 0.0 0.09000000357627869 0.0 0.0 0.09000000357627869 0.6200000047683716 0.0 0.0 0.0 0.0 0.0 0.0 0.0 0.09000000357627869 0.0 0.09000000357627869 0.09000000357627869 0.0 0.0 0.09000000357627869 0.5099999904632568 0.0 0.0 0.0 0.0 0.09000000357627869 0.0 0.0 0.09000000357627869 0.0 0.0 0.0 0.09000000357627869 0.09000000357627869 0.09000000357627869 0.0 0.09000000357627869 0.09000000357627869 0.09000000357627869 0.5099999904632568 0.0 0.0 0.0 0.09000000357627869 0.09000000357627869 0.0 0.09000000357627869 0.0 0.09000000357627869 0.09000000357627869 0.0 0.09000000357627869 0.09000000357627869 0.0 0.0 0.0 0.0 0.0 0.09000000357627869 0.0 0.09000000357627869 0.09000000357627869 0.0 0.0 0.11999999731779099 0.0 0.11999999731779099 0.0 0.11999999731779099 0.0 0.11999999731779099 0.0 0.11999999731779099 0.5099999904632568 0.0 0.0 0.0 0.0 0.09000000357627869 0.05000000074505806 0.09000000357627869 0.09000000357627869 0.0 0.4300000071525574 0.5099999904632568 0.0 0.0 0.3100000023841858 0.0 0.09000000357627869 0.05000000074505806 0.09000000357627869 0.09000000357627869 0.0 0.4300000071525574 0.0 0.0 0.0 0.3100000023841858 0.0 0.09000000357627869 0.14000000059604645 0.09000000357627869 0.0 0.4300000071525574 0.0 0.09000000357627869 0.09000000357627869 0.5099999904632568 0.0 0.0 0.0 0.0 0.09000000357627869 0.0 0.0 0.0 0.09000000357627869 0.0 0.09000000357627869 0.0 0.09000000357627869 0.09000000357627869 0.0 0.09000000357627869 0.09000000357627869 0.09000000357627869 0.0 0.0 0.0 0.3100000023841858 0.0 0.09000000357627869 0.0 0.0 0.0 0.0 0.09000000357627869 0.09000000357627869 0.0 0.09000000357627869 0.0 0.09000000357627869 0.09000000357627869 0.0 0.09000000357627869 0.0 0.0 0.0 0.0 0.0 0.0 0.0 0.0 0.0 0.09000000357627869 0.09000000357627869 0.0 0.09000000357627869 0.09000000357627869 0.0 0.09000000357627869 0.09000000357627869 0.0 0.4399999976158142 0.6399999856948853 0.0 0.46000000834465027 0.46000000834465027 0.0 0.46000000834465027 0.46000000834465027 0.5099999904632568 0.0 0.0 0.0 0.0 0.0 0.09000000357627869 0.0 0.09000000357627869 0.09000000357627869 0.09000000357627869 0.0 0.0 0.0 0.09000000357627869 0.0 0.09000000357627869 0.09000000357627869 0.0 0.0 0.11999999731779099 0.0 0.11999999731779099 0.0 0.11999999731779099 0.0 0.11999999731779099 0.0 0.11999999731779099
41 0.09000000357627869 0.09000000357627869 0.0 0.0 0.0 0.0 0.0 0.0 0.09000000357627869 0.09000000357627869 0.0 0.0 0.11999999731779099 0.11999999731779099 0.0 0.0 0.0 0.0 0.0 0.09000000357627869 0.0 0.0 0.09000000357627869 0.6200000047683716 0.0 0.0 0.0 0.0 0.0 0.0 0.09000000357627869 0.0 0.09000000357627869 0.09000000357627869 0.0 0.0 0.0 0.09000000357627869 0.09000000357627869 0.5099999904632568 0.0 0.0 0.0 0.0 0.09000000357627869 0.0 0.0 0.09000000357627869 0.0 0.0 0.0 0.09000000357627869 0.09000000357627869 0.09000000357627869 0.0 0.09000000357627869 0.09000000357627869 0.09000000357627869 0.5099999904632568 0.0 0.0 0.0 0.09000000357627869 0.09000000357627869 0.0 0.09000000357627869 0.0 0.09000000357627869 0.09000000357627869 0.0 0.09000000357627869 0.09000000357627869 0.0 0.0 0.0 0.0 0.0 0.09000000357627869 0.0 0.09000000357627869 0.09000000357627869 0.0 0.0 0.11999999731779099 0.0 0.11999999731779099 0.0 0.11999999731779099 0.0 0.11999999731779099 0.0 0.11999999731779099 0.5099999904632568 0.0 0.0 0.0 0.0 0.09000000357627869 0.0 0.09000000357627869 0.09000000357627869 0.0 0.09000000357627869 0.0 0.09000000357627869 0.09000000357627869 0.09000000357627869 0.0 0.09000000357627869 0.09000000357627869 0.09000000357627869 0.5099999904632568 0.0 0.0 0.3100000023841858 0.0 0.09000000357627869 0.05000000074505806 0.09000000357627869 0.09000000357627869 0.0 0.4300000071525574 0.0 0.0 0.0 0.3100000023841858 0.0 0.09000000357627869 0.14000000059604645 0.09000000357627869 0.0 0.4300000071525574 0.0 0.09000000357627869 0.09000000357627869 0.09000000357627869 0.5099999904632568 0.0 0.0 0.0 0.0 0.09000000357627869 0.0 0.0 0.0 0.09000000357627869 0.0 0.09000000357627869 0.0 0.09000000357627869 0.09000000357627869 0.0 0.09000000357627869 0.09000000357627869 0.09000000357627869 0.0 0.0 0.0 0.3100000023841858 0.0 0.09000000357627869 0.05000000074505806 0.09000000357627869 0.09000000357627869 0.0 0.4300000071525574 0.0 0.0 0.0 0.0 0.09000000357627869 0.09000000357627869 0.0 0.09000000357627869 0.0 0.09000000357627869 0.09000000357627869 0.0 0.09000000357627869 0.09000000357627869 0.0 0.0 0.0 0.0 0.0 0.0 0.11999999731779099 0.5099999904632568 0.0 0.0 0.0 0.0 0.0 0.09000000357627869 0.0 0.0 0.0 0.0 0.0 0.0 0.0 0.0 0.09000000357627869 0.09000000357627869 0.0 0.09000000357627869 0.09000000357627869 0.0 0.09000000357627869 0.09000000357627869 0.0 0.4399999976158142 0.6399999856948853 0.0 0.46000000834465027 0.46000000834465027 0.0 0.46000000834465027 0.46000000834465027 0.5099999904632568 0.0 0.0 0.0 0.09000000357627869 0.09000000357627869 0.0 0.0 0.09000000357627869 0.09000000357627869 0.0 0.0 0.0 0.11999999731779099 0.0 0.11999999731779099 0.0 0.11999999731779099 0.0 0.11999999731779099
42 0.09000000357627869 0.11999999731779099 0.0 0.0 0.0 0.09000000357627869 0.0 0.0 0.0 0.0 0.0 0.09000000357627869 0.0 0.0 0.09000000357627869 0.5099999904632568 0.0 0.0 0.0 0.09000000357627869 0.09000000357627869 0.0 0.09000000357627869 0.0 0.09000000357627869 0.09000000357627869 0.0 0.09000000357627869 0.0 0.0 0.0 0.0 0.0 0.09000000357627869 0.0 0.09000000357627869 0.09000000357627869 0.0 0.0 0.11999999731779099 0.5099999904632568 0.0 0.0 0.0 0.0 0.09000000357627869 0.0 0.09000000357627869 0.09000000357627869 0.0 0.09000000357627869 0.0 0.09000000357627869 0.09000000357627869 0.09000000357627869 0.0 0.09000000357627869 0.09000000357627869 0.09000000357627869 0.5099999904632568 0.0 0.0 0.0 0.0 0.09000000357627869 0.05000000074505806 0.09000000357627869 0.09000000357627869 0.0 0.4300000071525574 0.5099999904632568 0.0 0.0 0.3100000023841858 0.0 0.09000000357627869 0.14000000059604645 0.09000000357627869 0.0 0.4300000071525574 0.0 0.09000000357627869 0.09000000357627869 0.09000000357627869 0.5099999904632568 0.0 0.0 0.0 0.0 0.09000000357627869 0.0 0.0 0.0 0.09000000357627869 0.0 0.09000000357627869 0.0 0.09000000357627869 0.09000000357627869 0.0 0.09000000357627869 0.09000000357627869 0.09000000357627869 0.0 0.0 0.0 0.3100000023841858 0.0 0.09000000357627869 0.05000000074505806 0.09000000357627869 0.09000000357627869 0.0 0.4300000071525574 0.0 0.0 0.0 0.0 0.09000000357627869 0.09000000357627869 0.0 0.09000000357627869 0.0 0.09000000357627869 0.09000000357627869 0.0 0.09000000357627869 0.09000000357627869 0.0 0.0 0.0 0.0 0.0 0.09000000357627869 0.11999999731779099 0.5099999904632568 0.0 0.0 0.0 0.09000000357627869 0.0 0.0 0.09000000357627869 0.0 0.0 0.11999999731779099 0.0 0.0 0.0 0.0 0.0 0.0 0.0 0.0 0.0 0.0 0.09000000357627869 0.09000000357627869 0.0 0.09000000357627869 0.09000000357627869 0.0 0.09000000357627869 0.09000000357627869 0.0 0.4399999976158142 0.6399999856948853 0.0 0.46000000834465027 0.46000000834465027 0.0 0.46000000834465027 0.46000000834465027 0.5099999904632568 0.0 0.0 0.0 0.0 0.0 0.0 0.0 0.0 0.09000000357627869 0.0 0.09000000357627869 0.0 0.09000000357627869 0.09000000357627869 0.09000000357627869 0.0 0.09000000357627869 0.09000000357627869 0.0 0.0 0.0 0.0 0.11999999731779099 0.0 0.11999999731779099 0.0 0.11999999731779099 0.0 0.11999999731779099
43 0.0 0.0 0.09000000357627869 0.0 0.09000000357627869 0.09000000357627869 0.0 0.0 0.0 0.0 0.09000000357627869 0.5099999904632568 0.0 0.0 0.0 0.0 0.09000000357627869 0.0 0.09000000357627869 0.09000000357627869 0.5099999904632568 0.0 0.0 0.0 0.0 0.09000000357627869 0.05000000074505806 0.09000000357627869 0.09000000357627869 0.0 0.4300000071525574 0.5099999904632568 0.0 0.0 0.3100000023841858 0.0 0.09000000357627869 0.05000000074505806 0.09000000357627869 0.09000000357627869 0.0 0.4300000071525574 0.0 0.0 0.0 0.0 0.0 0.09000000357627869 0.0 0.0 0.0 0.09000000357627869 0.0 0.09000000357627869 0.0 0.09000000357627869 0.09000000357627869 0.0 0.09000000357627869 0.09000000357627869 0.09000000357627869 0.0 0.0 0.0 0.3100000023841858 0.0 0.09000000357627869 0.05000000074505806 0.09000000357627869 0.09000000357627869 0.0 0.4300000071525574 0.0 0.0 0.0 0.0 0.09000000357627869 0.09000000357627869 0.0 0.09000000357627869 0.0 0.09000000357627869 0.09000000357627869 0.0 0.09000000357627869 0.09000000357627869 0.0 0.0 0.0 0.0 0.0 0.0 0.09000000357627869 0.0 0.11999999731779099 0.5099999904632568 0.0 0.0 0.0 0.09000000357627869 0.0 0.0 0.09000000357627869 0.0 0.0 0.11999999731779099 0.0 0.10999999940395355 0.0 0.4300000071525574 0.0 0.0 0.0 0.11999999731779099 0.0 0.0 0.0 0.0 0.0 0.0 0.0 0.09000000357627869 0.09000000357627869 0.0 0.09000000357627869 0.09000000357627869 0.0 0.09000000357627869 0.09000000357627869 0.0 0.4399999976158142 0.6399999856948853 0.0 0.46000000834465027 0.46000000834465027 0.0 0.46000000834465027 0.46000000834465027 0.09000000357627869 0.11999999731779099
44 0.09000000357627869 0.0 0.0 0.09000000357627869 0.0 0.0 0.0 0.0 0.09000000357627869 0.0 0.09000000357627869 0.09000000357627869 0.5099999904632568 0.0 0.0 0.0 0.0 0.09000000357627869 0.05000000074505806 0.09000000357627869 0.09000000357627869 0.0 0.4300000071525574 0.5099999904632568 0.0 0.0 0.3100000023841858 0.0 0.09000000357627869 0.05000000074505806 0.09000000357627869 0.09000000357627869 0.0 0.4300000071525574 0.0 0.0 0.0 0.3100000023841858 0.0 0.09000000357627869 0.14000000059604645 0.09000000357627869 0.0 0.4300000071525574 0.0 0.09000000357627869 0.09000000357627869 0.09000000357627869 0.5099999904632568 0.0 0.0 0.3100000023841858 0.0 0.09000000357627869 0.05000000074505806 0.09000000357627869 0.09000000357627869 0.0 0.4300000071525574 0.0 0.0 0.0 0.0 0.09000000357627869 0.09000000357627869 0.0 0.09000000357627869 0.0 0.09000000357627869 0.09000000357627869 0.0 0.09000000357627869 0.09000000357627869 0.0 0.0 0.0 0.0 0.0 0.0 0.0 0.09000000357627869 0.09000000357627869 0.0 0.0 0.11999999731779099 0.0 0.10999999940395355 0.0 0.11999999731779099 0.0 0.11999999731779099 0.5099999904632568 0.0 0.0 0.0 0.0 0.09000000357627869 0.0 0.0 0.09000000357627869 0.0 0.0 0.11999999731779099 0.0 0.11999999731779099 0.10999999940395355 0.0 0.4300000071525574 0.0 0.0 0.0 0.11999999731779099 0.0 0.0 0.0 0.0 0.0 0.0 0.0 0.09000000357627869 0.09000000357627869 0.0 0.09000000357627869 0.09000000357627869 0.0 0.09000000357627869 0.09000000357627869 0.0 0.4399999976158142 0.6399999856948853 0.0 0.46000000834465027 0.46000000834465027 0.0 0.46000000834465027 0.46000000834465027 0.5099999904632568 0.0 0.0 0.0 0.0 0.09000000357627869 0.0 0.09000000357627869 0.09000000357627869 0.0 0.09000000357627869 0.09000000357627869 0.550000011920929 0.0 0.5099999904632568 0.0 0.0 0.0 0.0 0.05000000074505806 0.09000000357627869 0.09000000357627869 0.0 0.4300000071525574 0.0 0.0 0.0 0.0 0.0 0.09000000357627869 0.0 0.0 0.09000000357627869 0.0 0.09000000357627869 0.0 0.09000000357627869 0.09000000357627869 0.09000000357627869 0.0 0.09000000357627869 0.09000000357627869 0.09000000357627869 0.0 0.0 0.0 0.0 0.0 0.11999999731779099 0.0 0.11999999731779099 0.0 0.11999999731779099
45 0.0 0.09000000357627869 0.09000000357627869 0.0 0.0 0.0 0.09000000357627869 0.5099999904632568 0.0 0.0 0.0 0.0 0.09000000357627869 0.05000000074505806 0.09000000357627869 0.09000000357627869 0.0 0.4300000071525574 0.5099999904632568 0.0 0.0 0.3100000023841858 0.0 0.09000000357627869 0.05000000074505806 0.09000000357627869 0.09000000357627869 0.0 0.4300000071525574 0.0 0.0 0.0 0.3100000023841858 0.0 0.09000000357627869 0.14000000059604645 0.09000000357627869 0.0 0.4300000071525574 0.0 0.09000000357627869 0.09000000357627869 0.09000000357627869 0.5099999904632568 0.0 0.0 0.0 0.0 0.09000000357627869 0.0 0.0 0.0 0.09000000357627869 0.0 0.09000000357627869 0.0 0.09000000357627869 0.09000000357627869 0.0 0.09000000357627869 0.09000000357627869 0.09000000357627869 0.0 0.0 0.0 0.0 0.09000000357627869 0.09000000357627869 0.0 0.09000000357627869 0.0 0.09000000357627869 0.09000000357627869 0.0 0.09000000357627869 0.09000000357627869 0.0 0.0 0.0 0.0 0.0 0.0 0.0 0.09000000357627869 0.09000000357627869 0.0 0.0 0.11999999731779099 0.0 0.11999999731779099 0.10999999940395355 0.0 0.4300000071525574 0.0 0.11999999731779099 0.0 0.11999999731779099 0.5099999904632568 0.0 0.0 0.0 0.0 0.09000000357627869 0.0 0.0 0.09000000357627869 0.0 0.0 0.11999999731779099 0.0 0.11999999731779099 0.10999999940395355 0.0 0.4300000071525574 0.0 0.0 0.0 0.11999999731779099 0.0 0.0 0.0 0.0 0.0 0.0 0.0 0.09000000357627869 0.09000000357627869 0.0 0.09000000357627869 0.09000000357627869 0.0 0.09000000357627869 0.09000000357627869 0.0 0.4399999976158142 0.6399999856948853 0.0 0.46000000834465027 0.46000000834465027 0.0 0.46000000834465027 0.46000000834465027 0.5099999904632568 0.0 0.0 0.0 0.0 0.09000000357627869 0.0 0.09000000357627869 0.09000000357627869 0.0 0.09000000357627869 0.09000000357627869 0.550000011920929 0.0 0.0 0.3199999928474426 0.30000001192092896 0.5099999904632568 0.0 0.0 0.0 0.0 0.09000000357627869 0.05000000074505806 0.09000000357627869 0.09000000357627869 0.0 0.0 0.0 0.0 0.0 0.0 0.0 0.09000000357627869 0.0 0.09000000357627869 0.0 0.09000000357627869 0.09000000357627869 0.09000000357627869 0.09000000357627869 0.0 0.09000000357627869 0.0 0.11999999731779099 0.0 0.11999999731779099
46 0.6200000047683716 0.0 0.0 0.0 0.0 0.0 0.09000000357627869 0.0 0.0 0.09000000357627869 0.0 0.09000000357627869 0.09000000357627869 0.09000000357627869 0.0 0.09000000357627869 0.09000000357627869 0.09000000357627869 0.5099999904632568 0.0 0.0 0.0 0.11999999731779099 0.0 0.0 0.0 0.0 0.09000000357627869 0.4300000071525574 0.0 0.11999999731779099 0.0 0.11999999731779099 0.0 0.0 0.0 0.0 0.0 0.09000000357627869 0.0 0.0 0.09000000357627869 0.6200000047683716 0.0 0.0 0.0 0.0 0.0 0.0 0.0 0.09000000357627869 0.0 0.09000000357627869 0.09000000357627869 0.0 0.0 0.0 0.09000000357627869 0.09000000357627869 0.09000000357627869 0.5099999904632568 0.0 0.0 0.0 0.0 0.09000000357627869 0.0 0.0 0.5099999904632568 0.0 0.0 0.0 0.09000000357627869 0.0 0.09000000357627869 0.0 0.09000000357627869 0.09000000357627869 0.0 0.0 0.0 0.0 0.0 0.0 0.0 0.09000000357627869 0.0 0.09000000357627869 0.09000000357627869 0.5099999904632568 0.0 0.0 0.0 0.0 0.09000000357627869 0.05000000074505806 0.09000000357627869 0.09000000357627869 0.0 0.4300000071525574 0.5099999904632568 0.0 0.0 0.3100000023841858 0.0 0.09000000357627869 0.05000000074505806 0.09000000357627869 0.09000000357627869 0.0 0.4300000071525574 0.0 0.0 0.0 0.3100000023841858 0.0 0.09000000357627869 0.14000000059604645 0.09000000357627869 0.0 0.4300000071525574 0.0 0.09000000357627869 0.09000000357627869 0.09000000357627869 0.5099999904632568 0.0 0.0 0.0 0.0 0.09000000357627869 0.0 0.0 0.0 0.09000000357627869 0.0 0.09000000357627869 0.0 0.09000000357627869 0.09000000357627869 0.0 0.09000000357627869 0.09000000357627869 0.09000000357627869 0.0 0.0 0.0 0.3100000023841858 0.0 0.09000000357627869 0.05000000074505806 0.09000000357627869 0.09000000357627869 0.0 0.4300000071525574 0.0 0.0 0.0 0.0 0.0 0.0 0.0 0.09000000357627869 0.09000000357627869 0.0 0.0 0.11999999731779099 0.0 0.11999999731779099 0.10999999940395355 0.0 0.4300000071525574 0.0 0.11999999731779099 0.0 0.11999999731779099 0.5099999904632568 0.0 0.0 0.0 0.0 0.09000000357627869 0.0 0.0 0.09000000357627869 0.0 0.0 0.11999999731779099 0.0 0.11999999731779099 0.10999999940395355 0.0 0.4300000071525574 0.0 0.0 0.0 0.11999999731779099 0.0 0.0 0.0 0.0 0.0 0.0 0.0 0.09000000357627869 0.09000000357627869 0.0 0.09000000357627869 0.09000000357627869 0.0 0.09000000357627869 0.09000000357627869 0.0 0.4399999976158142 0.6399999856948853 0.0 0.46000000834465027 0.46000000834465027 0.0 0.46000000834465027 0.46000000834465027 0.5099999904632568 0.0 0.0 0.0 0.0 0.09000000357627869 0.0 0.09000000357627869 0.09000000357627869 0.0 0.09000000357627869 0.09000000357627869 0.550000011920929 0.0 0.0 0.3199999928474426 0.30000001192092896 0.5099999904632568 0.0 0.0 0.0 0.0 0.09000000357627869 0.05000000074505806 0.09000000357627869 0.09000000357627869 0.0 0.4300000071525574 0.0 0.0 0.0 0.0 0.0 0.09000000357627869 0.0 0.0 0.09000000357627869 0.0 0.09000000357627869 0.0 0.09000000357627869 0.09000000357627869 0.09000000357627869 0.0 0.09000000357627869 0.09000000357627869 0.0 0.0 0.0 0.0 0.09000000357627869 0.0 0.09000000357627869 0.09000000357627869 0.0 0.0 0.0 0.0 0.11999999731779099 0.0 0.11999999731779099 0.0 0.11999999731779099 0.0 0.0 0.0 0.0 0.0 0.09000000357627869 0.0 0.09000000357627869 0.09000000357627869 0.0 0.09000000357627869 0.0 0.4399999976158142 0.6399999856948853 0.0 0.46000000834465027
47 0.09000000357627869 0.09000000357627869 0.0 0.09000000357627869 0.0 0.09000000357627869 0.09000000357627869 0.6200000047683716 0.0 0.0 0.0 0.09000000357627869 0.0 0.09000000357627869 0.0 0.11999999731779099 0.0 0.11999999731779099 0.3100000023841858 0.09000000357627869 0.0 0.0 0.0 0.0 0.09000000357627869 0.0 0.09000000357627869 0.09000000357627869 0.09000000357627869 0.0 0.09000000357627869 0.09000000357627869 0.09000000357627869 0.11999999731779099 0.0 0.09000000357627869 0.0 0.0 0.09000000357627869 0.6200000047683716 0.0 0.0 0.0 0.0 0.0 0.09000000357627869 0.05000000074505806 0.09000000357627869 0.09000000357627869 0.0 0.4300000071525574 0.5099999904632568 0.0 0.4300000071525574 0.0 0.0 0.0 0.0 0.09000000357627869 0.5099999904632568 0.0 0.0 0.0 0.0 0.09000000357627869 0.0 0.0 0.0 0.09000000357627869 0.0 0.09000000357627869 0.0 0.09000000357627869 0.09000000357627869 0.0 0.09000000357627869 0.09000000357627869 0.0 0.0 0.0 0.3100000023841858 0.0 0.09000000357627869 0.05000000074505806 0.09000000357627869 0.09000000357627869 0.0 0.4300000071525574 0.0 0.0 0.0 0.0 0.09000000357627869 0.09000000357627869 0.0 0.09000000357627869 0.0 0.09000000357627869 0.09000000357627869 0.0 0.09000000357627869 0.09000000357627869 0.0 0.0 0.0 0.0 0.0 0.09000000357627869 0.0 0.0 0.09000000357627869 0.0 0.0 0.11999999731779099 0.0 0.11999999731779099 0.10999999940395355 0.0 0.4300000071525574 0.0 0.0 0.0 0.11999999731779099 0.0 0.0 0.0 0.0 0.0 0.0 0.0 0.09000000357627869 0.09000000357627869 0.0 0.09000000357627869 0.09000000357627869 0.0 0.09000000357627869 0.09000000357627869 0.0 0.4399999976158142 0.46000000834465027 0.5099999904632568 0.0 0.0 0.0 0.0 0.09000000357627869 0.0 0.09000000357627869 0.09000000357627869 0.0 0.09000000357627869 0.09000000357627869 0.550000011920929 0.0 0.0 0.3199999928474426 0.30000001192092896 0.5099999904632568 0.0 0.0 0.0 0.0 0.09000000357627869 0.05000000074505806 0.09000000357627869 0.09000000357627869 0.0 0.4300000071525574 0.0 0.0 0.0 0.0 0.0 0.09000000357627869 0.0 0.0 0.09000000357627869 0.0 0.09000000357627869 0.0 0.09000000357627869 0.09000000357627869 0.09000000357627869 0.0 0.09000000357627869 0.09000000357627869 0.09000000357627869 0.0 0.0 0.0 0.0 0.0 0.09000000357627869 0.0 0.0 0.11999999731779099 0.0 0.11999999731779099 0.0 0.0 0.0 0.0 0.0 0.09000000357627869 0.0 0.0 0.09000000357627869 0.09000000357627869 0.0 0.09000000357627869 0.0 0.0 0.4399999976158142 0.6399999856948853 0.0 0.46000000834465027 0.0 0.09000000357627869 0.09000000357627869
48 0.20999999344348907 0.05000000074505806 0.05000000074505806 0.0 0.33000001311302185 0.33000001311302185 0.33000001311302185 0.0 0.09000000357627869 0.09000000357627869 0.6200000047683716 0.0 0.0 0.11999999731779099 0.09000000357627869 0.09000000357627869 0.0 0.0 0.0 0.09000000357627869 0.05000000074505806 0.09000000357627869 0.09000000357627869 0.5099999904632568 0.0 0.3100000023841858 0.0 0.09000000357627869 0.05000000074505806 0.09000000357627869 0.09000000357627869 0.0 0.4300000071525574 0.0 0.0 0.0 0.3100000023841858 0.0 0.09000000357627869 0.14000000059604645 0.09000000357627869 0.0 0.5099999904632568 0.0 0.0 0.0 0.0 0.09000000357627869 0.0 0.0 0.0 0.09000000357627869 0.0 0.09000000357627869 0.0 0.09000000357627869 0.09000000357627869 0.0 0.09000000357627869 0.09000000357627869 0.09000000357627869 0.0 0.0 0.0 0.3100000023841858 0.0 0.09000000357627869 0.05000000074505806 0.09000000357627869 0.09000000357627869 0.0 0.4300000071525574 0.0 0.0 0.0 0.0 0.09000000357627869 0.09000000357627869 0.0 0.09000000357627869 0.0 0.09000000357627869 0.09000000357627869 0.0 0.09000000357627869 0.09000000357627869 0.0 0.0 0.0 0.0 0.0 0.0 0.0 0.09000000357627869 0.09000000357627869 0.0 0.0 0.11999999731779099 0.0 0.11999999731779099 0.10999999940395355 0.0 0.4300000071525574 0.0 0.11999999731779099 0.0 0.11999999731779099 0.5099999904632568 0.0 0.0 0.0 0.0 0.0 0.0 0.09000000357627869 0.09000000357627869 0.0 0.09000000357627869 0.09000000357627869 0.0 0.09000000357627869 0.09000000357627869 0.0 0.4399999976158142 0.6399999856948853 0.0 0.46000000834465027 0.46000000834465027 0.0 0.46000000834465027 0.46000000834465027 0.5099999904632568 0.0 0.0 0.0 0.0 0.09000000357627869 0.0 0.09000000357627869 0.09000000357627869 0.0 0.09000000357627869 0.09000000357627869 0.550000011920929 0.0 0.0 0.3199999928474426 0.30000001192092896 0.5099999904632568 0.0 0.0 0.0 0.0 0.09000000357627869 0.05000000074505806 0.09000000357627869 0.09000000357627869 0.0 0.4300000071525574 0.0 0.0 0.0 0.0 0.0 0.09000000357627869 0.0 0.0 0.09000000357627869 0.0 0.09000000357627869 0.0 0.09000000357627869 0.09000000357627869 0.09000000357627869 0.0 0.09000000357627869 0.09000000357627869 0.09000000357627869 0.0 0.0 0.0 0.0 0.0 0.09000000357627869 0.0 0.09000000357627869 0.09000000357627869 0.0 0.0 0.11999999731779099 0.0 0.11999999731779099 0.0 0.11999999731779099 0.0 0.11999999731779099 0.0 0.11999999731779099 0.0 0.0 0.0 0.0 0.0 0.09000000357627869 0.0 0.09000000357627869 0.0 0.0 0.09000000357627869 0.0 0.09000000357627869 0.4399999976158142 0.0 0.0
49 0.0 0.09000000357627869 0.6200000047683716 0.0 0.0 0.09000000357627869 0.09000000357627869 0.0 0.0 0.0 0.11999999731779099 0.11999999731779099 0.0 0.0 0.0 0.0 0.0 0.09000000357627869 0.09000000357627869 0.0 0.0 0.11999999731779099 0.0 0.11999999731779099 0.10999999940395355 0.0 0.4300000071525574 0.0 0.11999999731779099 0.0 0.11999999731779099 0.0 0.0 0.0 0.0 0.0 0.09000000357627869 0.0 0.0 0.09000000357627869 0.6200000047683716 0.0 0.0 0.0 0.0 0.0 0.0 0.5099999904632568 0.0 0.0 0.0 0.09000000357627869 0.0 0.0 0.09000000357627869 0.0 0.0 0.0 0.09000000357627869 0.09000000357627869 0.5099999904632568 0.0 0.0 0.0 0.09000000357627869 0.0 0.0 0.0 0.0 0.0 0.09000000357627869 0.0 0.09000000357627869 0.09000000357627869 0.0 0.5099999904632568 0.0 0.0 0.0 0.0 0.09000000357627869 0.0 0.09000000357627869 0.09000000357627869 0.0 0.09000000357627869 0.0 0.09000000357627869 0.09000000357627869 0.09000000357627869 0.0 0.09000000357627869 0.09000000357627869 0.09000000357627869 0.5099999904632568 0.0 0.0 0.0 0.0 0.09000000357627869 0.05000000074505806 0.09000000357627869 0.09000000357627869 0.0 0.4300000071525574 0.5099999904632568 0.0 0.0 0.3100000023841858 0.0 0.09000000357627869 0.05000000074505806 0.09000000357627869 0.09000000357627869 0.0 0.4300000071525574 0.0 0.0 0.0 0.3100000023841858 0.0 0.09000000357627869 0.14000000059604645 0.09000000357627869 0.0 0.4300000071525574 0.0 0.09000000357627869 0.09000000357627869 0.09000000357627869 0.5099999904632568 0.0 0.0 0.0 0.0 0.09000000357627869 0.0 0.0 0.0 0.09000000357627869 0.0 0.09000000357627869 0.0 0.09000000357627869 0.09000000357627869 0.0 0.09000000357627869 0.09000000357627869 0.09000000357627869 0.0 0.0 0.0 0.3100000023841858 0.0 0.09000000357627869 0.05000000074505806 0.09000000357627869 0.09000000357627869 0.0 0.4300000071525574 0.0 0.0 0.0 0.0 0.09000000357627869 0.09000000357627869 0.0 0.09000000357627869 0.0 0.09000000357627869 0.09000000357627869 0.0 0.09000000357627869 0.09000000357627869 0.0 0.0 0.0 0.0 0.0 0.0 0.0 0.09000000357627869 0.09000000357627869 0.0 0.0 0.11999999731779099 0.0 0.11999999731779099 0.10999999940395355 0.0 0.0 0.11999999731779099 0.0 0.11999999731779099 0.5099999904632568 0.0 0.0 0.0 0.0 0.09000000357627869 0.0 0.0 0.09000000357627869 0.0 0.0 0.11999999731779099 0.0 0.11999999731779099 0.10999999940395355 0.0 0.4300000071525574 0.0 0.0 0.0 0.11999999731779099 0.0 0.0 0.0 0.0 0.0 0.09000000357627869 0.0 0.09000000357627869 0.09000000357627869 0.0 0.09000000357627869 0.09000000357627869 0.550000011920929 0.0 0.0 0.3199999928474426 0.30000001192092896 0.5099999904632568 0.0 0.0 0.0 0.0 0.09000000357627869 0.05000000074505806 0.09000000357627869 0.09000000357627869 0.0 0.4300000071525574 0.0 0.0 0.0 0.0 0.0 0.09000000357627869 0.0 0.0 0.09000000357627869 0.0 0.09000000357627869 0.0 0.09000000357627869 0.09000000357627869 0.09000000357627869 0.0 0.09000000357627869 0.09000000357627869 0.09000000357627869 0.0 0.0 0.0 0.0 0.0 0.09000000357627869 0.0 0.09000000357627869 0.09000000357627869 0.0 0.0 0.11999999731779099 0.0 0.11999999731779099 0.0 0.11999999731779099 0.0 0.11999999731779099 0.0 0.11999999731779099 0.0 0.0 0.0 0.0 0.0 0.09000000357627869 0.0 0.09000000357627869 0.0 0.0 0.09000000357627869 0.09000000357627869 0.0 0.09000000357627869 0.0 0.0 0.4399999976158142 0.6399999856948853 0.0 0.0 0.0 0.46000000834465027 0.0 0.0 0.0 0.3100000023841858 0.0 0.09000000357627869 0.0 0.0 0.0 0.3100000023841858 0.09000000357627869 0.09000000357627869 0.0 0.05000000074505806 0.09000000357627869 0.09000000357627869
5 0.09000000357627869 0.5099999904632568 0.0 0.0 0.3100000023841858 0.0 0.09000000357627869 0.0 0.09000000357627869 0.09000000357627869 0.6200000047683716 0.0 0.0 0.0 0.0 0.0 0.3100000023841858 0.0 0.09000000357627869 0.0 0.09000000357627869 0.0 0.09000000357627869 0.09000000357627869 0.09000000357627869 0.0 0.09000000357627869 0.09000000357627869 0.0 0.09000000357627869 0.09000000357627869 0.09000000357627869 0.0 0.0 0.0 0.3100000023841858 0.07000000029802322 0.09000000357627869 0.0 0.09000000357627869 0.09000000357627869 0.09000000357627869 0.0 0.0 0.0 0.3100000023841858 0.07000000029802322 0.09000000357627869 0.0 0.09000000357627869 0.09000000357627869 0.0 0.09000000357627869 0.09000000357627869 0.550000011920929 0.0 0.0 0.3199999928474426 0.30000001192092896 0.0 0.0 0.0 0.3100000023841858 0.0 0.09000000357627869 0.0 0.09000000357627869 0.09000000357627869 0.1899999976158142 0.12999999523162842 0.1899999976158142 0.0 0.4399999976158142 0.0 0.4399999976158142 0.3199999928474426 0.18000000715255737 0.0 0.0 0.0 0.0 0.09000000357627869 0.09000000357627869 0.0 0.09000000357627869 0.0 0.09000000357627869 0.09000000357627869 0.0 0.09000000357627869 0.09000000357627869 0.5099999904632568 0.0 0.0 0.0 0.0 0.09000000357627869 0.0 0.09000000357627869 0.09000000357627869 0.0 0.0 0.0 0.0 0.3700000047683716 0.23999999463558197 0.10999999940395355 0.0 0.1599999964237213 0.5099999904632568 0.0 0.0 0.0 0.09000000357627869 0.0 0.0 0.11999999731779099 0.0 0.11999999731779099 0.0 0.11999999731779099 0.11999999731779099
50 0.0 0.0 0.09000000357627869 0.09000000357627869 0.0 0.0 0.0 0.0 0.0 0.0 0.0 0.09000000357627869 0.0 0.09000000357627869 0.09000000357627869 0.6200000047683716 0.0 0.0 0.0 0.0 0.0 0.0 0.5099999904632568 0.0 0.0 0.0 0.09000000357627869 0.0 0.09000000357627869 0.09000000357627869 0.0 0.0 0.0 0.0 0.0 0.5099999904632568 0.0 0.0 0.0 0.09000000357627869 0.0 0.11999999731779099 0.0 0.11999999731779099 0.5099999904632568 0.0 0.3100000023841858 0.0 0.09000000357627869 0.5099999904632568 0.0 0.3100000023841858 0.0 0.09000000357627869 0.0 0.09000000357627869 0.09000000357627869 0.0 0.0 0.0 0.6200000047683716 0.0 0.5099999904632568 0.0 0.0 0.3100000023841858 0.0 0.09000000357627869 0.09000000357627869 0.5099999904632568 0.0 0.0 0.3100000023841858 0.0 0.0 0.0 0.09000000357627869 0.0 0.0 0.09000000357627869 0.0 0.09000000357627869 0.09000000357627869 0.09000000357627869 0.0 0.09000000357627869 0.09000000357627869 0.09000000357627869 0.5099999904632568 0.0 0.0 0.0 0.0 0.09000000357627869 0.0 0.0 0.09000000357627869 0.0 0.0 0.0 0.0 0.11999999731779099 0.0 0.11999999731779099 0.0 0.11999999731779099 0.0 0.0 0.0 0.0 0.0 0.09000000357627869 0.0 0.0 0.11999999731779099 0.0 0.11999999731779099 0.10999999940395355 0.0 0.4300000071525574 0.0 0.11999999731779099 0.0 0.11999999731779099 0.0 0.0 0.0 0.0 0.0 0.09000000357627869 0.0 0.0 0.09000000357627869 0.6200000047683716 0.0 0.0 0.0 0.0 0.0 0.0 0.0 0.09000000357627869 0.0 0.0 0.0 0.09000000357627869 0.09000000357627869 0.0 0.0 0.09000000357627869 0.05000000074505806 0.09000000357627869 0.09000000357627869 0.3100000023841858 0.0 0.4300000071525574 0.0 0.0 0.0 0.0 0.09000000357627869 0.0 0.0 0.0 0.09000000357627869 0.0 0.09000000357627869 0.0 0.0 0.09000000357627869 0.09000000357627869 0.0 0.0 0.0 0.3100000023841858 0.0 0.09000000357627869 0.05000000074505806 0.09000000357627869 0.09000000357627869 0.0 0.4300000071525574 0.0 0.0 0.0 0.0 0.09000000357627869 0.09000000357627869 0.0 0.09000000357627869 0.0 0.09000000357627869 0.09000000357627869 0.0 0.09000000357627869 0.09000000357627869 0.0 0.0 0.0 0.0 0.0 0.0 0.0 0.09000000357627869 0.09000000357627869 0.0 0.0 0.11999999731779099 0.0 0.11999999731779099 0.10999999940395355 0.0 0.4300000071525574 0.0 0.11999999731779099 0.0 0.11999999731779099 0.5099999904632568 0.0 0.0 0.0 0.0 0.09000000357627869 0.0 0.0 0.09000000357627869 0.0 0.0 0.11999999731779099 0.0 0.11999999731779099 0.10999999940395355 0.0 0.0 0.0 0.11999999731779099 0.0 0.0 0.0 0.0 0.0 0.0 0.0 0.09000000357627869 0.09000000357627869 0.0 0.09000000357627869 0.09000000357627869 0.0 0.09000000357627869 0.09000000357627869 0.0 0.4399999976158142 0.6399999856948853 0.0 0.46000000834465027 0.46000000834465027 0.0 0.46000000834465027 0.5099999904632568 0.0 0.0 0.0 0.0 0.09000000357627869 0.05000000074505806 0.09000000357627869 0.09000000357627869 0.0 0.4300000071525574 0.0 0.0 0.0 0.0 0.0 0.09000000357627869 0.0 0.0 0.09000000357627869 0.0 0.09000000357627869 0.0 0.09000000357627869 0.09000000357627869 0.09000000357627869 0.0 0.09000000357627869 0.09000000357627869 0.09000000357627869 0.0 0.0 0.0 0.0 0.0 0.09000000357627869 0.0 0.09000000357627869 0.09000000357627869 0.0 0.0 0.11999999731779099 0.0 0.11999999731779099 0.0 0.11999999731779099 0.0 0.11999999731779099 0.0 0.11999999731779099 0.0 0.0 0.0 0.0 0.0 0.09000000357627869 0.0 0.09000000357627869 0.0 0.0 0.09000000357627869 0.09000000357627869 0.0 0.09000000357627869 0.0 0.0 0.4399999976158142 0.6399999856948853 0.0 0.46000000834465027 0.0 0.0 0.0 0.46000000834465027 0.0 0.0 0.0 0.3100000023841858 0.0 0.09000000357627869 0.0 0.09000000357627869 0.0 0.4300000071525574 0.0 0.09000000357627869 0.09000000357627869 0.0 0.0 0.0 0.3100000023841858 0.0 0.09000000357627869 0.0 0.0 0.0 0.09000000357627869 0.09000000357627869 0.09000000357627869 0.0 0.0 0.0 0.0 0.5099999904632568 0.0 0.0 0.0 0.09000000357627869 0.0 0.09000000357627869 0.09000000357627869 0.6200000047683716 0.0 0.0 0.0 0.0 0.0 0.0 0.0 0.09000000357627869 0.05000000074505806 0.09000000357627869 0.09000000357627869 0.0 0.4300000071525574 0.0 0.0 0.0 0.0
51 0.0 0.0 0.3100000023841858 0.0 0.0 0.0 0.09000000357627869 0.09000000357627869 0.0 0.0 0.0 0.0 0.11999999731779099 0.0 0.11999999731779099 0.0 0.11999999731779099 0.0 0.11999999731779099 0.0 0.0 0.0 0.0 0.0 0.09000000357627869 0.0 0.09000000357627869 0.09000000357627869 0.6200000047683716 0.0 0.0 0.0 0.0 0.0 0.0 0.0 0.0 0.09000000357627869 0.0 0.0 0.0 0.0 0.0 0.11999999731779099 0.11999999731779099 0.10999999940395355 0.0 0.4300000071525574 0.0 0.11999999731779099 0.0 0.11999999731779099 0.09000000357627869 0.09000000357627869 0.6200000047683716 0.0 0.0 0.0 0.0 0.0 0.0 0.09000000357627869 0.0 0.09000000357627869 0.0 0.09000000357627869 0.09000000357627869 0.0 0.0 0.0 0.0 0.05000000074505806 0.09000000357627869 0.0 0.4300000071525574 0.0 0.0 0.0 0.0 0.0 0.09000000357627869 0.0 0.09000000357627869 0.09000000357627869 0.0 0.09000000357627869 0.0 0.0 0.0 0.0 0.0 0.0 0.0 0.09000000357627869 0.09000000357627869 0.0 0.0 0.11999999731779099 0.0 0.11999999731779099 0.0 0.11999999731779099 0.5099999904632568 0.0 0.0 0.0 0.0 0.09000000357627869 0.0 0.0 0.09000000357627869 0.0 0.0 0.11999999731779099 0.0 0.11999999731779099 0.10999999940395355 0.0 0.4300000071525574 0.0 0.0 0.0 0.11999999731779099 0.0 0.0 0.0 0.0 0.0 0.0 0.0 0.09000000357627869 0.09000000357627869 0.0 0.09000000357627869 0.09000000357627869 0.0 0.09000000357627869 0.09000000357627869 0.0 0.4399999976158142 0.6399999856948853 0.0 0.46000000834465027 0.5099999904632568 0.0 0.0 0.0 0.0 0.09000000357627869 0.0 0.09000000357627869 0.09000000357627869 0.0 0.09000000357627869 0.09000000357627869 0.550000011920929 0.0 0.0 0.3199999928474426 0.30000001192092896 0.5099999904632568 0.0 0.0 0.0 0.0 0.09000000357627869 0.0 0.0 0.09000000357627869 0.0 0.09000000357627869 0.0 0.09000000357627869 0.09000000357627869 0.09000000357627869 0.0 0.09000000357627869 0.09000000357627869 0.09000000357627869 0.0 0.0 0.0 0.0 0.0 0.09000000357627869 0.0 0.09000000357627869 0.09000000357627869 0.0 0.0 0.11999999731779099 0.0 0.11999999731779099 0.0 0.11999999731779099 0.0 0.11999999731779099 0.0 0.11999999731779099 0.0 0.0 0.0 0.0 0.0 0.09000000357627869 0.0 0.09000000357627869 0.0 0.0 0.09000000357627869 0.09000000357627869 0.0 0.09000000357627869 0.0 0.0 0.4399999976158142 0.6399999856948853 0.0 0.46000000834465027 0.0 0.0 0.0 0.46000000834465027 0.0 0.0 0.0 0.3100000023841858 0.0 0.09000000357627869 0.0 0.09000000357627869 0.0 0.4300000071525574 0.0 0.09000000357627869 0.09000000357627869 0.09000000357627869 0.0 0.0 0.0 0.3100000023841858 0.0 0.09000000357627869 0.0 0.09000000357627869 0.0 0.09000000357627869 0.09000000357627869 0.0 0.0 0.09000000357627869 0.09000000357627869 0.09000000357627869 0.0 0.0 0.0 0.0 0.0 0.09000000357627869 0.5099999904632568 0.0 0.0 0.0 0.09000000357627869 0.0 0.09000000357627869 0.09000000357627869 0.6200000047683716 0.0 0.0 0.0 0.0 0.0 0.0 0.09000000357627869 0.05000000074505806 0.09000000357627869 0.09000000357627869 0.0 0.4300000071525574 0.0 0.0 0.0 0.0 0.0 0.0
52 0.0 0.09000000357627869 0.09000000357627869 0.0 0.09000000357627869 0.0 0.09000000357627869 0.09000000357627869 0.6200000047683716 0.0 0.0 0.0 0.0 0.10999999940395355 0.0 0.4300000071525574 0.0 0.11999999731779099 0.0 0.11999999731779099 0.09000000357627869 0.6200000047683716 0.0 0.0 0.09000000357627869 0.09000000357627869 0.5099999904632568 0.0 0.0 0.09000000357627869 0.5099999904632568 0.0 0.3100000023841858 0.0 0.09000000357627869 0.05000000074505806 0.09000000357627869 0.09000000357627869 0.0 0.4300000071525574 0.0 0.0 0.0 0.5099999904632568 0.0 0.0 0.0 0.09000000357627869 0.0 0.0 0.0 0.09000000357627869 0.0 0.09000000357627869 0.0 0.09000000357627869 0.09000000357627869 0.0 0.09000000357627869 0.09000000357627869 0.09000000357627869 0.0 0.0 0.0 0.3100000023841858 0.0 0.09000000357627869 0.0 0.0 0.0 0.0 0.09000000357627869 0.0 0.09000000357627869 0.09000000357627869 0.0 0.0 0.0 0.0 0.0 0.0 0.0 0.09000000357627869 0.09000000357627869 0.11999999731779099 0.5099999904632568 0.0 0.0 0.0 0.0 0.09000000357627869 0.0 0.0 0.09000000357627869 0.0 0.0 0.11999999731779099 0.0 0.11999999731779099 0.10999999940395355 0.0 0.0 0.0 0.0 0.0 0.0 0.0 0.0 0.0 0.0 0.09000000357627869 0.09000000357627869 0.0 0.09000000357627869 0.09000000357627869 0.0 0.09000000357627869 0.09000000357627869 0.0 0.4399999976158142 0.6399999856948853 0.0 0.46000000834465027 0.46000000834465027 0.0 0.46000000834465027 0.46000000834465027 0.5099999904632568 0.0 0.0 0.0 0.0 0.09000000357627869 0.0 0.09000000357627869 0.09000000357627869 0.0 0.09000000357627869 0.09000000357627869 0.550000011920929 0.0 0.0 0.3199999928474426 0.30000001192092896 0.5099999904632568 0.0 0.0 0.0 0.0 0.09000000357627869 0.05000000074505806 0.09000000357627869 0.09000000357627869 0.0 0.4300000071525574 0.0 0.0 0.0 0.0 0.0 0.09000000357627869 0.0 0.09000000357627869 0.09000000357627869 0.0 0.0 0.11999999731779099 0.0 0.11999999731779099 0.0 0.11999999731779099 0.0 0.11999999731779099 0.0 0.11999999731779099 0.0 0.0 0.0 0.0 0.0 0.09000000357627869 0.0 0.09000000357627869 0.0 0.0 0.09000000357627869 0.09000000357627869 0.0 0.09000000357627869 0.0 0.0 0.4399999976158142 0.6399999856948853 0.0 0.46000000834465027 0.0 0.0 0.0 0.3100000023841858 0.0 0.09000000357627869 0.0 0.09000000357627869 0.0 0.4300000071525574 0.0 0.09000000357627869 0.09000000357627869 0.09000000357627869 0.0 0.0 0.0 0.3100000023841858 0.0 0.09000000357627869 0.0 0.09000000357627869 0.0 0.09000000357627869 0.0 0.0 0.09000000357627869 0.09000000357627869 0.09000000357627869 0.0 0.0 0.0 0.0 0.0 0.0 0.0 0.0 0.09000000357627869 0.09000000357627869 0.0 0.0 0.0 0.0 0.0 0.0 0.09000000357627869 0.05000000074505806 0.09000000357627869 0.09000000357627869 0.0 0.4300000071525574
53 0.09000000357627869 0.6200000047683716 0.0 0.0 0.0 0.0 0.0 0.09000000357627869 0.09000000357627869 0.0 0.0 0.0 0.09000000357627869 0.0 0.0 0.09000000357627869 0.0 0.0 0.11999999731779099 0.0 0.11999999731779099 0.0 0.11999999731779099 0.0 0.11999999731779099 0.0 0.11999999731779099 0.0 0.0 0.0 0.3100000023841858 0.0 0.0 0.0 0.0 0.0 0.0 0.0 0.09000000357627869 0.09000000357627869 0.0 0.0 0.11999999731779099 0.0 0.11999999731779099 0.10999999940395355 0.0 0.4300000071525574 0.0 0.11999999731779099 0.0 0.11999999731779099 0.0 0.0 0.0 0.0 0.0 0.09000000357627869 0.0 0.0 0.09000000357627869 0.6200000047683716 0.0 0.0 0.0 0.0 0.0 0.0 0.5099999904632568 0.0 0.0 0.0 0.0 0.0 0.09000000357627869 0.0 0.0 0.0 0.09000000357627869 0.09000000357627869 0.5099999904632568 0.0 0.0 0.0 0.09000000357627869 0.0 0.0 0.0 0.0 0.5099999904632568 0.0 0.0 0.0 0.0 0.09000000357627869 0.0 0.09000000357627869 0.09000000357627869 0.0 0.09000000357627869 0.0 0.09000000357627869 0.09000000357627869 0.09000000357627869 0.0 0.09000000357627869 0.09000000357627869 0.09000000357627869 0.5099999904632568 0.0 0.0 0.0 0.0 0.09000000357627869 0.05000000074505806 0.09000000357627869 0.09000000357627869 0.0 0.4300000071525574 0.5099999904632568 0.0 0.0 0.3100000023841858 0.0 0.09000000357627869 0.05000000074505806 0.09000000357627869 0.09000000357627869 0.0 0.4300000071525574 0.0 0.0 0.0 0.0 0.0 0.0 0.0 0.0 0.0 0.09000000357627869 0.0 0.09000000357627869 0.0 0.09000000357627869 0.0 0.09000000357627869 0.09000000357627869 0.09000000357627869 0.0 0.0 0.0 0.0 0.0 0.0 0.0 0.0 0.09000000357627869 0.0 0.09000000357627869 0.0 0.09000000357627869 0.09000000357627869 0.0 0.0 0.0 0.0 0.0 0.0 0.0 0.5099999904632568 0.0 0.0 0.0 0.0 0.09000000357627869 0.0 0.0 0.09000000357627869 0.0 0.11999999731779099 0.0 0.0 0.0 0.0 0.0 0.0 0.0 0.09000000357627869 0.09000000357627869 0.0 0.09000000357627869 0.09000000357627869 0.0 0.09000000357627869 0.09000000357627869 0.0 0.4399999976158142 0.6399999856948853 0.0 0.46000000834465027 0.46000000834465027 0.0 0.46000000834465027 0.46000000834465027 0.5099999904632568 0.0 0.0 0.0 0.0 0.09000000357627869 0.0 0.09000000357627869 0.09000000357627869 0.0 0.09000000357627869 0.09000000357627869 0.550000011920929 0.0 0.0 0.3199999928474426 0.30000001192092896 0.5099999904632568 0.0 0.0 0.0 0.0 0.09000000357627869 0.05000000074505806 0.09000000357627869 0.09000000357627869 0.0 0.4300000071525574 0.0 0.0 0.0 0.0 0.0 0.09000000357627869 0.0 0.0 0.09000000357627869 0.0 0.09000000357627869 0.0 0.09000000357627869 0.09000000357627869 0.09000000357627869 0.0 0.09000000357627869 0.09000000357627869 0.09000000357627869 0.0 0.0 0.0 0.0 0.0 0.09000000357627869 0.0 0.09000000357627869 0.0 0.0 0.09000000357627869 0.09000000357627869 0.0 0.09000000357627869 0.0 0.0 0.4399999976158142 0.6399999856948853 0.0 0.46000000834465027 0.0 0.0 0.0 0.46000000834465027 0.0 0.0 0.0 0.3100000023841858 0.0 0.09000000357627869 0.0 0.09000000357627869 0.0 0.4300000071525574 0.0 0.09000000357627869 0.09000000357627869 0.09000000357627869 0.0 0.0 0.0 0.3100000023841858 0.0 0.09000000357627869 0.0 0.09000000357627869 0.0 0.09000000357627869 0.09000000357627869 0.09000000357627869 0.0 0.0 0.0 0.0 0.0 0.09000000357627869 0.0 0.09000000357627869 0.09000000357627869 0.0 0.09000000357627869 0.0 0.09000000357627869 0.5099999904632568 0.0 0.0 0.0 0.0 0.09000000357627869 0.0 0.09000000357627869 0.09000000357627869 0.6200000047683716 0.0 0.0 0.0 0.0 0.0 0.0 0.0 0.09000000357627869 0.05000000074505806 0.09000000357627869 0.09000000357627869 0.0 0.4300000071525574
54 0.0 0.0 0.0 0.09000000357627869 0.09000000357627869 0.0 0.0 0.0 0.0 0.11999999731779099 0.0 0.0 0.0 0.0 0.0 0.0 0.0 0.09000000357627869 0.0 0.09000000357627869 0.09000000357627869 0.6200000047683716 0.0 0.0 0.0 0.0 0.0 0.0 0.0 0.09000000357627869 0.0 0.09000000357627869 0.09000000357627869 0.09000000357627869 0.5099999904632568 0.0 0.0 0.0 0.0 0.09000000357627869 0.0 0.09000000357627869 0.09000000357627869 0.0 0.0 0.11999999731779099 0.0 0.11999999731779099 0.0 0.0 0.0 0.0 0.0 0.0 0.5099999904632568 0.0 0.0 0.3100000023841858 0.0 0.09000000357627869 0.0 0.5099999904632568 0.0 0.0 0.3100000023841858 0.0 0.09000000357627869 0.09000000357627869 0.5099999904632568 0.0 0.0 0.3100000023841858 0.0 0.09000000357627869 0.0 0.09000000357627869 0.09000000357627869 0.0 0.0 0.0 0.6200000047683716 0.0 0.0 0.5099999904632568 0.0 0.0 0.3100000023841858 0.0 0.09000000357627869 0.09000000357627869 0.5099999904632568 0.0 0.0 0.3100000023841858 0.0 0.0 0.0 0.09000000357627869 0.0 0.0 0.09000000357627869 0.0 0.09000000357627869 0.09000000357627869 0.09000000357627869 0.0 0.09000000357627869 0.09000000357627869 0.09000000357627869 0.5099999904632568 0.0 0.0 0.0 0.0 0.09000000357627869 0.0 0.0 0.09000000357627869 0.0 0.0 0.11999999731779099 0.0 0.11999999731779099 0.0 0.11999999731779099 0.0 0.11999999731779099 0.0 0.11999999731779099 0.0 0.0 0.0 0.3100000023841858 0.0 0.0 0.0 0.0 0.09000000357627869 0.0 0.0 0.11999999731779099 0.0 0.11999999731779099 0.10999999940395355 0.0 0.4300000071525574 0.0 0.11999999731779099 0.0 0.11999999731779099 0.0 0.0 0.0 0.0 0.0 0.09000000357627869 0.0 0.0 0.09000000357627869 0.6200000047683716 0.0 0.0 0.0 0.0 0.0 0.0 0.0 0.09000000357627869 0.0 0.09000000357627869 0.0 0.09000000357627869 0.0 0.0 0.0 0.0 0.0 0.0 0.09000000357627869 0.0 0.11999999731779099 0.0 0.11999999731779099 0.5099999904632568 0.0 0.0 0.0 0.0 0.09000000357627869 0.09000000357627869 0.0 0.0 0.0 0.0 0.0 0.0 0.0 0.09000000357627869 0.09000000357627869 0.0 0.09000000357627869 0.09000000357627869 0.0 0.09000000357627869 0.09000000357627869 0.0 0.4399999976158142 0.0 0.46000000834465027 0.5099999904632568 0.0 0.0 0.0 0.0 0.09000000357627869 0.0 0.09000000357627869 0.09000000357627869 0.0 0.09000000357627869 0.09000000357627869 0.550000011920929 0.0 0.0 0.3199999928474426 0.30000001192092896 0.5099999904632568 0.0 0.0 0.0 0.0 0.09000000357627869 0.05000000074505806 0.09000000357627869 0.09000000357627869 0.0 0.4300000071525574 0.0 0.0 0.0 0.0 0.0 0.09000000357627869 0.0 0.0 0.09000000357627869 0.0 0.09000000357627869 0.0 0.09000000357627869 0.09000000357627869 0.09000000357627869 0.0 0.09000000357627869 0.09000000357627869 0.09000000357627869 0.0 0.0 0.0 0.0 0.0 0.09000000357627869 0.0 0.09000000357627869 0.09000000357627869 0.0 0.0 0.11999999731779099 0.0 0.11999999731779099 0.0 0.11999999731779099 0.0 0.11999999731779099 0.0 0.11999999731779099 0.0 0.0 0.0 0.3100000023841858 0.0 0.09000000357627869 0.0 0.09000000357627869 0.0 0.4300000071525574 0.0 0.09000000357627869 0.09000000357627869 0.09000000357627869 0.0 0.0 0.0 0.3100000023841858 0.0 0.09000000357627869 0.0 0.09000000357627869 0.0 0.09000000357627869 0.09000000357627869 0.0 0.0 0.09000000357627869 0.09000000357627869 0.09000000357627869 0.0 0.0 0.0 0.0 0.0 0.09000000357627869 0.0 0.09000000357627869 0.09000000357627869 0.0 0.09000000357627869 0.0 0.09000000357627869 0.09000000357627869 0.09000000357627869 0.0 0.09000000357627869 0.09000000357627869 0.09000000357627869 0.5099999904632568 0.0 0.0 0.0 0.0 0.09000000357627869 0.0 0.09000000357627869 0.09000000357627869 0.6200000047683716 0.0 0.0 0.0 0.0 0.0 0.0 0.0 0.09000000357627869 0.05000000074505806 0.09000000357627869 0.09000000357627869 0.0 0.4300000071525574 0.0 0.0 0.0 0.0 0.0 0.09000000357627869 0.0 0.0 0.0 0.0 0.0 0.0 0.0 0.0 0.09000000357627869 0.0 0.0 0.09000000357627869 0.09000000357627869 0.09000000357627869 0.6200000047683716 0.0 0.0 0.0 0.0 0.09000000357627869 0.09000000357627869 0.0 0.09000000357627869 0.09000000357627869 0.0 0.0 0.05000000074505806 0.0 0.33000001311302185 0.33000001311302185 0.0 0.0 0.1899999976158142 0.12999999523162842 0.0 0.0 0.0 0.0 0.4399999976158142 0.3199999928474426 0.18000000715255737 0.0 0.09000000357627869 0.09000000357627869 0.1899999976158142 0.1899999976158142 0.0 0.4399999976158142 0.0 0.4399999976158142 0.3199999928474426 0.18000000715255737 0.0 0.09000000357627869 0.09000000357627869 0.09000000357627869 0.0 0.4399999976158142 0.0 0.0 0.46000000834465027 0.0
55 0.09000000357627869 0.0 0.0 0.0 0.09000000357627869 0.09000000357627869 0.0 0.0 0.0 0.0 0.11999999731779099 0.0 0.11999999731779099 0.0 0.0 0.0 0.0 0.0 0.0 0.09000000357627869 0.0 0.09000000357627869 0.09000000357627869 0.6200000047683716 0.0 0.0 0.0 0.0 0.0 0.0 0.0 0.09000000357627869 0.09000000357627869 0.0 0.0 0.0 0.11999999731779099 0.0 0.0 0.0 0.0 0.0 0.0 0.0 0.0 0.0 0.0 0.0 0.11999999731779099 0.0 0.11999999731779099 0.0 0.11999999731779099 0.0 0.0 0.0 0.11999999731779099 0.10999999940395355 0.0 0.4300000071525574 0.0 0.11999999731779099 0.0 0.11999999731779099 0.5099999904632568 0.0 0.0 0.0 0.09000000357627869 0.0 0.09000000357627869 0.09000000357627869 0.09000000357627869 0.5099999904632568 0.0 0.0 0.0 0.0 0.09000000357627869 0.05000000074505806 0.09000000357627869 0.09000000357627869 0.0 0.4300000071525574 0.0 0.0 0.0 0.0 0.0 0.09000000357627869 0.0 0.0 0.09000000357627869 0.0 0.09000000357627869 0.0 0.09000000357627869 0.09000000357627869 0.09000000357627869 0.0 0.0 0.0 0.0 0.0 0.09000000357627869 0.0 0.09000000357627869 0.09000000357627869 0.0 0.0 0.11999999731779099 0.0 0.11999999731779099 0.0 0.0 0.11999999731779099 0.0 0.0 0.0 0.0 0.0 0.0 0.09000000357627869 0.0 0.09000000357627869 0.0 0.0 0.09000000357627869 0.09000000357627869 0.0 0.09000000357627869 0.0 0.0 0.4399999976158142 0.6399999856948853 0.0 0.46000000834465027 0.0 0.0 0.0 0.46000000834465027 0.0 0.0 0.0 0.3100000023841858 0.0 0.09000000357627869 0.0 0.09000000357627869 0.0 0.09000000357627869 0.09000000357627869 0.0 0.0 0.09000000357627869 0.09000000357627869 0.09000000357627869 0.0 0.0 0.0 0.0 0.0 0.09000000357627869 0.0 0.09000000357627869 0.09000000357627869 0.0 0.09000000357627869 0.0 0.09000000357627869 0.09000000357627869 0.09000000357627869 0.0 0.09000000357627869 0.09000000357627869 0.09000000357627869 0.5099999904632568 0.0 0.0 0.0 0.0 0.09000000357627869 0.0 0.09000000357627869 0.09000000357627869 0.6200000047683716 0.0 0.0 0.0 0.0 0.0 0.0 0.0 0.09000000357627869 0.05000000074505806 0.09000000357627869 0.09000000357627869 0.0 0.4300000071525574 0.0 0.0 0.0 0.0 0.0 0.09000000357627869 0.0 0.0 0.0 0.0 0.0 0.0 0.0 0.0 0.0 0.0 0.09000000357627869 0.0 0.0 0.0 0.09000000357627869 0.0 0.0 0.09000000357627869 0.09000000357627869 0.09000000357627869 0.6200000047683716 0.0 0.0 0.09000000357627869 0.09000000357627869 0.0 0.0 0.05000000074505806 0.0 0.33000001311302185 0.33000001311302185 0.0
56 0.0 0.3100000023841858 0.0 0.0 0.0 0.09000000357627869 0.09000000357627869 0.0 0.0 0.0 0.0 0.09000000357627869 0.09000000357627869 0.0 0.0 0.6399999856948853 0.0 0.46000000834465027 0.46000000834465027 0.0 0.46000000834465027 0.46000000834465027 0.0 0.0 0.0 0.0 0.0 0.09000000357627869 0.0 0.0 0.09000000357627869 0.0 0.0 0.0 0.3100000023841858 0.0 0.0 0.0 0.09000000357627869 0.09000000357627869 0.0 0.0 0.0 0.0 0.11999999731779099 0.0 0.11999999731779099 0.0 0.11999999731779099 0.0 0.11999999731779099 0.0 0.0 0.0 0.0 0.0 0.09000000357627869 0.0 0.09000000357627869 0.09000000357627869 0.6200000047683716 0.0 0.0 0.0 0.0 0.0 0.0 0.0 0.0 0.09000000357627869 0.0 0.09000000357627869 0.550000011920929 0.0 0.0 0.0 0.0 0.0 0.0 0.09000000357627869 0.0 0.0 0.0 0.11999999731779099 0.0 0.0 0.0 0.0 0.0 0.0 0.0 0.0 0.09000000357627869 0.09000000357627869 0.5099999904632568 0.0 0.0 0.0 0.0 0.09000000357627869 0.05000000074505806 0.09000000357627869 0.09000000357627869 0.0 0.4300000071525574 0.0 0.0 0.0 0.0 0.0 0.09000000357627869 0.0 0.0 0.09000000357627869 0.0 0.09000000357627869 0.0 0.09000000357627869 0.09000000357627869 0.09000000357627869 0.0 0.0 0.0 0.0 0.0 0.09000000357627869 0.0 0.09000000357627869 0.09000000357627869 0.11999999731779099 0.0 0.0 0.0 0.0 0.0 0.09000000357627869 0.0 0.09000000357627869 0.0 0.0 0.09000000357627869 0.09000000357627869 0.0 0.09000000357627869 0.0 0.0 0.4399999976158142 0.6399999856948853 0.0 0.46000000834465027 0.0 0.0 0.0 0.0 0.3100000023841858 0.0 0.09000000357627869 0.0 0.09000000357627869 0.0 0.4300000071525574 0.0 0.09000000357627869 0.09000000357627869 0.09000000357627869 0.0 0.0 0.0 0.0 0.0 0.09000000357627869 0.0 0.09000000357627869 0.09000000357627869 0.0 0.09000000357627869 0.0 0.09000000357627869 0.09000000357627869 0.09000000357627869 0.0 0.09000000357627869 0.09000000357627869 0.09000000357627869 0.5099999904632568 0.0 0.0 0.0 0.0 0.09000000357627869 0.0 0.09000000357627869 0.09000000357627869 0.6200000047683716 0.0 0.0 0.0 0.0 0.0 0.0 0.0 0.09000000357627869 0.05000000074505806 0.09000000357627869 0.09000000357627869 0.0 0.4300000071525574 0.0 0.0 0.0 0.0 0.0 0.09000000357627869 0.0 0.0 0.0 0.0 0.0 0.0 0.0 0.0 0.0 0.0 0.09000000357627869 0.09000000357627869 0.0 0.0 0.0 0.09000000357627869 0.0 0.0 0.09000000357627869 0.09000000357627869 0.0 0.0 0.0 0.0 0.0 0.0 0.0 0.0 0.0 0.0 0.09000000357627869 0.0 0.0 0.0 0.0 0.0 0.46000000834465027 0.0 0.0 0.0 0.0 0.0 0.09000000357627869 0.09000000357627869 0.6200000047683716 0.0 0.0 0.0 0.09000000357627869 0.09000000357627869 0.0 0.0 0.05000000074505806 0.0 0.33000001311302185 0.33000001311302185 0.0 0.0 0.0 0.09000000357627869 0.09000000357627869 0.09000000357627869
57 0.0 0.0 0.0 0.0 0.09000000357627869 0.09000000357627869 0.0 0.0 0.6399999856948853 0.0 0.46000000834465027 0.46000000834465027 0.0 0.46000000834465027 0.46000000834465027 0.0 0.0 0.0 0.0 0.09000000357627869 0.09000000357627869 0.0 0.0 0.0 0.0 0.11999999731779099 0.0 0.11999999731779099 0.0 0.0 0.0 0.0 0.0 0.0 0.09000000357627869 0.09000000357627869 0.0 0.0 0.0 0.0 0.0 0.09000000357627869 0.0 0.5099999904632568 0.0 0.0 0.0 0.09000000357627869 0.0 0.09000000357627869 0.09000000357627869 0.0 0.0 0.11999999731779099 0.0 0.11999999731779099 0.0 0.0 0.0 0.0 0.0 0.0 0.0 0.0 0.11999999731779099 0.11999999731779099 0.0 0.0 0.09000000357627869 0.0 0.0 0.0 0.0 0.09000000357627869 0.0 0.0 0.0 0.0 0.09000000357627869 0.0 0.0 0.0 0.0 0.0 0.09000000357627869 0.0 0.09000000357627869 0.0 0.0 0.09000000357627869 0.09000000357627869 0.0 0.09000000357627869 0.0 0.0 0.4399999976158142 0.6399999856948853 0.0 0.46000000834465027 0.0 0.0 0.0 0.0 0.3100000023841858 0.0 0.09000000357627869 0.0 0.09000000357627869 0.0 0.4300000071525574 0.0 0.09000000357627869 0.09000000357627869 0.09000000357627869 0.0 0.0 0.0 0.3100000023841858 0.0 0.09000000357627869 0.0 0.09000000357627869 0.0 0.09000000357627869 0.09000000357627869 0.0 0.0 0.09000000357627869 0.09000000357627869 0.09000000357627869 0.0 0.0 0.0 0.0 0.0 0.09000000357627869 0.0 0.09000000357627869 0.09000000357627869 0.6200000047683716 0.0 0.0 0.0 0.0 0.0 0.0 0.0 0.09000000357627869 0.05000000074505806 0.09000000357627869 0.09000000357627869 0.0 0.4300000071525574 0.0 0.0 0.0 0.0 0.0 0.09000000357627869 0.0 0.0 0.0 0.0 0.0 0.0 0.0 0.0 0.0 0.0 0.09000000357627869 0.09000000357627869 0.0 0.0 0.0 0.09000000357627869 0.0 0.0 0.09000000357627869 0.09000000357627869 0.0 0.0 0.0 0.0 0.0 0.0 0.09000000357627869 0.0 0.0 0.0 0.0 0.0 0.0 0.09000000357627869 0.09000000357627869 0.6200000047683716 0.0 0.0 0.0 0.0 0.0 0.0 0.0 0.3100000023841858 0.0 0.09000000357627869 0.0 0.09000000357627869 0.09000000357627869 0.0 0.09000000357627869 0.09000000357627869 0.0 0.09000000357627869 0.09000000357627869 0.0 0.0 0.05000000074505806 0.0 0.33000001311302185 0.33000001311302185 0.0 0.1899999976158142 0.12999999523162842 0.0 0.0 0.3199999928474426 0.18000000715255737 0.4300000071525574 0.3100000023841858 0.0 0.09000000357627869 0.0 0.09000000357627869 0.09000000357627869 0.6200000047683716 0.0 0.0 0.5099999904632568 0.0 0.0 0.0 0.09000000357627869 0.5099999904632568 0.0 0.0 0.0 0.0 0.0 0.0 0.09000000357627869 0.09000000357627869 0.0 0.09000000357627869 0.0 0.0 0.09000000357627869 0.09000000357627869 0.09000000357627869
58 0.09000000357627869 0.0 0.0 0.0 0.0 0.0 0.0 0.09000000357627869 0.09000000357627869 0.0 0.0 0.0 0.0 0.11999999731779099 0.0 0.0 0.0 0.0 0.0 0.0 0.09000000357627869 0.0 0.09000000357627869 0.09000000357627869 0.6200000047683716 0.0 0.0 0.0 0.0 0.0 0.0 0.0 0.09000000357627869 0.0 0.09000000357627869 0.09000000357627869 0.0 0.09000000357627869 0.0 0.0 0.5099999904632568 0.0 0.0 0.0 0.0 0.09000000357627869 0.0 0.09000000357627869 0.09000000357627869 0.0 0.0 0.11999999731779099 0.0 0.11999999731779099 0.0 0.0 0.0 0.0 0.0 0.0 0.5099999904632568 0.0 0.0 0.3100000023841858 0.0 0.3100000023841858 0.0 0.09000000357627869 0.0 0.09000000357627869 0.09000000357627869 0.0 0.0 0.0 0.6200000047683716 0.0 0.0 0.5099999904632568 0.0 0.0 0.3100000023841858 0.5099999904632568 0.0 0.0 0.0 0.0 0.0 0.09000000357627869 0.0 0.0 0.09000000357627869 0.0 0.0 0.11999999731779099 0.0 0.11999999731779099 0.0 0.11999999731779099 0.0 0.11999999731779099 0.0 0.11999999731779099 0.0 0.0 0.0 0.11999999731779099 0.10999999940395355 0.0 0.4300000071525574 0.0 0.0 0.11999999731779099 0.6200000047683716 0.0 0.0 0.0 0.0 0.09000000357627869 0.0 0.09000000357627869 0.09000000357627869 0.0 0.09000000357627869 0.550000011920929 0.0 0.30000001192092896 0.5099999904632568 0.0 0.0 0.0 0.0 0.09000000357627869 0.05000000074505806 0.09000000357627869 0.0 0.0 0.0 0.0 0.0 0.0 0.09000000357627869 0.0 0.0 0.0 0.0 0.0 0.09000000357627869 0.0 0.09000000357627869 0.09000000357627869 0.0 0.0 0.11999999731779099 0.0 0.0 0.0 0.0 0.0 0.09000000357627869 0.0 0.09000000357627869 0.0 0.0 0.09000000357627869 0.09000000357627869 0.0 0.09000000357627869 0.0 0.0 0.4399999976158142 0.6399999856948853 0.0 0.46000000834465027 0.0 0.0 0.0 0.46000000834465027 0.0 0.0 0.0 0.3100000023841858 0.0 0.09000000357627869 0.0 0.09000000357627869 0.0 0.4300000071525574 0.0 0.09000000357627869 0.09000000357627869 0.09000000357627869 0.0 0.0 0.0 0.3100000023841858 0.0 0.09000000357627869 0.0 0.09000000357627869 0.0 0.09000000357627869 0.09000000357627869 0.0 0.0 0.09000000357627869 0.09000000357627869 0.09000000357627869 0.0 0.0 0.0 0.0 0.0 0.09000000357627869 0.0 0.09000000357627869 0.09000000357627869 0.0 0.09000000357627869 0.0 0.09000000357627869 0.09000000357627869 0.09000000357627869 0.0 0.09000000357627869 0.09000000357627869 0.09000000357627869 0.5099999904632568 0.0 0.0 0.0 0.0 0.09000000357627869 0.05000000074505806 0.09000000357627869 0.09000000357627869 0.0 0.4300000071525574 0.0 0.0 0.0 0.0 0.0 0.09000000357627869 0.0 0.0 0.0 0.0 0.0 0.0 0.0 0.0 0.0 0.0 0.09000000357627869 0.09000000357627869 0.0 0.0 0.0 0.09000000357627869 0.0 0.0 0.09000000357627869 0.09000000357627869 0.0 0.0 0.0 0.0 0.0 0.0 0.0 0.0 0.0 0.09000000357627869 0.09000000357627869 0.6200000047683716 0.0 0.0 0.0 0.0 0.0 0.0 0.0 0.3100000023841858 0.0 0.09000000357627869 0.0 0.09000000357627869 0.09000000357627869 0.0 0.09000000357627869 0.09000000357627869 0.0 0.09000000357627869 0.09000000357627869 0.0 0.0 0.05000000074505806 0.0 0.33000001311302185 0.33000001311302185 0.0 0.0 0.0 0.0 0.3100000023841858 0.1899999976158142 0.12999999523162842 0.0 0.0 0.0 0.0 0.4399999976158142 0.3199999928474426 0.18000000715255737 0.18000000715255737 0.0 0.0 0.09000000357627869 0.5099999904632568 0.0 0.09000000357627869 0.09000000357627869 0.0 0.09000000357627869 0.09000000357627869 0.09000000357627869
59 0.0 0.0 0.0 0.09000000357627869 0.09000000357627869 0.0 0.0 0.0 0.0 0.09000000357627869 0.09000000357627869 0.0 0.0 0.6399999856948853 0.0 0.46000000834465027 0.46000000834465027 0.0 0.46000000834465027 0.0 0.0 0.0 0.0 0.0 0.09000000357627869 0.0 0.0 0.09000000357627869 0.0 0.09000000357627869 0.0 0.09000000357627869 0.09000000357627869 0.0 0.0 0.0 0.3100000023841858 0.0 0.0 0.0 0.09000000357627869 0.09000000357627869 0.0 0.0 0.0 0.0 0.11999999731779099 0.0 0.11999999731779099 0.0 0.11999999731779099 0.0 0.11999999731779099 0.0 0.0 0.0 0.0 0.0 0.09000000357627869 0.0 0.09000000357627869 0.09000000357627869 0.6200000047683716 0.0 0.0 0.0 0.0 0.0 0.0 0.0 0.09000000357627869 0.0 0.09000000357627869 0.09000000357627869 0.0 0.09000000357627869 0.09000000357627869 0.550000011920929 0.0 0.0 0.0 0.0 0.5099999904632568 0.0 0.0 0.0 0.0 0.09000000357627869 0.0 0.09000000357627869 0.09000000357627869 0.0 0.0 0.11999999731779099 0.0 0.11999999731779099 0.0 0.0 0.0 0.0 0.0 0.0 0.5099999904632568 0.0 0.0 0.3100000023841858 0.0 0.09000000357627869 0.3100000023841858 0.0 0.0 0.09000000357627869 0.09000000357627869 0.0 0.0 0.0 0.6200000047683716 0.0 0.0 0.0 0.11999999731779099 0.11999999731779099 0.0 0.11999999731779099 0.0 0.4300000071525574 0.0 0.5099999904632568 0.0 0.0 0.0 0.0 0.09000000357627869 0.0 0.09000000357627869 0.09000000357627869 0.0 0.09000000357627869 0.550000011920929 0.0 0.0 0.30000001192092896 0.5099999904632568 0.0 0.0 0.0 0.0 0.09000000357627869 0.05000000074505806 0.09000000357627869 0.09000000357627869 0.0 0.4300000071525574 0.0 0.0 0.0 0.0 0.0 0.09000000357627869 0.0 0.0 0.09000000357627869 0.09000000357627869 0.0 0.0 0.0 0.0 0.0 0.09000000357627869 0.0 0.09000000357627869 0.09000000357627869 0.0 0.0 0.0 0.0 0.0 0.09000000357627869 0.0 0.09000000357627869 0.0 0.0 0.09000000357627869 0.09000000357627869 0.0 0.09000000357627869 0.0 0.0 0.4399999976158142 0.6399999856948853 0.0 0.46000000834465027 0.0 0.0 0.0 0.46000000834465027 0.0 0.0 0.0 0.3100000023841858 0.0 0.09000000357627869 0.0 0.09000000357627869 0.0 0.4300000071525574 0.0 0.09000000357627869 0.09000000357627869 0.09000000357627869 0.0 0.0 0.0 0.3100000023841858 0.0 0.09000000357627869 0.0 0.09000000357627869 0.0 0.09000000357627869 0.09000000357627869 0.0 0.0 0.09000000357627869 0.09000000357627869 0.09000000357627869 0.0 0.0 0.0 0.0 0.0 0.09000000357627869 0.0 0.09000000357627869 0.09000000357627869 0.0 0.09000000357627869 0.0 0.09000000357627869 0.09000000357627869 0.09000000357627869 0.0 0.09000000357627869 0.09000000357627869 0.09000000357627869 0.5099999904632568 0.0 0.0 0.0 0.0 0.09000000357627869 0.0 0.09000000357627869 0.09000000357627869 0.6200000047683716 0.0 0.0 0.0 0.0 0.0 0.0 0.0 0.09000000357627869 0.0 0.0 0.0 0.0 0.0 0.0 0.0 0.0 0.0 0.0 0.09000000357627869 0.09000000357627869 0.0 0.0 0.0 0.09000000357627869 0.0 0.0 0.09000000357627869 0.09000000357627869 0.0 0.0 0.0 0.0 0.0 0.0 0.0 0.0 0.09000000357627869 0.0 0.0 0.0 0.0 0.0 0.0 0.0 0.09000000357627869 0.09000000357627869 0.0 0.0 0.0 0.0 0.0 0.0 0.0 0.0 0.09000000357627869 0.0 0.0 0.0 0.0 0.0 0.0 0.0 0.0 0.0 0.09000000357627869 0.09000000357627869 0.6200000047683716 0.0 0.0 0.0 0.0 0.0 0.0 0.0 0.09000000357627869 0.0 0.3100000023841858 0.0 0.0 0.09000000357627869 0.09000000357627869 0.0 0.09000000357627869 0.09000000357627869 0.0 0.09000000357627869 0.09000000357627869 0.0 0.0 0.05000000074505806 0.0 0.33000001311302185 0.33000001311302185 0.0 0.1899999976158142 0.12999999523162842 0.0 0.0 0.3199999928474426 0.18000000715255737 0.0 0.0 0.0 0.0 0.09000000357627869 0.0 0.09000000357627869 0.0 0.0 0.09000000357627869 0.09000000357627869 0.09000000357627869
6 0.09000000357627869 0.0 0.0 0.0 0.3100000023841858 0.0 0.09000000357627869 0.0 0.09000000357627869 0.0 0.09000000357627869 0.09000000357627869 0.09000000357627869 0.0 0.09000000357627869 0.09000000357627869 0.0 0.09000000357627869 0.09000000357627869 0.0 0.0 0.0 0.3100000023841858 0.07000000029802322 0.09000000357627869 0.0 0.09000000357627869 0.09000000357627869 0.09000000357627869 0.0 0.0 0.0 0.3100000023841858 0.0 0.09000000357627869 0.0 0.09000000357627869 0.0 0.09000000357627869 0.09000000357627869 0.09000000357627869 0.0 0.09000000357627869 0.09000000357627869 0.0 0.09000000357627869 0.09000000357627869 0.09000000357627869 0.0 0.0 0.0 0.3100000023841858 0.0 0.09000000357627869 0.0 0.09000000357627869 0.09000000357627869 0.1899999976158142 0.12999999523162842 0.1899999976158142 0.0 0.4399999976158142 0.0 0.4399999976158142 0.3199999928474426 0.18000000715255737 0.0 0.0 0.0 0.0 0.09000000357627869 0.09000000357627869 0.0 0.09000000357627869 0.0 0.09000000357627869 0.09000000357627869 0.0 0.09000000357627869 0.09000000357627869 0.5099999904632568 0.0 0.0 0.0 0.0 0.09000000357627869 0.0 0.09000000357627869 0.09000000357627869 0.0 0.0 0.0 0.0 0.3700000047683716 0.23999999463558197 0.10999999940395355 0.0 0.0 0.1599999964237213 0.5099999904632568 0.0 0.0 0.0 0.0 0.09000000357627869 0.0 0.09000000357627869 0.09000000357627869 0.0 0.0 0.11999999731779099 0.0 0.0 0.11999999731779099 0.0 0.11999999731779099 0.0 0.11999999731779099 0.5099999904632568 0.0 0.0 0.0 0.0 0.09000000357627869 0.0 0.09000000357627869 0.0 0.09000000357627869 0.09000000357627869 0.0 0.09000000357627869 0.09000000357627869 0.20999999344348907 0.05000000074505806 0.05000000074505806 0.0 0.33000001311302185 0.33000001311302185 0.33000001311302185 0.09000000357627869 0.4399999976158142 0.46000000834465027
60 0.0 0.0 0.3100000023841858 0.0 0.0 0.0 0.09000000357627869 0.09000000357627869 0.0 0.0 0.0 0.0 0.09000000357627869 0.09000000357627869 0.0 0.0 0.6399999856948853 0.46000000834465027 0.46000000834465027 0.0 0.0 0.0 0.0 0.0 0.09000000357627869 0.0 0.0 0.09000000357627869 0.0 0.09000000357627869 0.0 0.09000000357627869 0.09000000357627869 0.09000000357627869 0.0 0.09000000357627869 0.09000000357627869 0.09000000357627869 0.0 0.0 0.0 0.3100000023841858 0.0 0.0 0.0 0.09000000357627869 0.09000000357627869 0.0 0.0 0.0 0.0 0.11999999731779099 0.0 0.11999999731779099 0.0 0.11999999731779099 0.0 0.11999999731779099 0.0 0.0 0.0 0.0 0.0 0.09000000357627869 0.0 0.09000000357627869 0.09000000357627869 0.6200000047683716 0.0 0.0 0.0 0.0 0.0 0.0 0.0 0.09000000357627869 0.0 0.09000000357627869 0.09000000357627869 0.0 0.09000000357627869 0.09000000357627869 0.550000011920929 0.0 0.0 0.0 0.0 0.5099999904632568 0.0 0.0 0.0 0.0 0.09000000357627869 0.0 0.09000000357627869 0.09000000357627869 0.0 0.0 0.11999999731779099 0.0 0.11999999731779099 0.0 0.0 0.0 0.0 0.0 0.0 0.5099999904632568 0.0 0.0 0.3100000023841858 0.0 0.09000000357627869 0.0 0.09000000357627869 0.09000000357627869 0.0 0.0 0.11999999731779099 0.0 0.0 0.11999999731779099 0.0 0.11999999731779099 0.0 0.11999999731779099 0.5099999904632568 0.0 0.0 0.3100000023841858 0.0 0.3100000023841858 0.0 0.0 0.09000000357627869 0.09000000357627869 0.0 0.0 0.0 0.6200000047683716 0.0 0.0 0.11999999731779099 0.0 0.09000000357627869 0.5099999904632568 0.0 0.0 0.0 0.09000000357627869 0.05000000074505806 0.09000000357627869 0.0 0.0 0.0 0.0 0.0 0.09000000357627869 0.0 0.09000000357627869 0.0 0.0 0.09000000357627869 0.09000000357627869 0.0 0.09000000357627869 0.0 0.0 0.4399999976158142 0.6399999856948853 0.0 0.46000000834465027 0.0 0.0 0.0 0.46000000834465027 0.0 0.0 0.0 0.3100000023841858 0.0 0.09000000357627869 0.0 0.09000000357627869 0.09000000357627869 0.0 0.0 0.0 0.3100000023841858 0.0 0.09000000357627869 0.0 0.09000000357627869 0.0 0.09000000357627869 0.09000000357627869 0.0 0.0 0.09000000357627869 0.09000000357627869 0.09000000357627869 0.0 0.0 0.0 0.0 0.0 0.09000000357627869 0.0 0.09000000357627869 0.09000000357627869 0.0 0.09000000357627869 0.0 0.09000000357627869 0.09000000357627869 0.5099999904632568 0.0 0.0 0.0 0.0 0.09000000357627869 0.0 0.09000000357627869 0.09000000357627869 0.6200000047683716 0.0 0.0 0.0 0.0 0.0 0.0 0.0 0.09000000357627869 0.05000000074505806 0.09000000357627869 0.09000000357627869 0.0 0.4300000071525574 0.0 0.0 0.0 0.0 0.0 0.0 0.0 0.0 0.0 0.09000000357627869 0.09000000357627869 0.0 0.0 0.0 0.09000000357627869 0.0 0.0 0.09000000357627869 0.09000000357627869 0.0 0.0 0.0 0.0 0.0 0.0 0.0 0.0 0.09000000357627869 0.0 0.0 0.0 0.0 0.0 0.0 0.0 0.0 0.0 0.0 0.09000000357627869 0.0 0.0 0.0 0.0 0.0 0.0 0.0 0.09000000357627869 0.09000000357627869 0.0 0.0 0.0 0.0 0.0 0.0 0.0 0.0 0.0 0.0 0.0 0.0 0.09000000357627869 0.0 0.0 0.0 0.09000000357627869 0.0 0.0 0.0 0.0 0.0 0.0 0.0 0.0 0.0 0.09000000357627869 0.09000000357627869 0.6200000047683716 0.0 0.0 0.0 0.0 0.0 0.0 0.0 0.09000000357627869 0.0 0.0 0.0 0.0 0.09000000357627869 0.0 0.0 0.0 0.0 0.0 0.0 0.0 0.3100000023841858 0.0 0.09000000357627869 0.0 0.09000000357627869 0.09000000357627869 0.0 0.09000000357627869 0.09000000357627869 0.0 0.09000000357627869 0.09000000357627869 0.0 0.0 0.05000000074505806 0.0 0.33000001311302185 0.33000001311302185 0.0 0.0 0.0 0.0 0.3100000023841858 0.0 0.0 0.0 0.1899999976158142 0.12999999523162842 0.0 0.0 0.0 0.0 0.4399999976158142 0.3199999928474426 0.18000000715255737 0.0 0.0 0.0 0.11999999731779099 0.09000000357627869 0.4399999976158142 0.0 0.09000000357627869 0.09000000357627869 0.0 0.0 0.0 0.0 0.0 0.0 0.0 0.0 0.0 0.0 0.09000000357627869 0.0 0.4399999976158142 0.6399999856948853 0.0 0.46000000834465027 0.46000000834465027 0.0 0.46000000834465027 0.46000000834465027 0.11999999731779099 0.0 0.0 0.0 0.09000000357627869 0.5099999904632568 0.0 0.0 0.09000000357627869 0.5099999904632568 0.0 0.0 0.0 0.0 0.0 0.0 0.09000000357627869 0.09000000357627869 0.0 0.09000000357627869 0.0 0.0 0.0 0.09000000357627869 0.09000000357627869 0.09000000357627869 0.0 0.0 0.0
61 0.0 0.09000000357627869 0.0 0.0 0.0 0.0 0.0 0.3100000023841858 0.0 0.09000000357627869 0.05000000074505806 0.0 0.09000000357627869 0.0 0.4300000071525574 0.0 0.0 0.0 0.3100000023841858 0.0 0.0 0.0 0.09000000357627869 0.09000000357627869 0.0 0.0 0.0 0.0 0.09000000357627869 0.09000000357627869 0.0 0.0 0.6399999856948853 0.0 0.46000000834465027 0.46000000834465027 0.0 0.46000000834465027 0.46000000834465027 0.0 0.0 0.0 0.0 0.0 0.09000000357627869 0.0 0.0 0.09000000357627869 0.0 0.09000000357627869 0.0 0.09000000357627869 0.09000000357627869 0.09000000357627869 0.0 0.09000000357627869 0.09000000357627869 0.09000000357627869 0.0 0.0 0.0 0.3100000023841858 0.0 0.0 0.0 0.09000000357627869 0.09000000357627869 0.0 0.0 0.0 0.0 0.11999999731779099 0.0 0.11999999731779099 0.0 0.11999999731779099 0.0 0.11999999731779099 0.0 0.0 0.0 0.0 0.0 0.09000000357627869 0.0 0.09000000357627869 0.09000000357627869 0.6200000047683716 0.0 0.0 0.0 0.0 0.0 0.0 0.0 0.09000000357627869 0.0 0.09000000357627869 0.09000000357627869 0.0 0.09000000357627869 0.09000000357627869 0.550000011920929 0.0 0.0 0.0 0.0 0.5099999904632568 0.0 0.0 0.0 0.0 0.09000000357627869 0.0 0.09000000357627869 0.09000000357627869 0.0 0.0 0.11999999731779099 0.0 0.11999999731779099 0.0 0.0 0.0 0.0 0.0 0.0 0.5099999904632568 0.0 0.3100000023841858 0.11999999731779099 0.11999999731779099 0.09000000357627869 0.0 0.09000000357627869 0.0 0.09000000357627869 0.0 0.0 0.09000000357627869 0.0 0.0 0.0 0.0 0.0 0.3100000023841858 0.0 0.09000000357627869 0.0 0.09000000357627869 0.0 0.4300000071525574 0.0 0.09000000357627869 0.09000000357627869 0.09000000357627869 0.0 0.0 0.0 0.3100000023841858 0.0 0.09000000357627869 0.0 0.09000000357627869 0.0 0.09000000357627869 0.09000000357627869 0.0 0.0 0.09000000357627869 0.09000000357627869 0.09000000357627869 0.0 0.0 0.0 0.0 0.0 0.09000000357627869 0.0 0.09000000357627869 0.09000000357627869 0.0 0.09000000357627869 0.0 0.09000000357627869 0.09000000357627869 0.09000000357627869 0.0 0.09000000357627869 0.09000000357627869 0.09000000357627869 0.5099999904632568 0.0 0.0 0.0 0.0 0.09000000357627869 0.0 0.09000000357627869 0.09000000357627869 0.6200000047683716 0.0 0.0 0.0 0.0 0.0 0.0 0.0 0.09000000357627869 0.05000000074505806 0.09000000357627869 0.09000000357627869 0.0 0.4300000071525574 0.0 0.0 0.0 0.0 0.0 0.09000000357627869 0.0 0.0 0.0 0.0 0.0 0.0 0.0 0.0 0.0 0.09000000357627869 0.0 0.0 0.0 0.0 0.0 0.0 0.0 0.0 0.0 0.0 0.09000000357627869 0.0 0.0 0.0 0.0 0.0 0.0 0.0 0.0 0.0 0.0 0.0 0.0 0.0 0.09000000357627869 0.0 0.09000000357627869 0.0 0.09000000357627869 0.0 0.0 0.0 0.0 0.0 0.09000000357627869 0.0 0.20000000298023224 0.09000000357627869 0.0 0.4399999976158142 0.6399999856948853 0.0 0.46000000834465027 0.46000000834465027 0.0 0.46000000834465027 0.46000000834465027 0.0 0.0 0.0 0.0 0.0 0.0 0.0 0.0 0.0 0.0 0.0 0.0 0.0 0.0 0.0 0.0 0.0 0.0 0.0 0.0 0.09000000357627869 0.09000000357627869 0.0 0.0 0.11999999731779099 0.0 0.11999999731779099 0.0 0.11999999731779099 0.0 0.0 0.0 0.11999999731779099 0.0 0.0 0.0 0.0 0.0 0.0 0.0 0.0 0.0 0.0 0.0 0.0 0.09000000357627869 0.0 0.0 0.0 0.09000000357627869 0.0 0.0 0.0 0.0 0.0 0.0 0.0 0.0 0.0 0.09000000357627869 0.09000000357627869 0.6200000047683716 0.0 0.0 0.0 0.0 0.0 0.0 0.0 0.09000000357627869 0.0 0.0 0.0 0.0 0.09000000357627869 0.0 0.0 0.0 0.0 0.0 0.0 0.0 0.0 0.3100000023841858 0.0 0.09000000357627869 0.0 0.09000000357627869 0.09000000357627869 0.0 0.09000000357627869 0.09000000357627869 0.0 0.09000000357627869 0.09000000357627869 0.0 0.0 0.05000000074505806 0.0 0.33000001311302185 0.33000001311302185 0.0 0.0 0.0 0.3100000023841858 0.1899999976158142 0.12999999523162842 0.0 0.0 0.3199999928474426 0.0 0.11999999731779099 0.0 0.0 0.0 0.0 0.0 0.0 0.0 0.0 0.0 0.0 0.0 0.0 0.0 0.09000000357627869 0.0 0.0 0.0 0.0 0.0 0.09000000357627869 0.0 0.4399999976158142 0.6399999856948853 0.0 0.46000000834465027 0.46000000834465027 0.0 0.46000000834465027 0.46000000834465027 0.0 0.0 0.11999999731779099 0.0 0.0 0.0 0.0 0.0 0.0 0.0 0.0 0.4300000071525574 0.0 0.09000000357627869 0.6200000047683716 0.0 0.0 0.5099999904632568 0.0 0.0 0.0 0.09000000357627869 0.09000000357627869 0.5099999904632568 0.0 0.0 0.0 0.0 0.0 0.0 0.09000000357627869 0.09000000357627869 0.0 0.09000000357627869 0.0 0.0 0.0 0.09000000357627869 0.09000000357627869 0.09000000357627869 0.0 0.0 0.0 0.0 0.0 0.0 0.0 0.0 0.0 0.0 0.0 0.0 0.0 0.0 0.0 0.0 0.0 0.0 0.0 0.0 0.0 0.0 0.0
62 0.09000000357627869 0.0 0.0 0.0 0.0 0.09000000357627869 0.09000000357627869 0.0 0.09000000357627869 0.0 0.09000000357627869 0.09000000357627869 0.0 0.09000000357627869 0.0 0.0 0.0 0.0 0.3100000023841858 0.0 0.09000000357627869 0.05000000074505806 0.0 0.09000000357627869 0.0 0.4300000071525574 0.0 0.0 0.0 0.3100000023841858 0.0 0.0 0.0 0.09000000357627869 0.09000000357627869 0.0 0.0 0.0 0.0 0.09000000357627869 0.09000000357627869 0.0 0.0 0.6399999856948853 0.0 0.46000000834465027 0.46000000834465027 0.0 0.46000000834465027 0.46000000834465027 0.0 0.0 0.0 0.0 0.0 0.09000000357627869 0.0 0.0 0.09000000357627869 0.0 0.09000000357627869 0.0 0.09000000357627869 0.09000000357627869 0.09000000357627869 0.0 0.09000000357627869 0.09000000357627869 0.09000000357627869 0.0 0.0 0.0 0.3100000023841858 0.0 0.0 0.0 0.09000000357627869 0.09000000357627869 0.0 0.0 0.0 0.0 0.11999999731779099 0.0 0.11999999731779099 0.0 0.11999999731779099 0.0 0.11999999731779099 0.0 0.0 0.0 0.0 0.0 0.09000000357627869 0.0 0.09000000357627869 0.09000000357627869 0.6200000047683716 0.0 0.0 0.0 0.0 0.0 0.0 0.09000000357627869 0.0 0.09000000357627869 0.09000000357627869 0.0 0.09000000357627869 0.09000000357627869 0.550000011920929 0.0 0.0 0.0 0.0 0.5099999904632568 0.0 0.0 0.0 0.09000000357627869 0.0 0.0 0.0 0.11999999731779099 0.0 0.0 0.0 0.0 0.0 0.0 0.11999999731779099 0.0 0.11999999731779099 0.0 0.11999999731779099 0.0 0.09000000357627869 0.0 0.0 0.09000000357627869 0.09000000357627869 0.0 0.0 0.0 0.09000000357627869 0.5099999904632568 0.0 0.0 0.0 0.0 0.0 0.09000000357627869 0.05000000074505806 0.09000000357627869 0.09000000357627869 0.0 0.4300000071525574 0.0 0.0 0.0 0.0 0.0 0.09000000357627869 0.0 0.0 0.0 0.0 0.0 0.0 0.0 0.0 0.0 0.0 0.09000000357627869 0.09000000357627869 0.0 0.0 0.0 0.09000000357627869 0.0 0.0 0.09000000357627869 0.09000000357627869 0.0 0.0 0.0 0.0 0.0 0.0 0.0 0.0 0.09000000357627869 0.0 0.0 0.0 0.0 0.0 0.0 0.0 0.0 0.0 0.0 0.0 0.0 0.0 0.09000000357627869 0.0 0.09000000357627869 0.09000000357627869 0.0 0.0 0.09000000357627869 0.0 0.09000000357627869 0.0 0.0 0.0 0.0 0.0 0.09000000357627869 0.0 0.09000000357627869 0.0 0.09000000357627869 0.0 0.20000000298023224 0.09000000357627869 0.0 0.4399999976158142 0.6399999856948853 0.0 0.46000000834465027 0.46000000834465027 0.0 0.11999999731779099 0.0 0.0 0.11999999731779099 0.0 0.0 0.0 0.0 0.0 0.0 0.0 0.0 0.0 0.0 0.0 0.0 0.0 0.0 0.0 0.0 0.0 0.0 0.0 0.09000000357627869 0.0 0.0 0.0 0.0 0.0 0.0 0.0 0.0 0.0 0.09000000357627869 0.09000000357627869 0.0 0.0 0.11999999731779099 0.0 0.11999999731779099 0.0 0.0 0.0 0.0 0.11999999731779099 0.0 0.0 0.0 0.0 0.0 0.0 0.0 0.0 0.0 0.0 0.0 0.0 0.09000000357627869 0.0 0.0 0.0 0.09000000357627869 0.0 0.0 0.0 0.0 0.0 0.0 0.0 0.0 0.0 0.09000000357627869 0.09000000357627869 0.6200000047683716 0.0 0.0 0.0 0.0 0.0 0.0 0.0 0.09000000357627869 0.0 0.0 0.0 0.0 0.09000000357627869 0.0 0.0 0.0 0.0 0.0 0.3100000023841858 0.09000000357627869 0.0 0.0 0.0 0.0 0.0 0.0 0.0 0.0 0.0 0.0 0.0 0.0 0.0 0.0 0.0 0.0 0.0 0.0 0.0 0.0 0.0 0.0 0.0 0.0 0.0 0.0 0.09000000357627869 0.09000000357627869 0.0 0.0 0.0 0.0 0.0 0.0 0.0 0.0 0.11999999731779099 0.0 0.0 0.0 0.0 0.0 0.0 0.0 0.09000000357627869 0.0 0.09000000357627869 0.0 0.0 0.0 0.0 0.0 0.09000000357627869 0.09000000357627869 0.0 0.4399999976158142 0.6399999856948853 0.0 0.46000000834465027 0.46000000834465027 0.0 0.46000000834465027 0.46000000834465027 0.0 0.0 0.0 0.3100000023841858 0.0 0.0 0.0 0.09000000357627869 0.0 0.0 0.0 0.0 0.0 0.09000000357627869 0.0 0.0 0.09000000357627869 0.0 0.0 0.11999999731779099 0.0 0.11999999731779099 0.0 0.0 0.0 0.0 0.0 0.0 0.0 0.0 0.0 0.0 0.3100000023841858 0.5099999904632568 0.0 0.0 0.0 0.0 0.0 0.09000000357627869 0.09000000357627869 0.0 0.09000000357627869 0.0 0.0 0.0 0.09000000357627869 0.09000000357627869 0.09000000357627869 0.0 0.0 0.0 0.0 0.0 0.0 0.0 0.0 0.0 0.0 0.09000000357627869 0.0 0.0 0.0 0.0 0.0 0.0 0.0 0.0 0.0 0.0 0.0 0.0 0.0 0.0 0.0 0.0 0.0 0.0 0.0 0.0 0.0
63 0.0 0.0 0.09000000357627869 0.09000000357627869 0.0 0.0 0.0 0.0 0.09000000357627869 0.0 0.09000000357627869 0.0 0.09000000357627869 0.09000000357627869 0.0 0.09000000357627869 0.0 0.0 0.0 0.0 0.3100000023841858 0.0 0.09000000357627869 0.05000000074505806 0.0 0.09000000357627869 0.0 0.4300000071525574 0.0 0.0 0.0 0.3100000023841858 0.0 0.0 0.0 0.09000000357627869 0.09000000357627869 0.0 0.0 0.0 0.0 0.09000000357627869 0.09000000357627869 0.0 0.0 0.6399999856948853 0.0 0.46000000834465027 0.46000000834465027 0.0 0.46000000834465027 0.46000000834465027 0.0 0.0 0.0 0.0 0.0 0.09000000357627869 0.0 0.0 0.09000000357627869 0.0 0.09000000357627869 0.0 0.09000000357627869 0.09000000357627869 0.09000000357627869 0.0 0.09000000357627869 0.09000000357627869 0.09000000357627869 0.0 0.0 0.0 0.3100000023841858 0.0 0.0 0.0 0.09000000357627869 0.09000000357627869 0.0 0.0 0.0 0.0 0.11999999731779099 0.0 0.11999999731779099 0.0 0.11999999731779099 0.0 0.11999999731779099 0.0 0.0 0.0 0.0 0.0 0.0 0.09000000357627869 0.09000000357627869 0.0 0.09000000357627869 0.09000000357627869 0.550000011920929 0.0 0.0 0.0 0.0 0.0 0.09000000357627869 0.09000000357627869 0.0 0.0 0.09000000357627869 0.09000000357627869 0.0 0.4300000071525574 0.0 0.0 0.0 0.0 0.09000000357627869 0.0 0.0 0.0 0.0 0.0 0.0 0.0 0.0 0.0 0.0 0.09000000357627869 0.09000000357627869 0.0 0.0 0.0 0.09000000357627869 0.0 0.0 0.09000000357627869 0.09000000357627869 0.0 0.0 0.0 0.0 0.0 0.0 0.0 0.0 0.09000000357627869 0.0 0.0 0.0 0.0 0.0 0.0 0.0 0.0 0.0 0.09000000357627869 0.0 0.09000000357627869 0.09000000357627869 0.0 0.0 0.09000000357627869 0.0 0.09000000357627869 0.0 0.0 0.0 0.0 0.0 0.09000000357627869 0.0 0.09000000357627869 0.09000000357627869 0.0 0.09000000357627869 0.0 0.20000000298023224 0.09000000357627869 0.09000000357627869 0.0 0.4399999976158142 0.6399999856948853 0.0 0.46000000834465027 0.46000000834465027 0.0 0.46000000834465027 0.46000000834465027 0.0 0.0 0.0 0.3100000023841858 0.0 0.0 0.05000000074505806 0.09000000357627869 0.09000000357627869 0.5099999904632568 0.0 0.0 0.3100000023841858 0.6200000047683716 0.0 0.0 0.0 0.05000000074505806 0.0 0.0 0.0 0.0 0.0 0.0 0.0 0.11999999731779099 0.0 0.0 0.0 0.0 0.0 0.11999999731779099 0.0 0.0 0.0 0.0 0.0 0.0 0.0 0.0 0.0 0.09000000357627869 0.0 0.0 0.0 0.09000000357627869 0.09000000357627869 0.09000000357627869 0.0 0.0 0.0 0.0 0.0 0.0 0.0 0.0 0.0 0.0 0.0 0.0 0.0 0.0 0.0 0.0 0.09000000357627869 0.0 0.0 0.0 0.0 0.0 0.0 0.0 0.0 0.0 0.09000000357627869 0.09000000357627869 0.0 0.0 0.11999999731779099 0.0 0.11999999731779099 0.0 0.11999999731779099 0.0 0.0 0.0 0.11999999731779099 0.0 0.0 0.0 0.0 0.0 0.0 0.0 0.0 0.0 0.0 0.0 0.0 0.09000000357627869 0.0 0.0 0.0 0.09000000357627869 0.0 0.0 0.0 0.0 0.0 0.0 0.0 0.0 0.0 0.09000000357627869 0.09000000357627869 0.6200000047683716 0.0 0.0 0.0 0.0 0.0 0.0 0.0 0.0 0.09000000357627869 0.0 0.0 0.0 0.0 0.0 0.0 0.0 0.0 0.0 0.0 0.0 0.0 0.0 0.0 0.0 0.0 0.0 0.09000000357627869 0.0 0.4399999976158142 0.6399999856948853 0.0 0.46000000834465027 0.46000000834465027 0.0 0.46000000834465027 0.46000000834465027 0.0 0.09000000357627869 0.0 0.0 0.09000000357627869 0.0 0.0 0.11999999731779099 0.0 0.11999999731779099 0.0 0.0 0.0 0.0 0.0 0.0 0.0 0.0 0.0 0.0 0.09000000357627869 0.09000000357627869 0.0 0.09000000357627869 0.0 0.0 0.0 0.09000000357627869 0.09000000357627869 0.09000000357627869 0.0 0.0 0.0 0.0 0.0 0.0 0.0 0.0 0.0 0.0 0.0 0.0 0.0 0.0 0.0 0.0 0.0 0.0 0.0 0.0 0.0 0.09000000357627869 0.0 0.4300000071525574 0.0 0.09000000357627869 0.09000000357627869 0.0 0.0 0.0 0.0 0.0 0.0 0.0 0.0 0.0 0.0 0.0 0.0 0.0 0.0 0.0 0.0 0.0 0.0 0.0 0.05000000074505806 0.09000000357627869
64 0.0 0.0 0.0 0.0 0.09000000357627869 0.0 0.09000000357627869 0.09000000357627869 0.0 0.0 0.11999999731779099 0.0 0.11999999731779099 0.0 0.0 0.0 0.0 0.09000000357627869 0.09000000357627869 0.0 0.09000000357627869 0.0 0.09000000357627869 0.09000000357627869 0.0 0.09000000357627869 0.0 0.0 0.0 0.0 0.3100000023841858 0.0 0.09000000357627869 0.05000000074505806 0.0 0.09000000357627869 0.0 0.4300000071525574 0.0 0.0 0.0 0.3100000023841858 0.0 0.0 0.0 0.09000000357627869 0.09000000357627869 0.0 0.0 0.0 0.0 0.09000000357627869 0.09000000357627869 0.0 0.0 0.6399999856948853 0.0 0.46000000834465027 0.46000000834465027 0.0 0.46000000834465027 0.46000000834465027 0.0 0.0 0.0 0.0 0.0 0.09000000357627869 0.0 0.0 0.09000000357627869 0.0 0.09000000357627869 0.0 0.09000000357627869 0.09000000357627869 0.09000000357627869 0.0 0.09000000357627869 0.09000000357627869 0.09000000357627869 0.0 0.0 0.0 0.3100000023841858 0.0 0.11999999731779099 0.0 0.0 0.09000000357627869 0.550000011920929 0.0 0.0 0.0 0.0 0.0 0.0 0.0 0.0 0.0 0.09000000357627869 0.09000000357627869 0.0 0.09000000357627869 0.0 0.0 0.0 0.0 0.0 0.0 0.0 0.0 0.09000000357627869 0.0 0.0 0.0 0.0 0.0 0.0 0.0 0.0 0.0 0.0 0.09000000357627869 0.0 0.0 0.0 0.0 0.0 0.0 0.0 0.0 0.0 0.0 0.0 0.09000000357627869 0.0 0.09000000357627869 0.09000000357627869 0.0 0.09000000357627869 0.0 0.20000000298023224 0.09000000357627869 0.09000000357627869 0.0 0.4399999976158142 0.6399999856948853 0.0 0.46000000834465027 0.46000000834465027 0.0 0.46000000834465027 0.46000000834465027 0.0 0.0 0.0 0.3100000023841858 0.0 0.0 0.05000000074505806 0.09000000357627869 0.09000000357627869 0.0 0.4300000071525574 0.5099999904632568 0.0 0.0 0.3100000023841858 0.0 0.09000000357627869 0.0 0.0 0.09000000357627869 0.6200000047683716 0.0 0.0 0.5099999904632568 0.0 0.0 0.09000000357627869 0.0 0.0 0.05000000074505806 0.0 0.0 0.0 0.0 0.0 0.0 0.0 0.0 0.0 0.0 0.0 0.0 0.0 0.11999999731779099 0.0 0.0 0.0 0.0 0.0 0.11999999731779099 0.0 0.0 0.0 0.0 0.0 0.0 0.0 0.0 0.0 0.09000000357627869 0.0 0.0 0.0 0.09000000357627869 0.09000000357627869 0.09000000357627869 0.0 0.0 0.0 0.0 0.0 0.0 0.0 0.0 0.0 0.0 0.0 0.0 0.0 0.0 0.0 0.0 0.09000000357627869 0.0 0.0 0.0 0.0 0.0 0.0 0.0 0.0 0.0 0.09000000357627869 0.09000000357627869 0.0 0.0 0.11999999731779099 0.0 0.11999999731779099 0.0 0.11999999731779099 0.0 0.0 0.0 0.11999999731779099 0.0 0.0 0.0 0.0 0.0 0.0 0.0 0.0 0.0 0.0 0.0 0.0 0.09000000357627869 0.0 0.0 0.0 0.09000000357627869 0.0 0.0 0.0 0.0 0.0 0.0 0.0 0.0 0.0 0.0 0.0 0.11999999731779099 0.0 0.0 0.0 0.0 0.0 0.0 0.0 0.0 0.0 0.0 0.0 0.0 0.09000000357627869 0.0 0.0 0.0 0.0 0.0 0.0 0.0 0.0 0.0 0.0 0.0 0.0 0.0 0.09000000357627869 0.0 0.09000000357627869 0.0 0.0 0.0 0.0 0.0 0.09000000357627869 0.09000000357627869 0.0 0.4399999976158142 0.6399999856948853 0.0 0.46000000834465027 0.46000000834465027 0.0 0.46000000834465027 0.46000000834465027 0.0 0.0 0.0 0.3100000023841858 0.0 0.0 0.0 0.09000000357627869 0.09000000357627869 0.0 0.0 0.0 0.0 0.0 0.09000000357627869 0.0 0.0 0.09000000357627869 0.0 0.0 0.11999999731779099 0.0 0.11999999731779099 0.0 0.0 0.0 0.0 0.0 0.0 0.0 0.0 0.0 0.0 0.3100000023841858 0.0 0.0 0.0 0.09000000357627869 0.09000000357627869 0.0 0.09000000357627869 0.0 0.20000000298023224 0.09000000357627869 0.09000000357627869 0.0 0.4399999976158142 0.5099999904632568 0.0 0.0 0.0 0.0 0.09000000357627869 0.0 0.0 0.09000000357627869 0.0 0.0 0.0 0.0 0.0 0.0 0.0 0.0 0.0 0.0 0.0 0.0 0.0 0.0 0.0 0.09000000357627869 0.0 0.09000000357627869 0.0 0.0 0.09000000357627869 0.0 0.0 0.0 0.0 0.0 0.0 0.0 0.0 0.0 0.0 0.0 0.0 0.0 0.09000000357627869 0.0 0.0 0.0 0.0 0.0 0.0 0.0 0.0 0.0 0.0 0.0 0.0 0.0 0.09000000357627869 0.09000000357627869 0.0 0.0 0.0 0.0 0.0 0.0 0.0 0.0 0.0 0.0 0.0 0.0 0.0 0.0 0.0 0.0 0.0 0.0 0.0 0.0 0.0 0.0 0.0 0.0 0.05000000074505806 0.09000000357627869 0.09000000357627869 0.5099999904632568 0.0 0.0 0.0 0.0 0.0 0.0 0.0 0.0 0.0 0.0 0.0 0.0 0.0 0.33000001311302185 0.33000001311302185
65 0.09000000357627869 0.0 0.0 0.09000000357627869 0.0 0.0 0.0 0.3100000023841858 0.0 0.09000000357627869 0.05000000074505806 0.0 0.09000000357627869 0.0 0.4300000071525574 0.0 0.0 0.0 0.3100000023841858 0.0 0.0 0.0 0.09000000357627869 0.09000000357627869 0.0 0.0 0.0 0.0 0.09000000357627869 0.09000000357627869 0.0 0.0 0.6399999856948853 0.0 0.46000000834465027 0.46000000834465027 0.0 0.46000000834465027 0.46000000834465027 0.0 0.0 0.0 0.0 0.09000000357627869 0.0 0.11999999731779099 0.0 0.11999999731779099 0.09000000357627869 0.09000000357627869 0.0 0.0 0.0 0.09000000357627869 0.09000000357627869 0.0 0.0 0.0 0.0 0.0 0.09000000357627869 0.09000000357627869 0.0 0.0 0.0 0.0 0.0 0.0 0.0 0.09000000357627869 0.0 0.0 0.0 0.0 0.0 0.0 0.0 0.0 0.0 0.0 0.09000000357627869 0.0 0.0 0.0 0.0 0.0 0.0 0.0 0.0 0.0 0.0 0.0 0.0 0.0 0.09000000357627869 0.0 0.09000000357627869 0.09000000357627869 0.0 0.0 0.09000000357627869 0.0 0.09000000357627869 0.0 0.0 0.0 0.3100000023841858 0.0 0.0 0.05000000074505806 0.09000000357627869 0.09000000357627869 0.0 0.4300000071525574 0.5099999904632568 0.0 0.0 0.3100000023841858 0.0 0.09000000357627869 0.0 0.0 0.09000000357627869 0.6200000047683716 0.0 0.0 0.5099999904632568 0.0 0.0 0.3100000023841858 0.0 0.09000000357627869 0.0 0.09000000357627869 0.09000000357627869 0.0 0.0 0.0 0.0 0.0 0.09000000357627869 0.0 0.6200000047683716 0.0 0.0 0.0 0.0 0.0 0.0 0.0 0.0 0.0 0.09000000357627869 0.09000000357627869 0.0 0.0 0.0 0.0 0.09000000357627869 0.09000000357627869 0.20999999344348907 0.05000000074505806 0.05000000074505806 0.0 0.33000001311302185 0.33000001311302185 0.33000001311302185 0.0 0.0 0.0 0.0 0.0 0.0 0.0 0.0 0.0 0.0 0.0 0.0 0.0 0.11999999731779099 0.0 0.0 0.0 0.0 0.0 0.11999999731779099 0.0 0.0 0.0 0.0 0.0 0.0 0.0 0.0 0.0 0.09000000357627869 0.0 0.0 0.0 0.09000000357627869 0.09000000357627869 0.09000000357627869 0.0 0.0 0.0 0.0 0.0 0.0 0.0 0.0 0.0 0.0 0.0 0.0 0.0 0.0 0.0 0.0 0.09000000357627869 0.0 0.0 0.0 0.0 0.0 0.0 0.0 0.0 0.0 0.09000000357627869 0.09000000357627869 0.0 0.0 0.11999999731779099 0.0 0.11999999731779099 0.0 0.11999999731779099 0.0 0.0 0.0 0.11999999731779099 0.0 0.0 0.0 0.0 0.0 0.0 0.0 0.0 0.0 0.0 0.0 0.09000000357627869 0.0 0.0 0.09000000357627869 0.0 0.0 0.11999999731779099 0.0 0.11999999731779099 0.0 0.0 0.0 0.0 0.0 0.0 0.0 0.5099999904632568 0.0 0.0 0.0 0.09000000357627869 0.0 0.0 0.0 0.0 0.0 0.0 0.0 0.0 0.0 0.0 0.0 0.0 0.09000000357627869 0.0 0.09000000357627869 0.0 0.0 0.09000000357627869 0.0 0.0 0.3199999928474426 0.0 0.0 0.0 0.0 0.0 0.0 0.0 0.0 0.0 0.0 0.0 0.09000000357627869 0.0 0.0 0.0 0.09000000357627869 0.09000000357627869 0.0 0.0 0.0 0.0 0.0 0.0 0.4300000071525574 0.0 0.09000000357627869 0.09000000357627869 0.0 0.0 0.0 0.0 0.0 0.0 0.0 0.0 0.0 0.0 0.0 0.0 0.0 0.0 0.0 0.0 0.0 0.0 0.0 0.0 0.05000000074505806 0.09000000357627869 0.09000000357627869 0.0 0.4300000071525574 0.5099999904632568 0.0 0.0 0.0 0.0 0.0 0.09000000357627869 0.5099999904632568 0.0 0.0 0.019999999552965164 0.09000000357627869 0.0 0.0 0.0 0.0 0.0 0.0 0.0 0.0 0.09000000357627869 0.0 0.0 0.0 0.0 0.0 0.09000000357627869 0.0 0.0 0.0 0.0 0.0 0.33000001311302185 0.33000001311302185
66 0.09000000357627869 0.0 0.09000000357627869 0.09000000357627869 0.11999999731779099 0.0 0.0 0.0 0.0 0.3100000023841858 0.0 0.09000000357627869 0.05000000074505806 0.0 0.09000000357627869 0.0 0.4300000071525574 0.0 0.0 0.0 0.3100000023841858 0.09000000357627869 0.0 0.0 0.0 0.0 0.09000000357627869 0.0 0.0 0.0 0.0 0.0 0.0 0.0 0.0 0.0 0.0 0.0 0.0 0.0 0.09000000357627869 0.0 0.09000000357627869 0.09000000357627869 0.0 0.0 0.09000000357627869 0.0 0.09000000357627869 0.0 0.0 0.0 0.0 0.0 0.09000000357627869 0.0 0.09000000357627869 0.09000000357627869 0.0 0.09000000357627869 0.0 0.20000000298023224 0.09000000357627869 0.09000000357627869 0.0 0.4399999976158142 0.6399999856948853 0.0 0.46000000834465027 0.46000000834465027 0.0 0.46000000834465027 0.46000000834465027 0.0 0.0 0.0 0.3100000023841858 0.0 0.09000000357627869 0.0 0.0 0.09000000357627869 0.6200000047683716 0.0 0.0 0.5099999904632568 0.0 0.0 0.3100000023841858 0.0 0.09000000357627869 0.0 0.09000000357627869 0.09000000357627869 0.0 0.09000000357627869 0.09000000357627869 0.20000000298023224 0.09000000357627869 0.09000000357627869 0.0 0.0 0.0 0.0 0.0 0.09000000357627869 0.0 0.09000000357627869 0.09000000357627869 0.6200000047683716 0.0 0.0 0.0 0.0 0.0 0.0 0.0 0.0 0.0 0.09000000357627869 0.09000000357627869 0.0 0.0 0.0 0.0 0.09000000357627869 0.09000000357627869 0.20999999344348907 0.05000000074505806 0.05000000074505806 0.0 0.33000001311302185 0.33000001311302185 0.33000001311302185 0.0 0.0 0.0 0.0 0.0 0.0 0.0 0.0 0.0 0.0 0.0 0.0 0.0 0.11999999731779099 0.0 0.0 0.0 0.0 0.0 0.11999999731779099 0.0 0.0 0.0 0.0 0.0 0.0 0.0 0.0 0.0 0.09000000357627869 0.0 0.0 0.0 0.09000000357627869 0.09000000357627869 0.09000000357627869 0.0 0.0 0.0 0.0 0.0 0.0 0.0 0.0 0.0 0.0 0.0 0.0 0.0 0.0 0.09000000357627869 0.0 0.0 0.0 0.0 0.0 0.0 0.09000000357627869 0.0 0.0 0.11999999731779099 0.0 0.0 0.0 0.11999999731779099 0.09000000357627869 0.0 0.0 0.09000000357627869 0.0 0.0 0.11999999731779099 0.0 0.11999999731779099 0.0 0.0 0.3100000023841858 0.0 0.0 0.0 0.09000000357627869 0.09000000357627869 0.0 0.09000000357627869 0.0 0.20000000298023224 0.09000000357627869 0.09000000357627869 0.0 0.4399999976158142 0.5099999904632568 0.0 0.0 0.0 0.0 0.09000000357627869 0.0 0.0 0.09000000357627869 0.0 0.0 0.0 0.0 0.0 0.0 0.0 0.0 0.0 0.0 0.0 0.0 0.0 0.09000000357627869 0.0 0.09000000357627869 0.0 0.0 0.09000000357627869 0.0 0.0 0.0 0.0 0.3100000023841858 0.0 0.09000000357627869 0.05000000074505806 0.0 0.5099999904632568 0.0 0.3100000023841858 0.0 0.0 0.09000000357627869 0.09000000357627869 0.550000011920929 0.0 0.0 0.3199999928474426 0.30000001192092896 0.0 0.0 0.0 0.0 0.0 0.0 0.0 0.0 0.0 0.0 0.0 0.0 0.0 0.0 0.0 0.0 0.0 0.0 0.0 0.0 0.0 0.0 0.0 0.0 0.05000000074505806 0.09000000357627869 0.09000000357627869 0.5099999904632568 0.0 0.0 0.0 0.0 0.09000000357627869 0.5099999904632568 0.0 0.0 0.019999999552965164 0.09000000357627869 0.0 0.0 0.0 0.0 0.0 0.0 0.0 0.0 0.09000000357627869 0.0 0.0 0.0 0.0 0.0 0.09000000357627869 0.0 0.0 0.0 0.0 0.0 0.33000001311302185 0.33000001311302185 0.5099999904632568
67 0.05000000074505806 0.0 0.09000000357627869 0.0 0.4300000071525574 0.0 0.0 0.0 0.0 0.0 0.0 0.0 0.0 0.0 0.0 0.0 0.0 0.09000000357627869 0.0 0.09000000357627869 0.09000000357627869 0.0 0.0 0.0 0.0 0.0 0.0 0.0 0.0 0.09000000357627869 0.0 0.09000000357627869 0.09000000357627869 0.0 0.09000000357627869 0.0 0.20000000298023224 0.09000000357627869 0.09000000357627869 0.0 0.4399999976158142 0.6399999856948853 0.0 0.46000000834465027 0.46000000834465027 0.0 0.46000000834465027 0.46000000834465027 0.0 0.0 0.0 0.3100000023841858 0.0 0.0 0.05000000074505806 0.09000000357627869 0.09000000357627869 0.0 0.4300000071525574 0.5099999904632568 0.0 0.0 0.3100000023841858 0.0 0.09000000357627869 0.0 0.09000000357627869 0.09000000357627869 0.0 0.09000000357627869 0.09000000357627869 0.20000000298023224 0.09000000357627869 0.09000000357627869 0.0 0.4399999976158142 0.6399999856948853 0.0 0.46000000834465027 0.46000000834465027 0.0 0.46000000834465027 0.0 0.0 0.0 0.0 0.0 0.09000000357627869 0.0 0.09000000357627869 0.09000000357627869 0.6200000047683716 0.0 0.0 0.0 0.0 0.0 0.0 0.0 0.0 0.0 0.09000000357627869 0.09000000357627869 0.0 0.0 0.0 0.0 0.09000000357627869 0.09000000357627869 0.20999999344348907 0.05000000074505806 0.05000000074505806 0.0 0.33000001311302185 0.33000001311302185 0.33000001311302185 0.0 0.0 0.0 0.0 0.0 0.0 0.0 0.0 0.0 0.0 0.0 0.0 0.0 0.11999999731779099 0.0 0.0 0.0 0.0 0.0 0.11999999731779099 0.0 0.0 0.0 0.0 0.0 0.0 0.0 0.0 0.0 0.09000000357627869 0.0 0.0 0.0 0.09000000357627869 0.09000000357627869 0.09000000357627869 0.0 0.0 0.0 0.0 0.0 0.0 0.0 0.0 0.0 0.0 0.0 0.11999999731779099 0.0 0.11999999731779099 0.0 0.0 0.0 0.11999999731779099 0.0 0.0 0.0 0.0 0.0 0.0 0.0 0.09000000357627869 0.0 0.09000000357627869 0.0 0.0 0.09000000357627869 0.0 0.0 0.0 0.0 0.3100000023841858 0.0 0.0 0.09000000357627869 0.09000000357627869 0.550000011920929 0.0 0.0 0.3199999928474426 0.30000001192092896 0.0 0.0 0.0 0.0 0.0 0.0 0.0 0.0 0.0 0.0 0.0 0.0 0.0 0.0 0.0 0.0 0.0 0.0 0.0 0.0 0.05000000074505806 0.09000000357627869 0.09000000357627869 0.4300000071525574 0.5099999904632568 0.0 0.0 0.0 0.0 0.09000000357627869 0.5099999904632568 0.0 0.0 0.0 0.019999999552965164 0.09000000357627869 0.0 0.09000000357627869 0.09000000357627869 0.0 0.0 0.0 0.0 0.0 0.0 0.0 0.0 0.09000000357627869 0.0 0.0 0.0 0.0 0.0 0.09000000357627869 0.0 0.0 0.0 0.0 0.0 0.33000001311302185 0.33000001311302185 0.5099999904632568 0.0 0.0 0.0 0.0 0.0 0.0 0.0 0.09000000357627869 0.0 0.09000000357627869 0.09000000357627869 0.3100000023841858 0.4300000071525574 0.0 0.09000000357627869 0.09000000357627869 0.0 0.12999999523162842
68 0.0 0.0 0.09000000357627869 0.0 0.09000000357627869 0.09000000357627869 0.0 0.09000000357627869 0.20000000298023224 0.09000000357627869 0.09000000357627869 0.0 0.0 0.0 0.3100000023841858 0.0 0.0 0.05000000074505806 0.09000000357627869 0.09000000357627869 0.0 0.4300000071525574 0.5099999904632568 0.0 0.0 0.3100000023841858 0.0 0.09000000357627869 0.0 0.0 0.09000000357627869 0.6200000047683716 0.0 0.0 0.5099999904632568 0.0 0.0 0.0 0.0 0.09000000357627869 0.0 0.09000000357627869 0.09000000357627869 0.6200000047683716 0.0 0.0 0.0 0.0 0.0 0.0 0.0 0.0 0.0 0.09000000357627869 0.09000000357627869 0.0 0.0 0.0 0.0 0.09000000357627869 0.09000000357627869 0.20999999344348907 0.05000000074505806 0.05000000074505806 0.0 0.33000001311302185 0.33000001311302185 0.33000001311302185 0.0 0.0 0.0 0.0 0.0 0.0 0.0 0.0 0.0 0.0 0.0 0.0 0.0 0.0 0.0 0.0 0.0 0.0 0.0 0.09000000357627869 0.09000000357627869 0.09000000357627869 0.0 0.0 0.09000000357627869 0.0 0.0 0.09000000357627869 0.0 0.0 0.3100000023841858 0.0 0.09000000357627869 0.0 0.09000000357627869 0.09000000357627869 0.550000011920929 0.0 0.0 0.3199999928474426 0.30000001192092896 0.0 0.0 0.0 0.0 0.0 0.0 0.0 0.0 0.0 0.0 0.0 0.0 0.0 0.0 0.0 0.0 0.09000000357627869 0.0 0.5099999904632568 0.0 0.0 0.0 0.019999999552965164 0.09000000357627869 0.0 0.09000000357627869 0.09000000357627869 0.0 0.09000000357627869 0.0 0.0 0.0 0.0 0.0 0.0 0.0 0.0 0.09000000357627869 0.0 0.0 0.0 0.0 0.0 0.09000000357627869 0.0 0.0 0.0 0.0 0.0 0.33000001311302185 0.33000001311302185 0.5099999904632568 0.0 0.0 0.0 0.0 0.09000000357627869 0.0 0.09000000357627869 0.0 0.09000000357627869 0.09000000357627869 0.0 0.09000000357627869 0.0 0.0 0.0 0.0 0.0 0.09000000357627869 0.09000000357627869 0.0 0.09000000357627869 0.0 0.09000000357627869 0.09000000357627869 0.0 0.09000000357627869 0.09000000357627869 0.0 0.0 0.0 0.3100000023841858 0.0 0.09000000357627869 0.05000000074505806 0.09000000357627869 0.09000000357627869 0.0 0.4300000071525574 0.0 0.0 0.0 0.3100000023841858 0.0 0.09000000357627869 0.09000000357627869 0.5099999904632568 0.0 0.0 0.0 0.0 0.09000000357627869 0.0 0.09000000357627869 0.09000000357627869 0.0 0.0 0.0 0.3100000023841858 0.0 0.09000000357627869 0.0 0.09000000357627869 0.09000000357627869 0.0 0.0 0.0 0.5099999904632568 0.0 0.0 0.3100000023841858 0.0 0.09000000357627869 0.0 0.09000000357627869 0.09000000357627869 0.09000000357627869 0.5099999904632568 0.0 0.0 0.0 0.0 0.09000000357627869 0.09000000357627869 0.5099999904632568 0.0 0.0 0.3100000023841858 0.0 0.09000000357627869 0.0 0.09000000357627869 0.09000000357627869 0.1899999976158142 0.12999999523162842 0.1899999976158142 0.0 0.4399999976158142 0.0 0.4399999976158142 0.3199999928474426 0.18000000715255737 0.5099999904632568 0.0 0.0 0.3100000023841858 0.0 0.09000000357627869 0.05000000074505806 0.09000000357627869 0.09000000357627869 0.0 0.0 0.0 0.0 0.3100000023841858 0.0 0.09000000357627869 0.0 0.09000000357627869 0.09000000357627869 0.0 0.09000000357627869 0.09000000357627869 0.6200000047683716 0.0 0.0 0.0 0.0 0.3100000023841858
69 0.0 0.09000000357627869 0.0 0.09000000357627869 0.09000000357627869 0.0 0.20000000298023224 0.09000000357627869 0.09000000357627869 0.46000000834465027 0.0 0.0 0.0 0.3100000023841858 0.0 0.0 0.05000000074505806 0.09000000357627869 0.09000000357627869 0.0 0.4300000071525574 0.5099999904632568 0.0 0.0 0.3100000023841858 0.0 0.09000000357627869 0.0 0.0 0.09000000357627869 0.6200000047683716 0.0 0.0 0.5099999904632568 0.0 0.0 0.3100000023841858 0.0 0.09000000357627869 0.0 0.09000000357627869 0.09000000357627869 0.0 0.09000000357627869 0.09000000357627869 0.20000000298023224 0.09000000357627869 0.09000000357627869 0.0 0.4399999976158142 0.6399999856948853 0.0 0.46000000834465027 0.46000000834465027 0.0 0.46000000834465027 0.46000000834465027 0.0 0.0 0.0 0.0 0.0 0.0 0.0 0.09000000357627869 0.09000000357627869 0.0 0.0 0.0 0.0 0.09000000357627869 0.09000000357627869 0.20999999344348907 0.05000000074505806 0.05000000074505806 0.0 0.33000001311302185 0.33000001311302185 0.33000001311302185 0.0 0.0 0.0 0.0 0.0 0.0 0.0 0.0 0.0 0.0 0.0 0.0 0.0 0.0 0.0 0.0 0.0 0.0 0.0 0.0 0.0 0.0 0.09000000357627869 0.0 0.09000000357627869 0.09000000357627869 0.09000000357627869 0.0 0.0 0.0 0.09000000357627869 0.0 0.0 0.0 0.0 0.3100000023841858 0.0 0.09000000357627869 0.0 0.09000000357627869 0.09000000357627869 0.550000011920929 0.0 0.0 0.3199999928474426 0.30000001192092896 0.0 0.0 0.0 0.0 0.0 0.0 0.0 0.0 0.0 0.0 0.0 0.0 0.0 0.0 0.0 0.0 0.0 0.0 0.0 0.0 0.0 0.09000000357627869 0.0 0.09000000357627869 0.0 0.6200000047683716 0.0 0.0 0.0 0.0 0.09000000357627869 0.0 0.09000000357627869 0.5099999904632568 0.0 0.0 0.0 0.0 0.0 0.0 0.05000000074505806 0.09000000357627869 0.09000000357627869 0.0 0.4300000071525574 0.5099999904632568 0.0 0.0 0.0 0.0 0.0 0.09000000357627869 0.5099999904632568 0.0 0.0 0.0 0.0 0.09000000357627869 0.019999999552965164 0.09000000357627869 0.0 0.09000000357627869 0.09000000357627869 0.0 0.09000000357627869 0.09000000357627869 0.0 0.0 0.0 0.0 0.0 0.0 0.0 0.0 0.09000000357627869 0.0 0.0 0.0 0.0 0.0 0.09000000357627869 0.0 0.0 0.0 0.0 0.0 0.33000001311302185 0.33000001311302185 0.5099999904632568 0.0 0.0 0.0 0.0 0.09000000357627869 0.0 0.09000000357627869 0.0 0.09000000357627869 0.09000000357627869 0.0 0.09000000357627869 0.0 0.0 0.09000000357627869 0.09000000357627869 0.0 0.0 0.0 0.0 0.09000000357627869 0.09000000357627869 0.0 0.09000000357627869 0.0 0.09000000357627869 0.09000000357627869 0.0 0.09000000357627869 0.09000000357627869 0.0 0.0 0.0 0.3100000023841858 0.0 0.05000000074505806 0.09000000357627869 0.0 0.4300000071525574 0.0 0.0 0.0 0.09000000357627869 0.09000000357627869 0.0 0.0 0.12999999523162842
7 0.09000000357627869 0.0 0.09000000357627869 0.09000000357627869 0.0 0.09000000357627869 0.09000000357627869 0.09000000357627869 0.0 0.0 0.0 0.3100000023841858 0.07000000029802322 0.09000000357627869 0.0 0.09000000357627869 0.09000000357627869 0.09000000357627869 0.0 0.0 0.0 0.3100000023841858 0.0 0.09000000357627869 0.0 0.09000000357627869 0.0 0.09000000357627869 0.09000000357627869 0.09000000357627869 0.0 0.09000000357627869 0.09000000357627869 0.0 0.09000000357627869 0.09000000357627869 0.09000000357627869 0.0 0.0 0.0 0.3100000023841858 0.07000000029802322 0.09000000357627869 0.0 0.09000000357627869 0.09000000357627869 0.0 0.09000000357627869 0.09000000357627869 0.550000011920929 0.0 0.0 0.3199999928474426 0.30000001192092896 0.0 0.0 0.0 0.0 0.09000000357627869 0.09000000357627869 0.0 0.09000000357627869 0.0 0.09000000357627869 0.09000000357627869 0.0 0.09000000357627869 0.09000000357627869 0.5099999904632568 0.0 0.0 0.0 0.0 0.09000000357627869 0.0 0.09000000357627869 0.09000000357627869 0.0 0.0 0.0 0.0 0.3700000047683716 0.23999999463558197 0.10999999940395355 0.0 0.17000000178813934 0.0 0.14000000059604645 0.0 0.1599999964237213 0.0 0.14000000059604645 0.5099999904632568 0.0 0.0 0.0 0.0 0.09000000357627869 0.0 0.09000000357627869 0.09000000357627869 0.0 0.0 0.11999999731779099 0.0 0.11999999731779099 0.0 0.11999999731779099 0.0 0.11999999731779099 0.0 0.11999999731779099 0.5099999904632568 0.0 0.0 0.0 0.0 0.09000000357627869 0.0 0.09000000357627869 0.09000000357627869 0.0 0.09000000357627869 0.09000000357627869 0.0 0.09000000357627869 0.09000000357627869 0.20999999344348907 0.05000000074505806 0.05000000074505806 0.0 0.33000001311302185 0.5099999904632568 0.0 0.0 0.0 0.0 0.09000000357627869 0.0 0.09000000357627869 0.09000000357627869 0.0 0.09000000357627869 0.09000000357627869 0.20000000298023224 0.09000000357627869 0.09000000357627869 0.0 0.4399999976158142 0.6399999856948853 0.0 0.46000000834465027 0.46000000834465027 0.0 0.46000000834465027 0.46000000834465027 0.3100000023841858 0.09000000357627869
70 0.0 0.0 0.0 0.0 0.0 0.09000000357627869 0.0 0.09000000357627869 0.09000000357627869 0.0 0.0 0.0 0.0 0.0 0.0 0.09000000357627869 0.0 0.09000000357627869 0.09000000357627869 0.0 0.09000000357627869 0.0 0.20000000298023224 0.09000000357627869 0.09000000357627869 0.0 0.4399999976158142 0.6399999856948853 0.0 0.46000000834465027 0.46000000834465027 0.0 0.46000000834465027 0.46000000834465027 0.0 0.0 0.0 0.3100000023841858 0.0 0.0 0.05000000074505806 0.09000000357627869 0.09000000357627869 0.0 0.4300000071525574 0.5099999904632568 0.0 0.0 0.3100000023841858 0.0 0.09000000357627869 0.0 0.0 0.09000000357627869 0.6200000047683716 0.0 0.0 0.5099999904632568 0.0 0.0 0.3100000023841858 0.0 0.09000000357627869 0.0 0.09000000357627869 0.09000000357627869 0.0 0.09000000357627869 0.09000000357627869 0.20000000298023224 0.09000000357627869 0.09000000357627869 0.0 0.4399999976158142 0.6399999856948853 0.0 0.46000000834465027 0.0 0.46000000834465027 0.0 0.0 0.0 0.0 0.0 0.09000000357627869 0.0 0.09000000357627869 0.09000000357627869 0.6200000047683716 0.0 0.0 0.0 0.0 0.0 0.0 0.0 0.0 0.0 0.0 0.0 0.0 0.0 0.0 0.0 0.11999999731779099 0.0 0.0 0.0 0.0 0.0 0.11999999731779099 0.0 0.0 0.0 0.0 0.0 0.0 0.0 0.0 0.0 0.09000000357627869 0.0 0.0 0.0 0.09000000357627869 0.09000000357627869 0.09000000357627869 0.0 0.0 0.0 0.0 0.0 0.0 0.0 0.0 0.0 0.0 0.0 0.0 0.09000000357627869 0.0 0.0 0.0 0.0 0.0 0.0 0.0 0.11999999731779099 0.0 0.11999999731779099 0.0 0.11999999731779099 0.0 0.0 0.0 0.11999999731779099 0.09000000357627869 0.0 0.0 0.0 0.0 0.0 0.0 0.0 0.0 0.0 0.0 0.0 0.0 0.0 0.09000000357627869 0.0 0.09000000357627869 0.0 0.0 0.09000000357627869 0.0 0.0 0.0 0.0 0.3100000023841858 0.0 0.09000000357627869 0.0 0.09000000357627869 0.09000000357627869 0.550000011920929 0.0 0.0 0.3199999928474426 0.30000001192092896 0.0 0.0 0.0 0.0 0.0 0.0 0.0 0.0 0.0 0.0 0.0 0.0 0.0 0.0 0.0 0.0 0.0 0.0 0.0 0.0 0.0 0.09000000357627869 0.0 0.09000000357627869 0.0 0.6200000047683716 0.0 0.0 0.0 0.0 0.0 0.0 0.0 0.0 0.09000000357627869 0.0 0.09000000357627869 0.5099999904632568 0.0 0.0 0.0 0.0 0.0 0.09000000357627869 0.0 0.0 0.0 0.0 0.0 0.0 0.5099999904632568 0.0 0.0 0.0 0.05000000074505806 0.09000000357627869 0.0 0.4300000071525574 0.5099999904632568 0.0 0.0 0.0 0.0 0.09000000357627869 0.0 0.4300000071525574 0.0 0.09000000357627869 0.09000000357627869 0.0 0.0 0.0 0.0 0.0 0.0 0.0 0.0 0.0 0.0 0.0 0.0 0.0 0.0 0.0 0.0 0.0 0.0 0.0 0.0 0.05000000074505806 0.09000000357627869 0.09000000357627869 0.0 0.4300000071525574 0.5099999904632568 0.0 0.0 0.0 0.0 0.0 0.09000000357627869 0.5099999904632568 0.0 0.0 0.0 0.0 0.09000000357627869 0.019999999552965164 0.09000000357627869 0.0 0.09000000357627869 0.09000000357627869 0.0 0.09000000357627869 0.09000000357627869 0.0 0.0 0.0 0.0 0.0 0.0 0.0 0.0 0.09000000357627869 0.0 0.0 0.0 0.0 0.0 0.09000000357627869 0.0 0.0 0.0 0.0 0.0 0.33000001311302185 0.33000001311302185 0.5099999904632568 0.0 0.0 0.0 0.0 0.09000000357627869 0.0 0.09000000357627869 0.0 0.09000000357627869 0.0 0.0 0.09000000357627869 0.09000000357627869 0.0 0.0 0.0 0.0 0.09000000357627869 0.09000000357627869 0.0 0.09000000357627869 0.0 0.09000000357627869 0.0 0.09000000357627869 0.09000000357627869 0.3100000023841858
71 0.09000000357627869 0.09000000357627869 0.0 0.0 0.0 0.09000000357627869 0.05000000074505806 0.0 0.09000000357627869 0.0 0.4300000071525574 0.0 0.0 0.0 0.0 0.0 0.0 0.0 0.0 0.0 0.0 0.09000000357627869 0.0 0.0 0.0 0.0 0.0 0.0 0.0 0.0 0.0 0.0 0.09000000357627869 0.0 0.09000000357627869 0.09000000357627869 0.0 0.0 0.09000000357627869 0.0 0.09000000357627869 0.0 0.0 0.0 0.0 0.0 0.09000000357627869 0.0 0.09000000357627869 0.09000000357627869 0.0 0.09000000357627869 0.0 0.20000000298023224 0.09000000357627869 0.09000000357627869 0.0 0.4399999976158142 0.6399999856948853 0.0 0.46000000834465027 0.0 0.0 0.0 0.3100000023841858 0.0 0.0 0.05000000074505806 0.09000000357627869 0.09000000357627869 0.0 0.4300000071525574 0.5099999904632568 0.0 0.0 0.3100000023841858 0.0 0.09000000357627869 0.0 0.0 0.09000000357627869 0.6200000047683716 0.0 0.0 0.5099999904632568 0.0 0.0 0.3100000023841858 0.0 0.09000000357627869 0.0 0.09000000357627869 0.09000000357627869 0.0 0.09000000357627869 0.09000000357627869 0.0 0.0 0.0 0.0 0.0 0.09000000357627869 0.0 0.09000000357627869 0.09000000357627869 0.6200000047683716 0.0 0.0 0.0 0.0 0.0 0.0 0.0 0.0 0.0 0.09000000357627869 0.09000000357627869 0.0 0.0 0.0 0.0 0.09000000357627869 0.09000000357627869 0.20999999344348907 0.05000000074505806 0.05000000074505806 0.0 0.33000001311302185 0.33000001311302185 0.33000001311302185 0.0 0.0 0.0 0.0 0.0 0.0 0.0 0.0 0.0 0.09000000357627869 0.0 0.0 0.0 0.09000000357627869 0.09000000357627869 0.09000000357627869 0.0 0.0 0.0 0.0 0.0 0.0 0.0 0.0 0.0 0.0 0.0 0.0 0.0 0.0 0.0 0.0 0.09000000357627869 0.0 0.0 0.0 0.0 0.0 0.0 0.0 0.0 0.0 0.09000000357627869 0.0 0.0 0.11999999731779099 0.0 0.11999999731779099 0.0 0.11999999731779099 0.0 0.0 0.0 0.11999999731779099 0.0 0.0 0.0 0.0 0.0 0.0 0.0 0.09000000357627869 0.0 0.0 0.0 0.0 0.0 0.0 0.09000000357627869 0.0 0.0 0.09000000357627869 0.0 0.0 0.0 0.0 0.09000000357627869 0.0 0.0 0.09000000357627869 0.0 0.09000000357627869 0.0 0.0 0.0 0.0 0.0 0.0 0.0 0.0 0.0 0.0 0.0 0.0 0.0 0.11999999731779099 0.0 0.0 0.0 0.0 0.0 0.0 0.0 0.0 0.0 0.0 0.0 0.0 0.0 0.0 0.0 0.0 0.09000000357627869 0.0 0.0 0.0 0.0 0.0 0.0 0.5099999904632568 0.0 0.0 0.0 0.0 0.0 0.0 0.0 0.0 0.0 0.0 0.0 0.0 0.0 0.0 0.0 0.0 0.4399999976158142 0.0 0.46000000834465027 0.0 0.0 0.3100000023841858 0.0 0.0 0.0 0.09000000357627869 0.0 0.0 0.0 0.0 0.0 0.09000000357627869 0.0 0.0 0.09000000357627869 0.0 0.0 0.11999999731779099 0.0 0.11999999731779099 0.0 0.0 0.0 0.0 0.0 0.0 0.0 0.0 0.0 0.0 0.3100000023841858 0.0 0.0 0.0 0.09000000357627869 0.09000000357627869 0.0 0.09000000357627869 0.0 0.20000000298023224 0.09000000357627869 0.09000000357627869 0.0 0.4399999976158142 0.5099999904632568 0.0 0.0 0.0 0.0 0.09000000357627869 0.0 0.0 0.09000000357627869 0.0 0.0 0.0 0.0 0.0 0.0 0.0 0.0 0.0 0.09000000357627869 0.0 0.0 0.0 0.0 0.0 0.0 0.0 0.09000000357627869 0.0 0.09000000357627869 0.0 0.0 0.09000000357627869 0.0 0.0 0.0 0.0 0.3100000023841858 0.0 0.09000000357627869 0.05000000074505806 0.0 0.5099999904632568 0.0 0.0 0.3100000023841858 0.0 0.09000000357627869 0.0 0.09000000357627869 0.09000000357627869 0.550000011920929 0.0 0.0 0.3199999928474426 0.30000001192092896 0.0 0.0 0.0 0.0 0.0 0.0 0.0 0.0 0.0 0.0 0.0 0.0 0.0 0.0 0.0 0.0 0.0 0.0 0.0 0.0 0.0 0.09000000357627869 0.0 0.09000000357627869 0.0 0.6200000047683716 0.0 0.0 0.0 0.3100000023841858 0.0 0.0 0.0 0.09000000357627869 0.0 0.0 0.09000000357627869 0.550000011920929 0.0 0.30000001192092896 0.5099999904632568 0.0 0.0 0.0 0.0 0.0 0.09000000357627869 0.5099999904632568 0.0 0.0 0.3100000023841858 0.0 0.0 0.0 0.09000000357627869 0.09000000357627869 0.0 0.0 0.0 0.0 0.09000000357627869 0.09000000357627869 0.0 0.0 0.0 0.0 0.5099999904632568 0.0 0.0 0.0 0.0 0.09000000357627869 0.05000000074505806 0.09000000357627869 0.09000000357627869 0.0 0.4300000071525574 0.5099999904632568 0.0 0.0 0.0 0.0 0.09000000357627869 0.0 0.0 0.0 0.0 0.0 0.0 0.0 0.0 0.0 0.09000000357627869 0.0 0.4300000071525574 0.0 0.09000000357627869 0.09000000357627869 0.0 0.0 0.0 0.0 0.0 0.0 0.0 0.0 0.0 0.0 0.0 0.0 0.0 0.0 0.0 0.0 0.0 0.0 0.0 0.0 0.11999999731779099 0.0 0.0 0.0 0.0 0.0 0.0 0.05000000074505806 0.09000000357627869 0.09000000357627869 0.0 0.4300000071525574 0.5099999904632568 0.0 0.0 0.0 0.0 0.0 0.09000000357627869 0.5099999904632568 0.0 0.0 0.0 0.0 0.09000000357627869 0.019999999552965164 0.09000000357627869 0.0 0.09000000357627869 0.09000000357627869 0.0 0.09000000357627869 0.09000000357627869 0.0 0.0 0.0 0.0 0.0 0.0 0.0 0.0 0.09000000357627869 0.0 0.0 0.0 0.0 0.0 0.09000000357627869 0.0 0.0 0.0 0.0 0.0 0.33000001311302185 0.33000001311302185 0.5099999904632568 0.0 0.0 0.0 0.0 0.09000000357627869 0.0 0.09000000357627869 0.0 0.0 0.09000000357627869 0.0 0.0 0.09000000357627869
72 0.0 0.0 0.09000000357627869 0.05000000074505806 0.0 0.09000000357627869 0.0 0.4300000071525574 0.0 0.0 0.0 0.0 0.0 0.09000000357627869 0.0 0.0 0.46000000834465027 0.09000000357627869 0.09000000357627869 0.0 0.0 0.0 0.0 0.09000000357627869 0.0 0.0 0.0 0.0 0.0 0.0 0.0 0.0 0.0 0.0 0.09000000357627869 0.0 0.0 0.0 0.0 0.0 0.0 0.0 0.0 0.0 0.0 0.0 0.0 0.0 0.09000000357627869 0.0 0.09000000357627869 0.09000000357627869 0.0 0.0 0.09000000357627869 0.0 0.09000000357627869 0.0 0.0 0.0 0.0 0.0 0.09000000357627869 0.0 0.09000000357627869 0.09000000357627869 0.0 0.09000000357627869 0.0 0.20000000298023224 0.09000000357627869 0.09000000357627869 0.0 0.4399999976158142 0.6399999856948853 0.0 0.46000000834465027 0.46000000834465027 0.0 0.46000000834465027 0.46000000834465027 0.0 0.0 0.0 0.3100000023841858 0.0 0.0 0.05000000074505806 0.09000000357627869 0.09000000357627869 0.0 0.4300000071525574 0.5099999904632568 0.0 0.0 0.3100000023841858 0.0 0.09000000357627869 0.0 0.0 0.09000000357627869 0.6200000047683716 0.0 0.0 0.5099999904632568 0.0 0.0 0.3100000023841858 0.0 0.09000000357627869 0.09000000357627869 0.0 0.0 0.0 0.0 0.0 0.09000000357627869 0.0 0.09000000357627869 0.09000000357627869 0.6200000047683716 0.0 0.0 0.0 0.0 0.0 0.0 0.0 0.0 0.0 0.09000000357627869 0.09000000357627869 0.0 0.0 0.0 0.0 0.09000000357627869 0.09000000357627869 0.20999999344348907 0.05000000074505806 0.05000000074505806 0.0 0.33000001311302185 0.33000001311302185 0.33000001311302185 0.0 0.0 0.0 0.0 0.0 0.0 0.0 0.0 0.0 0.0 0.0 0.0 0.0 0.11999999731779099 0.0 0.0 0.0 0.0 0.0 0.11999999731779099 0.0 0.0 0.0 0.0 0.0 0.0 0.0 0.0 0.0 0.0 0.0 0.0 0.0 0.0 0.0 0.0 0.09000000357627869 0.0 0.0 0.0 0.0 0.0 0.0 0.0 0.0 0.0 0.09000000357627869 0.09000000357627869 0.0 0.0 0.11999999731779099 0.0 0.11999999731779099 0.0 0.11999999731779099 0.0 0.0 0.0 0.11999999731779099 0.0 0.0 0.0 0.0 0.0 0.0 0.0 0.0 0.0 0.0 0.0 0.0 0.0 0.0 0.0 0.0 0.0 0.0 0.0 0.0 0.0 0.0 0.0 0.09000000357627869 0.0 0.0 0.0 0.0 0.0 0.09000000357627869 0.0 0.0 0.09000000357627869 0.0 0.0 0.11999999731779099 0.0 0.11999999731779099 0.0 0.0 0.0 0.0 0.0 0.0 0.0 0.0 0.5099999904632568 0.0 0.0 0.0 0.09000000357627869 0.0 0.0 0.0 0.0 0.0 0.0 0.0 0.0 0.0 0.0 0.0 0.0 0.0 0.0 0.0 0.0 0.0 0.09000000357627869 0.0 0.09000000357627869 0.0 0.0 0.09000000357627869 0.0 0.0 0.0 0.0 0.0 0.0 0.0 0.0 0.0 0.0 0.0 0.0 0.0 0.0 0.0 0.0 0.0 0.0 0.5099999904632568 0.0 0.0 0.0 0.0 0.0 0.09000000357627869 0.0 0.0 0.0 0.0 0.09000000357627869 0.0 0.0 0.0 0.0 0.5099999904632568 0.0 0.0 0.0 0.09000000357627869 0.05000000074505806 0.09000000357627869 0.09000000357627869 0.0 0.4300000071525574 0.5099999904632568 0.0 0.0 0.3100000023841858 0.0 0.0 0.0 0.09000000357627869 0.0 0.5099999904632568 0.0 0.0 0.0 0.0 0.05000000074505806 0.09000000357627869 0.09000000357627869 0.0 0.4300000071525574 0.5099999904632568 0.0 0.0 0.0 0.0 0.09000000357627869 0.0 0.09000000357627869 0.0 0.0 0.0 0.09000000357627869 0.09000000357627869 0.0 0.0 0.0 0.0 0.0 0.0 0.0 0.0 0.0 0.09000000357627869 0.0 0.0 0.0 0.0 0.0 0.0 0.0 0.0 0.0 0.0 0.0 0.09000000357627869 0.0 0.4300000071525574 0.0 0.09000000357627869 0.09000000357627869 0.0 0.0 0.0 0.0 0.0 0.0 0.0 0.0 0.0 0.0 0.0 0.0 0.0 0.0 0.0 0.0 0.0 0.0 0.0 0.0 0.11999999731779099 0.0 0.0 0.0 0.0 0.0 0.0 0.05000000074505806 0.09000000357627869 0.09000000357627869 0.0 0.4300000071525574 0.5099999904632568 0.0 0.0 0.0 0.0 0.0 0.09000000357627869 0.5099999904632568 0.0 0.0 0.0 0.0 0.09000000357627869 0.019999999552965164 0.09000000357627869 0.0 0.09000000357627869 0.09000000357627869 0.0 0.09000000357627869 0.09000000357627869 0.0 0.0 0.0 0.0 0.0 0.0 0.0 0.0 0.09000000357627869 0.0 0.0 0.0 0.0 0.0 0.09000000357627869 0.0 0.0 0.0 0.0 0.0 0.33000001311302185 0.33000001311302185
73 0.0 0.0 0.0 0.09000000357627869 0.05000000074505806 0.0 0.09000000357627869 0.0 0.4300000071525574 0.0 0.0 0.0 0.3100000023841858 0.0 0.0 0.0 0.09000000357627869 0.0 0.0 0.0 0.0 0.0 0.0 0.46000000834465027 0.0 0.0 0.0 0.0 0.0 0.0 0.09000000357627869 0.0 0.09000000357627869 0.0 0.09000000357627869 0.09000000357627869 0.09000000357627869 0.0 0.550000011920929 0.0 0.0 0.0 0.0 0.0 0.0 0.0 0.0 0.0 0.0 0.0 0.09000000357627869 0.09000000357627869 0.0 0.0 0.0 0.0 0.0 0.0 0.0 0.0 0.0 0.09000000357627869 0.0 0.0 0.0 0.0 0.0 0.0 0.0 0.0 0.0 0.0 0.09000000357627869 0.0 0.0 0.0 0.0 0.0 0.0 0.0 0.0 0.0 0.0 0.0 0.0 0.0 0.09000000357627869 0.0 0.09000000357627869 0.09000000357627869 0.0 0.0 0.09000000357627869 0.0 0.09000000357627869 0.0 0.0 0.0 0.0 0.0 0.09000000357627869 0.0 0.09000000357627869 0.09000000357627869 0.0 0.09000000357627869 0.0 0.20000000298023224 0.09000000357627869 0.09000000357627869 0.0 0.4399999976158142 0.6399999856948853 0.0 0.46000000834465027 0.46000000834465027 0.0 0.46000000834465027 0.46000000834465027 0.0 0.0 0.0 0.3100000023841858 0.0 0.0 0.05000000074505806 0.09000000357627869 0.09000000357627869 0.0 0.4300000071525574 0.5099999904632568 0.0 0.3100000023841858 0.0 0.6200000047683716 0.0 0.0 0.0 0.0 0.0 0.09000000357627869 0.09000000357627869 0.0 0.0 0.0 0.0 0.09000000357627869 0.09000000357627869 0.20999999344348907 0.05000000074505806 0.05000000074505806 0.0 0.33000001311302185 0.33000001311302185 0.0 0.0 0.0 0.0 0.0 0.0 0.0 0.0 0.0 0.0 0.0 0.0 0.0 0.11999999731779099 0.0 0.0 0.0 0.0 0.0 0.11999999731779099 0.0 0.0 0.0 0.0 0.0 0.0 0.0 0.0 0.0 0.09000000357627869 0.0 0.0 0.0 0.09000000357627869 0.09000000357627869 0.09000000357627869 0.0 0.0 0.0 0.0 0.0 0.0 0.0 0.09000000357627869 0.09000000357627869 0.0 0.0 0.11999999731779099 0.0 0.11999999731779099 0.0 0.11999999731779099 0.0 0.0 0.0 0.11999999731779099 0.0 0.0 0.0 0.0 0.0 0.0 0.0 0.0 0.0 0.0 0.0 0.0 0.09000000357627869 0.0 0.0 0.0 0.09000000357627869 0.0 0.0 0.0 0.0 0.0 0.0 0.0 0.0 0.0 0.09000000357627869 0.09000000357627869 0.0 0.0 0.0 0.0 0.0 0.0 0.0 0.0 0.09000000357627869 0.0 0.0 0.0 0.0 0.0 0.0 0.0 0.0 0.09000000357627869 0.0 0.0 0.09000000357627869 0.0 0.0 0.0 0.0 0.09000000357627869 0.0 0.0 0.0 0.0 0.0 0.0 0.0 0.0 0.0 0.0 0.09000000357627869 0.0 0.0 0.09000000357627869 0.0 0.0 0.0 0.0 0.09000000357627869 0.0 0.0 0.09000000357627869 0.09000000357627869 0.0 0.0 0.0 0.0 0.0 0.0 0.0 0.0 0.0 0.0 0.0 0.0 0.0 0.11999999731779099 0.0 0.0 0.0 0.0 0.0 0.0 0.0 0.0 0.0 0.0 0.0 0.0 0.0 0.0 0.0 0.0 0.09000000357627869 0.0 0.0 0.0 0.0 0.0 0.0 0.0 0.09000000357627869 0.09000000357627869 0.0 0.0 0.0 0.5099999904632568 0.0 0.0 0.0 0.0 0.0 0.0 0.0 0.0 0.0 0.0 0.0 0.0 0.0 0.0 0.0 0.0 0.0 0.0 0.0 0.0 0.0 0.0 0.0 0.0 0.0 0.11999999731779099 0.0 0.0 0.0 0.0 0.0 0.09000000357627869 0.0 0.09000000357627869 0.0 0.0 0.0 0.0 0.0 0.09000000357627869 0.09000000357627869 0.0 0.4399999976158142 0.6399999856948853 0.0 0.46000000834465027 0.46000000834465027 0.0 0.46000000834465027 0.46000000834465027 0.0 0.0 0.0 0.3100000023841858 0.0 0.0 0.0 0.09000000357627869 0.09000000357627869 0.0 0.0 0.09000000357627869 0.0 0.0 0.0 0.0 0.0 0.0 0.09000000357627869 0.0 0.0 0.09000000357627869 0.0 0.0 0.11999999731779099 0.0 0.11999999731779099 0.0 0.0 0.0 0.0 0.0 0.0 0.0 0.0 0.0 0.0 0.3100000023841858 0.0 0.0 0.0 0.09000000357627869 0.09000000357627869 0.0 0.09000000357627869 0.0 0.20000000298023224 0.09000000357627869 0.5099999904632568 0.0 0.0 0.0 0.0 0.09000000357627869 0.0 0.0 0.09000000357627869 0.0 0.0 0.0 0.0 0.0 0.0 0.0 0.0 0.0 0.09000000357627869 0.0 0.0 0.0 0.0 0.0 0.0 0.0 0.09000000357627869 0.0 0.09000000357627869 0.0 0.0 0.09000000357627869 0.0 0.0 0.0 0.0 0.0 0.0 0.0 0.0 0.0 0.0 0.0 0.0 0.0 0.0 0.0 0.0 0.0 0.09000000357627869 0.09000000357627869 0.0 0.0 0.0 0.0 0.09000000357627869 0.09000000357627869 0.0 0.0 0.0 0.0 0.5099999904632568 0.0 0.0 0.0 0.09000000357627869 0.05000000074505806 0.09000000357627869 0.0 0.4300000071525574 0.5099999904632568 0.0 0.0 0.3100000023841858 0.0 0.0 0.0 0.09000000357627869 0.09000000357627869 0.0 0.1599999964237213 0.5099999904632568 0.0 0.0 0.0 0.0 0.09000000357627869 0.05000000074505806 0.09000000357627869 0.09000000357627869 0.0 0.4300000071525574 0.5099999904632568 0.0 0.0 0.0 0.0 0.09000000357627869 0.0 0.0 0.0 0.0 0.0 0.09000000357627869 0.0 0.4300000071525574 0.0 0.0 0.0 0.0 0.0 0.0 0.09000000357627869 0.09000000357627869 0.0 0.09000000357627869 0.0 0.0 0.0 0.09000000357627869 0.09000000357627869 0.09000000357627869 0.0 0.0 0.0 0.0 0.0 0.0 0.0 0.0 0.0 0.0 0.09000000357627869 0.0 0.09000000357627869 0.09000000357627869 0.0 0.0 0.0 0.0 0.0 0.0 0.0 0.0 0.0 0.0 0.0 0.0 0.09000000357627869 0.0 0.4300000071525574 0.0 0.09000000357627869 0.09000000357627869 0.0 0.0 0.0 0.0 0.0 0.0 0.0 0.0 0.0 0.0 0.0 0.0 0.0 0.0 0.0 0.0 0.0 0.0 0.0 0.0 0.11999999731779099 0.0 0.0 0.0 0.0 0.0 0.0 0.05000000074505806 0.09000000357627869 0.09000000357627869 0.0 0.4300000071525574 0.5099999904632568 0.0 0.0 0.0 0.0 0.0 0.09000000357627869 0.5099999904632568 0.0 0.0 0.0 0.0 0.0 0.0 0.0 0.0
74 0.0 0.0 0.3100000023841858 0.0 0.09000000357627869 0.05000000074505806 0.0 0.09000000357627869 0.0 0.4300000071525574 0.0 0.0 0.0 0.3100000023841858 0.0 0.0 0.0 0.09000000357627869 0.09000000357627869 0.0 0.0 0.0 0.0 0.09000000357627869 0.09000000357627869 0.0 0.0 0.6399999856948853 0.0 0.46000000834465027 0.46000000834465027 0.0 0.46000000834465027 0.46000000834465027 0.0 0.0 0.0 0.0 0.0 0.09000000357627869 0.0 0.0 0.09000000357627869 0.0 0.09000000357627869 0.0 0.09000000357627869 0.09000000357627869 0.09000000357627869 0.0 0.0 0.0 0.0 0.0 0.11999999731779099 0.0 0.0 0.09000000357627869 0.09000000357627869 0.0 0.09000000357627869 0.09000000357627869 0.550000011920929 0.0 0.0 0.0 0.0 0.09000000357627869 0.09000000357627869 0.0 0.0 0.09000000357627869 0.0 0.0 0.0 0.0 0.0 0.0 0.0 0.0 0.0 0.0 0.09000000357627869 0.09000000357627869 0.0 0.0 0.0 0.09000000357627869 0.0 0.0 0.09000000357627869 0.09000000357627869 0.0 0.0 0.0 0.0 0.0 0.0 0.0 0.0 0.09000000357627869 0.0 0.0 0.0 0.0 0.0 0.0 0.0 0.0 0.0 0.0 0.09000000357627869 0.0 0.0 0.0 0.0 0.0 0.0 0.0 0.0 0.0 0.0 0.0 0.0 0.0 0.09000000357627869 0.0 0.09000000357627869 0.09000000357627869 0.0 0.0 0.09000000357627869 0.0 0.09000000357627869 0.0 0.0 0.0 0.0 0.0 0.09000000357627869 0.0 0.09000000357627869 0.09000000357627869 0.0 0.09000000357627869 0.0 0.20000000298023224 0.09000000357627869 0.09000000357627869 0.0 0.4399999976158142 0.6399999856948853 0.0 0.46000000834465027 0.46000000834465027 0.0 0.46000000834465027 0.46000000834465027 0.0 0.0 0.0 0.3100000023841858 0.0 0.0 0.05000000074505806 0.09000000357627869 0.5099999904632568 0.0 0.3100000023841858 0.0 0.09000000357627869 0.0 0.0 0.09000000357627869 0.6200000047683716 0.0 0.0 0.0 0.0 0.09000000357627869 0.09000000357627869 0.0 0.0 0.0 0.0 0.09000000357627869 0.09000000357627869 0.20999999344348907 0.05000000074505806 0.05000000074505806 0.0 0.33000001311302185 0.33000001311302185 0.33000001311302185 0.0 0.0 0.0 0.0 0.0 0.0 0.0 0.0 0.0 0.0 0.0 0.0 0.11999999731779099 0.0 0.0 0.0 0.0 0.0 0.11999999731779099 0.0 0.0 0.0 0.0 0.0 0.0 0.0 0.0 0.0 0.09000000357627869 0.0 0.0 0.0 0.09000000357627869 0.09000000357627869 0.09000000357627869 0.0 0.0 0.0 0.0 0.0 0.0 0.0 0.0 0.0 0.0 0.0 0.0 0.0 0.0 0.0 0.0 0.09000000357627869 0.0 0.0 0.0 0.0 0.0 0.0 0.0 0.0 0.0 0.0 0.0 0.0 0.0 0.0 0.09000000357627869 0.0 0.0 0.0 0.09000000357627869 0.0 0.0 0.0 0.0 0.0 0.0 0.0 0.0 0.0 0.09000000357627869 0.09000000357627869 0.6200000047683716 0.0 0.0 0.0 0.0 0.0 0.0 0.0 0.09000000357627869 0.0 0.0 0.0 0.0 0.09000000357627869 0.0 0.0 0.0 0.0 0.0 0.0 0.0 0.3100000023841858 0.09000000357627869 0.0 0.0 0.0 0.0 0.0 0.0 0.0 0.0 0.0 0.0 0.0 0.0 0.0 0.0 0.0 0.0 0.0 0.0 0.0 0.0 0.0 0.0 0.0 0.0 0.0 0.0 0.0 0.09000000357627869 0.0 0.0 0.0 0.0 0.0 0.09000000357627869 0.09000000357627869 0.0 0.4399999976158142 0.6399999856948853 0.0 0.46000000834465027 0.46000000834465027 0.0 0.46000000834465027 0.46000000834465027 0.0 0.0 0.0 0.09000000357627869 0.0 0.0 0.11999999731779099 0.0 0.11999999731779099 0.0 0.0 0.0 0.0 0.0 0.0 0.0 0.0 0.4300000071525574 0.0 0.0 0.0 0.0 0.09000000357627869 0.0 0.1599999964237213 0.5099999904632568 0.0 0.0 0.0 0.09000000357627869 0.05000000074505806 0.09000000357627869 0.09000000357627869 0.0 0.4300000071525574 0.5099999904632568 0.0 0.0 0.3100000023841858 0.0 0.0 0.0 0.09000000357627869 0.0 0.09000000357627869 0.0 0.0 0.0 0.0 0.5099999904632568 0.0 0.0 0.0 0.0 0.09000000357627869 0.05000000074505806 0.09000000357627869 0.09000000357627869 0.0 0.4300000071525574 0.5099999904632568 0.0 0.3100000023841858 0.0 0.6200000047683716 0.0 0.0 0.5099999904632568 0.0 0.0 0.0 0.0 0.09000000357627869 0.09000000357627869 0.5099999904632568 0.0 0.0 0.0 0.0 0.0 0.0 0.09000000357627869 0.09000000357627869 0.0 0.09000000357627869 0.0 0.0 0.0 0.09000000357627869 0.09000000357627869 0.09000000357627869 0.0 0.0 0.0 0.0 0.0 0.0 0.0 0.0 0.0 0.0 0.09000000357627869 0.0 0.09000000357627869 0.09000000357627869 0.0 0.0 0.0 0.0 0.0 0.0 0.0 0.0 0.0 0.0 0.0 0.0 0.09000000357627869 0.0 0.4300000071525574 0.0 0.09000000357627869 0.09000000357627869 0.0 0.0 0.0 0.0 0.0 0.0 0.0 0.0 0.0 0.0 0.0 0.0 0.0 0.0 0.0 0.0 0.0 0.0 0.0 0.0 0.0 0.0 0.0 0.0 0.0 0.05000000074505806 0.09000000357627869 0.09000000357627869 0.0 0.4300000071525574 0.5099999904632568 0.0 0.0
75 0.0 0.0 0.0 0.0 0.0 0.0 0.09000000357627869 0.0 0.0 0.0 0.0 0.09000000357627869 0.0 0.0 0.46000000834465027 0.0 0.0 0.0 0.0 0.09000000357627869 0.0 0.0 0.09000000357627869 0.0 0.09000000357627869 0.0 0.09000000357627869 0.09000000357627869 0.09000000357627869 0.0 0.09000000357627869 0.09000000357627869 0.09000000357627869 0.0 0.0 0.0 0.3100000023841858 0.0 0.0 0.0 0.0 0.0 0.0 0.0 0.0 0.09000000357627869 0.0 0.0 0.0 0.0 0.0 0.09000000357627869 0.0 0.09000000357627869 0.09000000357627869 0.0 0.09000000357627869 0.09000000357627869 0.550000011920929 0.0 0.0 0.0 0.0 0.5099999904632568 0.0 0.0 0.0 0.0 0.09000000357627869 0.0 0.0 0.11999999731779099 0.0 0.11999999731779099 0.0 0.0 0.0 0.0 0.0 0.0 0.3100000023841858 0.09000000357627869 0.0 0.0 0.11999999731779099 0.0 0.11999999731779099 0.0 0.11999999731779099 0.0 0.0 0.0 0.0 0.0 0.0 0.0 0.09000000357627869 0.0 0.0 0.0 0.0 0.0 0.0 0.0 0.0 0.0 0.0 0.09000000357627869 0.09000000357627869 0.0 0.0 0.0 0.09000000357627869 0.0 0.0 0.09000000357627869 0.09000000357627869 0.0 0.0 0.0 0.0 0.0 0.0 0.0 0.0 0.09000000357627869 0.0 0.0 0.0 0.0 0.0 0.0 0.0 0.0 0.0 0.0 0.09000000357627869 0.0 0.0 0.0 0.0 0.0 0.0 0.0 0.0 0.0 0.0 0.0 0.0 0.0 0.09000000357627869 0.0 0.09000000357627869 0.09000000357627869 0.0 0.0 0.09000000357627869 0.0 0.09000000357627869 0.0 0.0 0.0 0.09000000357627869 0.0 0.0 0.09000000357627869 0.0 0.11999999731779099 0.0 0.0 0.0 0.0 0.0 0.0 0.0 0.09000000357627869 0.0 0.0 0.0 0.0 0.0 0.0 0.0 0.0 0.0 0.0 0.0 0.0 0.0 0.0 0.0 0.0 0.0 0.0 0.09000000357627869 0.0 0.0 0.0 0.0 0.0 0.0 0.0 0.0 0.0 0.09000000357627869 0.09000000357627869 0.0 0.0 0.11999999731779099 0.0 0.11999999731779099 0.0 0.11999999731779099 0.0 0.0 0.0 0.11999999731779099 0.0 0.0 0.0 0.0 0.0 0.0 0.0 0.09000000357627869 0.09000000357627869 0.6200000047683716 0.0 0.0 0.0 0.0 0.0 0.0 0.0 0.09000000357627869 0.0 0.0 0.0 0.0 0.09000000357627869 0.0 0.0 0.0 0.0 0.0 0.0 0.0 0.0 0.3100000023841858 0.0 0.09000000357627869 0.0 0.09000000357627869 0.09000000357627869 0.0 0.09000000357627869 0.09000000357627869 0.0 0.09000000357627869 0.09000000357627869 0.0 0.0 0.0 0.0 0.0 0.0 0.3100000023841858 0.0 0.0 0.0 0.1899999976158142 0.12999999523162842 0.0 0.5099999904632568 0.0 0.0 0.0 0.0 0.0 0.0 0.0 0.0 0.0 0.0 0.0 0.0 0.11999999731779099 0.0 0.0 0.0 0.11999999731779099 0.5099999904632568 0.0 0.0 0.0 0.0 0.0 0.0 0.09000000357627869 0.09000000357627869 0.0 0.0 0.0 0.0 0.09000000357627869 0.09000000357627869 0.0 0.0 0.0 0.0 0.0 0.0 0.0 0.0 0.0 0.09000000357627869 0.09000000357627869 0.0 0.0 0.0 0.3100000023841858 0.0 0.0 0.0 0.09000000357627869 0.0 0.0 0.09000000357627869 0.0 0.0 0.0 0.0 0.09000000357627869 0.0 0.0 0.0 0.0 0.0 0.0 0.0 0.0 0.0 0.0 0.0 0.0 0.0 0.0 0.0 0.09000000357627869 0.0 0.0 0.0 0.0 0.0 0.0 0.0 0.09000000357627869 0.09000000357627869 0.0 0.5099999904632568 0.0 0.0 0.0 0.0 0.0 0.0 0.0 0.0 0.0 0.0 0.0 0.0 0.0 0.0 0.0 0.0 0.0 0.0 0.0 0.0 0.0 0.0 0.0 0.0 0.0 0.09000000357627869 0.09000000357627869 0.1899999976158142 0.0 0.1899999976158142 0.0 0.0 0.0 0.0 0.0 0.0 0.0 0.0 0.0 0.0 0.0 0.0 0.5099999904632568 0.0 0.0 0.0 0.0 0.09000000357627869 0.0 0.09000000357627869 0.09000000357627869 0.0 0.0 0.0 0.0 0.0 0.0 0.0 0.0 0.11999999731779099 0.0 0.0 0.0 0.0 0.0 0.3100000023841858 0.0 0.0 0.0 0.09000000357627869 0.09000000357627869 0.1899999976158142 0.12999999523162842 0.1899999976158142 0.0 0.4399999976158142 0.3199999928474426 0.0 0.0 0.0 0.0 0.0 0.09000000357627869 0.0 0.09000000357627869 0.0 0.0 0.0 0.0 0.0 0.09000000357627869 0.09000000357627869 0.0 0.4399999976158142 0.6399999856948853 0.0 0.46000000834465027 0.46000000834465027 0.0 0.46000000834465027 0.46000000834465027 0.0 0.0 0.0 0.3100000023841858 0.0 0.0 0.0 0.09000000357627869 0.09000000357627869 0.0 0.0 0.09000000357627869 0.0 0.0 0.0 0.0 0.0 0.09000000357627869 0.0 0.0 0.09000000357627869 0.0 0.0 0.11999999731779099 0.0 0.11999999731779099 0.0 0.0 0.0 0.0 0.0 0.0 0.0 0.0 0.0 0.0 0.0 0.0 0.09000000357627869 0.09000000357627869 0.0 0.1599999964237213 0.5099999904632568 0.0 0.0 0.0 0.09000000357627869 0.05000000074505806 0.09000000357627869 0.0 0.4300000071525574 0.5099999904632568 0.0 0.0 0.3100000023841858 0.0 0.0 0.0 0.09000000357627869 0.09000000357627869 0.0 0.09000000357627869 0.0 0.0 0.0 0.0 0.0 0.09000000357627869 0.09000000357627869 0.09000000357627869 0.5099999904632568 0.0 0.0 0.0 0.0 0.09000000357627869 0.05000000074505806 0.09000000357627869 0.09000000357627869 0.0 0.4300000071525574 0.5099999904632568 0.0 0.0 0.3100000023841858 0.0 0.09000000357627869 0.0 0.09000000357627869 0.6200000047683716 0.0 0.0 0.5099999904632568 0.0 0.0 0.0 0.0 0.09000000357627869 0.09000000357627869 0.5099999904632568 0.0 0.0 0.0 0.0 0.0 0.0 0.09000000357627869 0.09000000357627869 0.0 0.09000000357627869 0.0 0.0 0.0 0.09000000357627869 0.09000000357627869 0.09000000357627869 0.0 0.0 0.0 0.0 0.0 0.0 0.0 0.0 0.0 0.0 0.09000000357627869 0.0 0.09000000357627869 0.09000000357627869 0.0 0.0 0.0 0.0 0.0 0.0 0.0 0.0 0.0 0.0 0.0 0.0 0.09000000357627869 0.0 0.4300000071525574 0.0 0.09000000357627869 0.09000000357627869 0.0 0.0 0.0 0.0 0.0 0.0 0.0 0.0 0.0 0.0 0.0 0.0 0.0 0.0 0.0 0.0 0.0 0.0 0.0 0.0 0.0 0.0 0.0 0.09000000357627869
76 0.0 0.0 0.0 0.0 0.09000000357627869 0.0 0.0 0.0 0.0 0.09000000357627869 0.09000000357627869 0.0 0.0 0.6399999856948853 0.46000000834465027 0.0 0.0 0.0 0.0 0.09000000357627869 0.0 0.0 0.09000000357627869 0.0 0.09000000357627869 0.0 0.09000000357627869 0.09000000357627869 0.0 0.0 0.0 0.3100000023841858 0.0 0.0 0.0 0.09000000357627869 0.0 0.0 0.0 0.0 0.11999999731779099 0.0 0.0 0.0 0.0 0.0 0.09000000357627869 0.0 0.09000000357627869 0.09000000357627869 0.0 0.0 0.0 0.0 0.0 0.0 0.09000000357627869 0.0 0.09000000357627869 0.09000000357627869 0.0 0.09000000357627869 0.09000000357627869 0.550000011920929 0.0 0.0 0.0 0.0 0.5099999904632568 0.0 0.0 0.0 0.0 0.09000000357627869 0.0 0.09000000357627869 0.09000000357627869 0.0 0.0 0.11999999731779099 0.0 0.11999999731779099 0.0 0.0 0.0 0.0 0.0 0.0 0.5099999904632568 0.0 0.0 0.3100000023841858 0.09000000357627869 0.0 0.11999999731779099 0.0 0.11999999731779099 0.0 0.0 0.0 0.0 0.6200000047683716 0.0 0.0 0.0 0.0 0.0 0.0 0.46000000834465027 0.0 0.09000000357627869 0.0 0.0 0.0 0.0 0.09000000357627869 0.0 0.0 0.09000000357627869 0.0 0.0 0.0 0.0 0.0 0.0 0.09000000357627869 0.0 0.09000000357627869 0.09000000357627869 0.0 0.09000000357627869 0.0 0.09000000357627869 0.0 0.09000000357627869 0.09000000357627869 0.09000000357627869 0.5099999904632568 0.0 0.0 0.0 0.0 0.09000000357627869 0.0 0.09000000357627869 0.09000000357627869 0.6200000047683716 0.0 0.0 0.0 0.0 0.0 0.0 0.0 0.09000000357627869 0.05000000074505806 0.09000000357627869 0.09000000357627869 0.0 0.4300000071525574 0.0 0.0 0.0 0.0 0.0 0.09000000357627869 0.0 0.0 0.0 0.0 0.0 0.0 0.0 0.0 0.0 0.0 0.09000000357627869 0.09000000357627869 0.0 0.0 0.0 0.09000000357627869 0.0 0.0 0.09000000357627869 0.09000000357627869 0.0 0.0 0.0 0.0 0.0 0.0 0.0 0.0 0.09000000357627869 0.0 0.0 0.0 0.0 0.0 0.0 0.0 0.0 0.0 0.0 0.09000000357627869 0.0 0.0 0.0 0.0 0.0 0.0 0.0 0.0 0.0 0.0 0.0 0.0 0.09000000357627869 0.0 0.0 0.0 0.0 0.0 0.0 0.0 0.0 0.0 0.0 0.0 0.0 0.0 0.0 0.0 0.0 0.0 0.09000000357627869 0.09000000357627869 0.0 0.0 0.11999999731779099 0.0 0.11999999731779099 0.0 0.0 0.0 0.0 0.0 0.0 0.0 0.0 0.0 0.0 0.0 0.0 0.0 0.0 0.0 0.09000000357627869 0.0 0.0 0.0 0.09000000357627869 0.0 0.0 0.0 0.0 0.0 0.0 0.0 0.09000000357627869 0.0 0.0 0.0 0.0 0.09000000357627869 0.0 0.0 0.0 0.0 0.0 0.0 0.0 0.0 0.3100000023841858 0.0 0.09000000357627869 0.0 0.09000000357627869 0.09000000357627869 0.0 0.09000000357627869 0.09000000357627869 0.0 0.09000000357627869 0.09000000357627869 0.0 0.0 0.05000000074505806 0.0 0.33000001311302185 0.33000001311302185 0.0 0.0 0.0 0.0 0.3100000023841858 0.0 0.09000000357627869 0.0 0.0 0.0 0.1899999976158142 0.12999999523162842 0.0 0.0 0.0 0.0 0.4399999976158142 0.3199999928474426 0.18000000715255737 0.5099999904632568 0.0 0.0 0.0 0.0 0.0 0.0 0.0 0.0 0.0 0.0 0.0 0.0 0.0 0.0 0.11999999731779099 0.0 0.0 0.0 0.11999999731779099 0.5099999904632568 0.0 0.0 0.0 0.09000000357627869 0.0 0.0 0.0 0.0 0.09000000357627869 0.09000000357627869 0.0 0.0 0.0 0.0 0.0 0.0 0.0 0.0 0.0 0.0 0.0 0.0 0.0 0.0 0.0 0.0 0.0 0.0 0.0 0.0 0.0 0.0 0.0 0.0 0.0 0.0 0.46000000834465027 0.0 0.09000000357627869 0.0 0.0 0.09000000357627869 0.0 0.4399999976158142 0.0 0.0 0.0 0.09000000357627869 0.0 0.09000000357627869 0.09000000357627869 0.0 0.0 0.0 0.0 0.0 0.0 0.0 0.0 0.11999999731779099 0.0 0.0 0.0 0.0 0.0 0.0 0.09000000357627869 0.0 0.0 0.0 0.0 0.0 0.09000000357627869 0.09000000357627869 0.0 0.4399999976158142 0.6399999856948853 0.0 0.46000000834465027 0.0 0.46000000834465027 0.46000000834465027 0.0 0.0 0.11999999731779099 0.0 0.0 0.0 0.0 0.0 0.0 0.5099999904632568 0.0 0.0 0.0 0.0 0.0 0.09000000357627869 0.09000000357627869 0.0 0.09000000357627869 0.0 0.0 0.0 0.0 0.0 0.09000000357627869 0.09000000357627869 0.09000000357627869 0.5099999904632568 0.0 0.0 0.0 0.09000000357627869 0.05000000074505806 0.09000000357627869 0.09000000357627869 0.0 0.4300000071525574 0.5099999904632568 0.0 0.0 0.5099999904632568 0.0 0.0 0.3100000023841858 0.0 0.09000000357627869 0.0 0.09000000357627869 0.09000000357627869 0.6200000047683716 0.0 0.0 0.5099999904632568 0.0 0.0 0.0 0.0 0.09000000357627869 0.09000000357627869 0.5099999904632568 0.0 0.0 0.0 0.0 0.0 0.0 0.09000000357627869 0.09000000357627869 0.0 0.09000000357627869 0.0 0.0 0.0 0.09000000357627869 0.09000000357627869 0.09000000357627869 0.0 0.0 0.0 0.0 0.0 0.0 0.0 0.0 0.0 0.0 0.09000000357627869 0.0 0.09000000357627869 0.09000000357627869 0.0 0.0 0.0 0.0 0.0 0.0 0.0 0.0 0.0 0.0 0.0 0.0 0.09000000357627869 0.0 0.4300000071525574 0.0 0.0 0.0 0.0 0.0 0.0 0.0
77 0.0 0.0 0.0 0.09000000357627869 0.0 0.09000000357627869 0.09000000357627869 0.0 0.09000000357627869 0.09000000357627869 0.550000011920929 0.0 0.0 0.0 0.0 0.5099999904632568 0.0 0.0 0.0 0.0 0.09000000357627869 0.0 0.09000000357627869 0.0 0.0 0.11999999731779099 0.0 0.11999999731779099 0.0 0.0 0.0 0.0 0.0 0.0 0.5099999904632568 0.0 0.3100000023841858 0.09000000357627869 0.0 0.11999999731779099 0.11999999731779099 0.0 0.0 0.0 0.0 0.09000000357627869 0.0 0.0 0.0 0.0 0.0 0.09000000357627869 0.0 0.0 0.0 0.0 0.0 0.0 0.0 0.0 0.0 0.0 0.09000000357627869 0.09000000357627869 0.0 0.0 0.09000000357627869 0.0 0.09000000357627869 0.0 0.0 0.0 0.0 0.0 0.0 0.0 0.0 0.09000000357627869 0.0 0.0 0.0 0.0 0.0 0.0 0.0 0.0 0.0 0.0 0.0 0.0 0.0 0.0 0.0 0.0 0.0 0.0 0.0 0.0 0.09000000357627869 0.09000000357627869 0.0 0.0 0.11999999731779099 0.0 0.0 0.0 0.0 0.0 0.0 0.0 0.0 0.0 0.0 0.0 0.0 0.09000000357627869 0.0 0.0 0.0 0.09000000357627869 0.0 0.0 0.0 0.0 0.0 0.0 0.0 0.0 0.0 0.09000000357627869 0.09000000357627869 0.6200000047683716 0.0 0.0 0.0 0.0 0.0 0.3100000023841858 0.0 0.09000000357627869 0.0 0.09000000357627869 0.09000000357627869 0.0 0.09000000357627869 0.09000000357627869 0.0 0.09000000357627869 0.09000000357627869 0.0 0.0 0.05000000074505806 0.0 0.33000001311302185 0.33000001311302185 0.0 0.0 0.0 0.0 0.3100000023841858 0.0 0.09000000357627869 0.0 0.0 0.0 0.1899999976158142 0.12999999523162842 0.0 0.0 0.0 0.0 0.4399999976158142 0.3199999928474426 0.18000000715255737 0.5099999904632568 0.0 0.0 0.0 0.0 0.0 0.0 0.0 0.0 0.0 0.0 0.0 0.0 0.0 0.0 0.11999999731779099 0.0 0.0 0.0 0.11999999731779099 0.5099999904632568 0.0 0.0 0.0 0.0 0.09000000357627869 0.05000000074505806 0.09000000357627869 0.09000000357627869 0.0 0.4300000071525574 0.0 0.0 0.0 0.0 0.09000000357627869 0.09000000357627869 0.0 0.09000000357627869 0.0 0.09000000357627869 0.09000000357627869 0.0 0.09000000357627869 0.09000000357627869 0.5099999904632568 0.0 0.0 0.0 0.0 0.5099999904632568 0.0 0.0 0.0 0.09000000357627869 0.0 0.0 0.0 0.0 0.0 0.0 0.5099999904632568 0.0 0.0 0.0 0.0 0.0 0.0 0.09000000357627869 0.09000000357627869 0.0 0.0 0.0 0.0 0.09000000357627869 0.09000000357627869 0.0 0.0 0.0 0.0 0.0 0.0 0.0 0.0 0.0 0.09000000357627869 0.0 0.09000000357627869 0.0 0.0 0.0 0.3100000023841858 0.0 0.0 0.0 0.09000000357627869 0.0 0.0 0.09000000357627869 0.0 0.0 0.0 0.0 0.09000000357627869 0.0 0.0 0.5099999904632568 0.0 0.0 0.0 0.0 0.0 0.0 0.0 0.0 0.0 0.0 0.0 0.0 0.0 0.0 0.0 0.0 0.0 0.0 0.0 0.0 0.0 0.0 0.0 0.0 0.0 0.09000000357627869 0.09000000357627869 0.1899999976158142 0.0 0.1899999976158142 0.0 0.0 0.0 0.0 0.0 0.0 0.0 0.0 0.0 0.0 0.0 0.0 0.0 0.0 0.0 0.0 0.0 0.0 0.09000000357627869 0.0 0.0 0.0 0.0 0.0 0.0 0.0 0.0 0.0 0.4399999976158142 0.6399999856948853 0.0 0.46000000834465027 0.46000000834465027 0.0 0.46000000834465027 0.46000000834465027 0.0 0.0 0.0 0.09000000357627869 0.0 0.09000000357627869 0.0 0.0 0.0 0.09000000357627869 0.0 0.4399999976158142 0.0 0.0 0.46000000834465027 0.0 0.0 0.0 0.5099999904632568 0.0 0.0 0.3100000023841858 0.0 0.0 0.5099999904632568 0.0 0.0 0.0 0.0 0.09000000357627869 0.0 0.09000000357627869 0.09000000357627869 0.0 0.0 0.0 0.0 0.0 0.0 0.0 0.0 0.11999999731779099 0.0 0.0 0.0 0.0 0.0 0.3100000023841858 0.0 0.0 0.0 0.0 0.0 0.0 0.0 0.09000000357627869 0.0 0.09000000357627869 0.0 0.0 0.0 0.0 0.0 0.09000000357627869 0.09000000357627869 0.0 0.4399999976158142 0.46000000834465027 0.0 0.0 0.0 0.11999999731779099 0.0 0.0 0.0 0.0 0.0 0.0 0.0 0.0 0.0 0.0 0.09000000357627869 0.09000000357627869 0.0 0.1599999964237213 0.5099999904632568 0.0 0.0 0.0 0.0 0.09000000357627869 0.05000000074505806 0.09000000357627869 0.0 0.5099999904632568 0.0 0.0 0.3100000023841858 0.0 0.0 0.0 0.09000000357627869 0.09000000357627869 0.0 0.09000000357627869 0.0 0.0 0.0 0.0 0.0 0.09000000357627869 0.09000000357627869 0.09000000357627869 0.5099999904632568 0.0 0.0 0.0 0.0 0.09000000357627869 0.05000000074505806 0.09000000357627869 0.09000000357627869 0.0 0.4300000071525574 0.5099999904632568 0.0 0.0 0.3100000023841858 0.0 0.09000000357627869 0.5099999904632568 0.0 0.0 0.3100000023841858 0.0 0.09000000357627869 0.0 0.09000000357627869 0.09000000357627869 0.6200000047683716 0.0 0.0 0.5099999904632568 0.0 0.0 0.0 0.0 0.09000000357627869 0.09000000357627869 0.5099999904632568 0.0 0.0 0.0 0.0 0.0 0.0 0.09000000357627869 0.09000000357627869 0.0 0.09000000357627869 0.0 0.0 0.0 0.09000000357627869 0.09000000357627869 0.09000000357627869 0.0 0.0 0.0 0.0 0.0 0.0 0.0 0.0 0.0 0.0 0.09000000357627869 0.0 0.09000000357627869 0.09000000357627869 0.0 0.0 0.0 0.0 0.0 0.0 0.0 0.0 0.0 0.0 0.0 0.0 0.09000000357627869 0.0 0.4300000071525574 0.0 0.0 0.0 0.0 0.0 0.0 0.0 0.0 0.0 0.0 0.0 0.0
78 0.0 0.0 0.0 0.0 0.0 0.09000000357627869 0.0 0.0 0.0 0.0 0.0 0.0 0.09000000357627869 0.0 0.09000000357627869 0.09000000357627869 0.0 0.09000000357627869 0.550000011920929 0.0 0.0 0.0 0.0 0.5099999904632568 0.0 0.0 0.0 0.0 0.09000000357627869 0.0 0.09000000357627869 0.09000000357627869 0.0 0.0 0.11999999731779099 0.0 0.11999999731779099 0.0 0.0 0.0 0.0 0.0 0.0 0.5099999904632568 0.0 0.0 0.3100000023841858 0.0 0.09000000357627869 0.09000000357627869 0.11999999731779099 0.5099999904632568 0.0 0.0 0.0 0.09000000357627869 0.5099999904632568 0.0 0.0 0.3100000023841858 0.0 0.09000000357627869 0.0 0.09000000357627869 0.09000000357627869 0.0 0.0 0.0 0.6200000047683716 0.0 0.0 0.5099999904632568 0.0 0.3100000023841858 0.0 0.0 0.0 0.0 0.11999999731779099 0.0 0.11999999731779099 0.0 0.11999999731779099 0.0 0.11999999731779099 0.0 0.4300000071525574 0.0 0.0 0.0 0.09000000357627869 0.0 0.09000000357627869 0.0 0.0 0.09000000357627869 0.09000000357627869 0.0 0.09000000357627869 0.0 0.0 0.4399999976158142 0.6399999856948853 0.0 0.46000000834465027 0.0 0.0 0.0 0.46000000834465027 0.0 0.0 0.0 0.3100000023841858 0.0 0.09000000357627869 0.0 0.09000000357627869 0.0 0.4300000071525574 0.0 0.09000000357627869 0.09000000357627869 0.0 0.0 0.0 0.3100000023841858 0.0 0.09000000357627869 0.0 0.09000000357627869 0.0 0.0 0.0 0.0 0.0 0.0 0.09000000357627869 0.0 0.09000000357627869 0.09000000357627869 0.0 0.09000000357627869 0.0 0.09000000357627869 0.09000000357627869 0.09000000357627869 0.0 0.09000000357627869 0.09000000357627869 0.09000000357627869 0.5099999904632568 0.0 0.0 0.0 0.0 0.09000000357627869 0.0 0.09000000357627869 0.09000000357627869 0.6200000047683716 0.0 0.0 0.0 0.0 0.0 0.0 0.0 0.09000000357627869 0.05000000074505806 0.09000000357627869 0.09000000357627869 0.0 0.4300000071525574 0.0 0.0 0.0 0.0 0.0 0.09000000357627869 0.0 0.0 0.0 0.0 0.0 0.0 0.0 0.0 0.0 0.0 0.09000000357627869 0.09000000357627869 0.0 0.0 0.09000000357627869 0.0 0.0 0.09000000357627869 0.09000000357627869 0.0 0.0 0.0 0.0 0.0 0.0 0.09000000357627869 0.0 0.0 0.0 0.0 0.0 0.0 0.0 0.0 0.0 0.0 0.0 0.0 0.09000000357627869 0.0 0.0 0.0 0.09000000357627869 0.0 0.0 0.0 0.0 0.0 0.0 0.0 0.0 0.0 0.09000000357627869 0.09000000357627869 0.6200000047683716 0.0 0.0 0.0 0.0 0.0 0.0 0.0 0.09000000357627869 0.0 0.0 0.0 0.0 0.09000000357627869 0.0 0.0 0.0 0.0 0.0 0.0 0.0 0.0 0.3100000023841858 0.0 0.09000000357627869 0.0 0.0 0.0 0.1899999976158142 0.12999999523162842 0.0 0.0 0.0 0.0 0.4399999976158142 0.3199999928474426 0.18000000715255737 0.5099999904632568 0.0 0.0 0.0 0.0 0.0 0.0 0.0 0.0 0.0 0.0 0.0 0.0 0.0 0.0 0.11999999731779099 0.0 0.0 0.0 0.11999999731779099 0.5099999904632568 0.0 0.0 0.0 0.0 0.09000000357627869 0.05000000074505806 0.09000000357627869 0.09000000357627869 0.0 0.4300000071525574 0.0 0.0 0.0 0.0 0.09000000357627869 0.09000000357627869 0.0 0.09000000357627869 0.0 0.09000000357627869 0.09000000357627869 0.0 0.0 0.0 0.0 0.0 0.0 0.0 0.09000000357627869 0.09000000357627869 0.0 0.0 0.0 0.0 0.09000000357627869 0.09000000357627869 0.0 0.0 0.0 0.0 0.0 0.0 0.0 0.0 0.0 0.0 0.09000000357627869 0.0 0.0 0.0 0.0 0.0 0.0 0.0 0.0 0.0 0.0 0.0 0.09000000357627869 0.09000000357627869 0.0 0.4399999976158142 0.6399999856948853 0.0 0.46000000834465027 0.46000000834465027 0.0 0.46000000834465027 0.46000000834465027 0.09000000357627869 0.0 0.18000000715255737 0.0 0.0 0.09000000357627869 0.09000000357627869 0.0 0.0 0.09000000357627869 0.0 0.09000000357627869 0.0 0.0 0.0 0.09000000357627869 0.0 0.4399999976158142 0.0 0.0 0.46000000834465027 0.0 0.0 0.46000000834465027 0.0 0.09000000357627869 0.0 0.0 0.0 0.0 0.0 0.0 0.0 0.0 0.0 0.0 0.0 0.0 0.0 0.0 0.09000000357627869 0.09000000357627869 0.0 0.09000000357627869 0.0 0.0 0.0 0.0 0.0 0.09000000357627869 0.09000000357627869 0.09000000357627869 0.5099999904632568 0.0 0.0 0.0 0.0 0.09000000357627869 0.05000000074505806 0.09000000357627869 0.09000000357627869 0.0 0.4300000071525574 0.5099999904632568 0.0 0.0 0.3100000023841858 0.0 0.09000000357627869 0.0 0.09000000357627869 0.09000000357627869 0.09000000357627869 0.5099999904632568 0.0 0.0 0.3100000023841858 0.0 0.09000000357627869 0.0 0.09000000357627869 0.09000000357627869 0.6200000047683716 0.0 0.0 0.5099999904632568 0.0 0.0 0.0 0.0 0.09000000357627869 0.09000000357627869 0.5099999904632568 0.0 0.0 0.0 0.0 0.0 0.0 0.09000000357627869 0.09000000357627869 0.0 0.09000000357627869 0.0 0.0 0.0 0.09000000357627869 0.09000000357627869 0.09000000357627869 0.0 0.0 0.0 0.0 0.0 0.0 0.0 0.0 0.0 0.0 0.09000000357627869 0.0 0.09000000357627869 0.09000000357627869 0.0 0.0 0.0 0.0 0.0 0.0
79 0.0 0.0 0.0 0.09000000357627869 0.6200000047683716 0.0 0.0 0.0 0.0 0.0 0.0 0.09000000357627869 0.0 0.09000000357627869 0.09000000357627869 0.0 0.09000000357627869 0.09000000357627869 0.550000011920929 0.0 0.0 0.0 0.5099999904632568 0.0 0.0 0.0 0.0 0.09000000357627869 0.0 0.09000000357627869 0.09000000357627869 0.0 0.0 0.11999999731779099 0.0 0.11999999731779099 0.0 0.0 0.0 0.0 0.0 0.0 0.5099999904632568 0.0 0.0 0.3100000023841858 0.0 0.09000000357627869 0.0 0.09000000357627869 0.09000000357627869 0.0 0.0 0.11999999731779099 0.0 0.11999999731779099 0.0 0.11999999731779099 0.5099999904632568 0.0 0.0 0.3100000023841858 0.0 0.09000000357627869 0.09000000357627869 0.5099999904632568 0.0 0.0 0.3100000023841858 0.0 0.09000000357627869 0.0 0.09000000357627869 0.09000000357627869 0.0 0.0 0.0 0.6200000047683716 0.0 0.0 0.5099999904632568 0.0 0.0 0.3100000023841858 0.0 0.09000000357627869 0.09000000357627869 0.5099999904632568 0.0 0.0 0.0 0.11999999731779099 0.0 0.11999999731779099 0.0 0.0 0.11999999731779099 0.0 0.0 0.09000000357627869 0.0 0.09000000357627869 0.0 0.0 0.4399999976158142 0.6399999856948853 0.0 0.46000000834465027 0.0 0.0 0.0 0.46000000834465027 0.5099999904632568 0.0 0.0 0.0 0.0 0.09000000357627869 0.0 0.09000000357627869 0.09000000357627869 0.6200000047683716 0.0 0.0 0.0 0.0 0.0 0.0 0.0 0.09000000357627869 0.05000000074505806 0.09000000357627869 0.09000000357627869 0.0 0.0 0.0 0.0 0.0 0.09000000357627869 0.0 0.0 0.0 0.0 0.0 0.09000000357627869 0.0 0.0 0.0 0.0 0.0 0.0 0.0 0.0 0.09000000357627869 0.0 0.0 0.09000000357627869 0.0 0.0 0.0 0.0 0.0 0.0 0.0 0.0 0.09000000357627869 0.09000000357627869 0.6200000047683716 0.0 0.0 0.0 0.0 0.0 0.0 0.0 0.09000000357627869 0.0 0.0 0.0 0.0 0.09000000357627869 0.0 0.0 0.0 0.0 0.0 0.0 0.0 0.0 0.3100000023841858 0.0 0.09000000357627869 0.0 0.09000000357627869 0.09000000357627869 0.0 0.09000000357627869 0.09000000357627869 0.0 0.09000000357627869 0.09000000357627869 0.0 0.0 0.05000000074505806 0.0 0.33000001311302185 0.33000001311302185 0.0 0.0 0.0 0.0 0.0 0.0 0.0 0.0 0.0 0.0 0.0 0.0 0.0 0.0 0.0 0.0 0.11999999731779099 0.0 0.0 0.0 0.11999999731779099 0.5099999904632568 0.0 0.0 0.0 0.0 0.09000000357627869 0.05000000074505806 0.09000000357627869 0.09000000357627869 0.0 0.4300000071525574 0.0 0.0 0.0 0.0 0.09000000357627869 0.09000000357627869 0.0 0.09000000357627869 0.0 0.09000000357627869 0.5099999904632568 0.0 0.0 0.0 0.0 0.0 0.09000000357627869 0.6200000047683716 0.0 0.0 0.5099999904632568 0.0 0.0 0.0 0.09000000357627869 0.0 0.0 0.0 0.0 0.0 0.0 0.5099999904632568 0.0 0.0 0.0 0.0 0.0 0.0 0.09000000357627869 0.09000000357627869 0.0 0.0 0.0 0.0 0.09000000357627869 0.09000000357627869 0.0 0.0 0.0 0.0 0.0 0.0 0.0 0.0 0.0 0.0 0.0 0.0 0.0 0.0 0.0 0.0 0.0 0.0 0.09000000357627869 0.0 0.09000000357627869 0.0 0.0 0.0 0.0 0.0 0.0 0.09000000357627869 0.0 0.09000000357627869 0.0 0.0 0.0 0.0 0.0 0.0 0.0 0.0 0.0 0.0 0.0 0.0 0.0 0.3100000023841858 0.0 0.09000000357627869 0.0 0.0 0.0 0.0 0.0 0.0 0.0 0.0 0.09000000357627869 0.09000000357627869 0.0 0.0 0.0 0.0 0.09000000357627869 0.09000000357627869 0.0 0.4399999976158142 0.6399999856948853 0.0 0.46000000834465027 0.46000000834465027 0.0 0.46000000834465027 0.46000000834465027 0.0 0.0 0.5099999904632568 0.0 0.0 0.0 0.0 0.09000000357627869 0.0 0.09000000357627869 0.09000000357627869 0.0 0.0 0.0 0.5099999904632568 0.0 0.3100000023841858 0.0 0.0 0.09000000357627869 0.6200000047683716 0.0 0.0 0.0 0.0 0.4399999976158142 0.3199999928474426 0.18000000715255737 0.0 0.0 0.0 0.09000000357627869 0.0 0.09000000357627869 0.0 0.0 0.0 0.0 0.0 0.0 0.09000000357627869 0.0 0.09000000357627869 0.09000000357627869 0.09000000357627869 0.0 0.0 0.0 0.3100000023841858 0.0 0.0 0.05000000074505806 0.09000000357627869 0.09000000357627869 0.5099999904632568 0.0 0.0 0.0 0.0 0.09000000357627869 0.0 0.0 0.09000000357627869 0.0 0.09000000357627869 0.0 0.0 0.0 0.09000000357627869 0.0 0.4399999976158142 0.0 0.0 0.46000000834465027 0.0 0.0 0.46000000834465027 0.0 0.5099999904632568 0.0 0.0 0.3100000023841858 0.0 0.0 0.0 0.09000000357627869 0.5099999904632568 0.0 0.0 0.0 0.0 0.09000000357627869 0.0 0.09000000357627869 0.09000000357627869 0.0 0.0 0.0 0.0 0.0 0.0 0.0 0.0 0.11999999731779099 0.0 0.0 0.0 0.0 0.0 0.09000000357627869 0.0 0.0 0.0 0.0 0.0 0.09000000357627869 0.09000000357627869 0.09000000357627869 0.0 0.5099999904632568 0.0 0.0 0.0 0.09000000357627869 0.0 0.09000000357627869 0.5099999904632568 0.0 0.0 0.0 0.0 0.09000000357627869 0.09000000357627869 0.5099999904632568 0.0 0.0 0.0 0.0 0.0 0.0 0.09000000357627869 0.0 0.0 0.09000000357627869 0.09000000357627869 0.0 0.0 0.0 0.0 0.0 0.0 0.0 0.0 0.09000000357627869 0.0
8 0.09000000357627869 0.07000000029802322 0.09000000357627869 0.09000000357627869 0.0 0.0 0.0 0.3100000023841858 0.0 0.09000000357627869 0.0 0.09000000357627869 0.0 0.09000000357627869 0.09000000357627869 0.09000000357627869 0.0 0.09000000357627869 0.09000000357627869 0.0 0.09000000357627869 0.09000000357627869 0.09000000357627869 0.0 0.0 0.0 0.3100000023841858 0.07000000029802322 0.09000000357627869 0.0 0.09000000357627869 0.09000000357627869 0.0 0.09000000357627869 0.09000000357627869 0.550000011920929 0.0 0.0 0.3199999928474426 0.30000001192092896 0.0 0.0 0.0 0.3100000023841858 0.0 0.09000000357627869 0.0 0.09000000357627869 0.09000000357627869 0.1899999976158142 0.12999999523162842 0.1899999976158142 0.0 0.4399999976158142 0.0 0.4399999976158142 0.3199999928474426 0.18000000715255737 0.0 0.0 0.0 0.0 0.0 0.09000000357627869 0.0 0.09000000357627869 0.09000000357627869 0.0 0.0 0.0 0.0 0.3700000047683716 0.23999999463558197 0.10999999940395355 0.0 0.17000000178813934 0.0 0.14000000059604645 0.0 0.1599999964237213 0.0 0.14000000059604645 0.5099999904632568 0.0 0.0 0.0 0.0 0.09000000357627869 0.0 0.09000000357627869 0.09000000357627869 0.0 0.0 0.11999999731779099 0.0 0.11999999731779099 0.0 0.11999999731779099 0.0 0.11999999731779099 0.0 0.11999999731779099 0.5099999904632568 0.0 0.0 0.0 0.0 0.09000000357627869 0.0 0.09000000357627869 0.09000000357627869 0.0 0.09000000357627869 0.09000000357627869 0.0 0.09000000357627869 0.09000000357627869 0.20999999344348907 0.05000000074505806 0.05000000074505806 0.0 0.33000001311302185 0.33000001311302185 0.33000001311302185 0.5099999904632568 0.0 0.0 0.0 0.0 0.09000000357627869 0.0 0.09000000357627869 0.09000000357627869 0.0 0.09000000357627869 0.09000000357627869 0.20000000298023224 0.09000000357627869 0.09000000357627869 0.0 0.4399999976158142 0.6399999856948853 0.0 0.46000000834465027 0.46000000834465027 0.0 0.46000000834465027 0.46000000834465027 0.5099999904632568 0.0 0.0 0.3100000023841858 0.0 0.09000000357627869 0.0 0.0 0.4300000071525574 0.0 0.09000000357627869 0.09000000357627869 0.09000000357627869 0.5099999904632568 0.0 0.3100000023841858 0.09000000357627869 0.09000000357627869 0.09000000357627869 0.0 0.11999999731779099 0.0 0.11999999731779099 0.10999999940395355 0.0 0.0 0.09000000357627869 0.09000000357627869 0.0 0.09000000357627869 0.09000000357627869 0.09000000357627869 0.0 0.11999999731779099 0.0 0.11999999731779099 0.0 0.11999999731779099 0.6399999856948853 0.0 0.46000000834465027 0.46000000834465027 0.46000000834465027
80 0.0 0.0 0.0 0.09000000357627869 0.0 0.09000000357627869 0.09000000357627869 0.0 0.09000000357627869 0.09000000357627869 0.550000011920929 0.0 0.0 0.5099999904632568 0.0 0.0 0.0 0.0 0.09000000357627869 0.0 0.09000000357627869 0.09000000357627869 0.0 0.0 0.11999999731779099 0.0 0.11999999731779099 0.0 0.0 0.0 0.0 0.5099999904632568 0.0 0.0 0.3100000023841858 0.0 0.09000000357627869 0.0 0.09000000357627869 0.09000000357627869 0.0 0.0 0.11999999731779099 0.0 0.0 0.11999999731779099 0.0 0.11999999731779099 0.5099999904632568 0.0 0.0 0.3100000023841858 0.0 0.09000000357627869 0.09000000357627869 0.5099999904632568 0.0 0.0 0.3100000023841858 0.0 0.0 0.0 0.6200000047683716 0.0 0.0 0.0 0.09000000357627869 0.0 0.0 0.0 0.0 0.0 0.0 0.0 0.0 0.0 0.0 0.0 0.0 0.0 0.0 0.09000000357627869 0.0 0.0 0.0 0.09000000357627869 0.0 0.0 0.0 0.0 0.0 0.0 0.0 0.0 0.0 0.09000000357627869 0.09000000357627869 0.6200000047683716 0.0 0.0 0.0 0.0 0.0 0.0 0.0 0.09000000357627869 0.0 0.0 0.0 0.0 0.09000000357627869 0.0 0.0 0.0 0.0 0.0 0.0 0.0 0.0 0.3100000023841858 0.0 0.09000000357627869 0.0 0.09000000357627869 0.09000000357627869 0.0 0.09000000357627869 0.09000000357627869 0.0 0.09000000357627869 0.09000000357627869 0.0 0.0 0.05000000074505806 0.0 0.33000001311302185 0.33000001311302185 0.0 0.0 0.0 0.0 0.3100000023841858 0.0 0.09000000357627869 0.0 0.0 0.0 0.1899999976158142 0.12999999523162842 0.0 0.0 0.0 0.0 0.4399999976158142 0.3199999928474426 0.18000000715255737 0.5099999904632568 0.0 0.0 0.0 0.0 0.09000000357627869 0.05000000074505806 0.09000000357627869 0.09000000357627869 0.0 0.4300000071525574 0.0 0.0 0.0 0.0 0.09000000357627869 0.09000000357627869 0.0 0.09000000357627869 0.0 0.09000000357627869 0.09000000357627869 0.0 0.09000000357627869 0.09000000357627869 0.5099999904632568 0.0 0.0 0.0 0.0 0.09000000357627869 0.0 0.09000000357627869 0.09000000357627869 0.0 0.09000000357627869 0.09000000357627869 0.6200000047683716 0.0 0.0 0.5099999904632568 0.0 0.0 0.0 0.0 0.09000000357627869 0.0 0.0 0.0 0.0 0.0 0.0 0.5099999904632568 0.0 0.0 0.0 0.0 0.0 0.0 0.09000000357627869 0.09000000357627869 0.0 0.0 0.0 0.0 0.09000000357627869 0.09000000357627869 0.0 0.0 0.0 0.0 0.0 0.0 0.0 0.0 0.0 0.09000000357627869 0.0 0.09000000357627869 0.0 0.4300000071525574 0.0 0.0 0.0 0.3100000023841858 0.0 0.0 0.0 0.09000000357627869 0.0 0.0 0.0 0.0 0.0 0.0 0.0 0.0 0.0 0.0 0.0 0.0 0.0 0.0 0.0 0.0 0.0 0.09000000357627869 0.09000000357627869 0.1899999976158142 0.0 0.1899999976158142 0.0 0.4399999976158142 0.0 0.4399999976158142 0.3199999928474426 0.18000000715255737 0.0 0.0 0.0 0.0 0.0 0.0 0.0 0.0 0.0 0.0 0.0 0.0 0.0 0.0 0.0 0.09000000357627869 0.0 0.09000000357627869 0.0 0.0 0.0 0.09000000357627869 0.20999999344348907 0.05000000074505806 0.05000000074505806 0.0 0.33000001311302185 0.33000001311302185 0.33000001311302185 0.0 0.0 0.0 0.0 0.0 0.09000000357627869 0.0 0.09000000357627869 0.0 0.0 0.0 0.0 0.0 0.0 0.0 0.0 0.0 0.0 0.0 0.0 0.0 0.3100000023841858 0.0 0.09000000357627869 0.0 0.09000000357627869 0.09000000357627869 0.550000011920929 0.0 0.0 0.0 0.0 0.0 0.3100000023841858 0.0 0.0 0.0 0.0 0.09000000357627869 0.09000000357627869 0.0 0.0 0.0 0.0 0.09000000357627869 0.09000000357627869 0.0 0.4399999976158142 0.6399999856948853 0.0 0.46000000834465027 0.46000000834465027 0.0 0.46000000834465027 0.46000000834465027 0.0 0.0 0.0 0.0 0.0 0.0 0.0 0.09000000357627869 0.0 0.09000000357627869 0.09000000357627869 0.09000000357627869 0.0 0.0 0.0 0.3100000023841858 0.0 0.0 0.05000000074505806 0.09000000357627869 0.09000000357627869 0.0 0.4300000071525574 0.5099999904632568 0.0 0.0 0.0 0.0 0.09000000357627869 0.0 0.0 0.09000000357627869 0.0 0.09000000357627869 0.0 0.0 0.0 0.09000000357627869 0.0 0.4399999976158142 0.0 0.0 0.46000000834465027 0.0 0.0 0.46000000834465027 0.0 0.5099999904632568 0.0 0.0 0.3100000023841858 0.0 0.0 0.0 0.09000000357627869 0.09000000357627869 0.0 0.09000000357627869 0.0 0.6200000047683716 0.0 0.0 0.5099999904632568 0.0 0.0 0.0 0.0 0.09000000357627869 0.0 0.09000000357627869 0.09000000357627869 0.0 0.0 0.0 0.0 0.0 0.0 0.0 0.0 0.11999999731779099 0.0 0.0 0.0 0.0 0.0 0.3100000023841858 0.0 0.0 0.0 0.09000000357627869 0.09000000357627869 0.12999999523162842 0.0 0.0 0.0 0.0 0.0 0.09000000357627869 0.0 0.0 0.09000000357627869 0.0 0.3100000023841858 0.0 0.0 0.0 0.09000000357627869 0.09000000357627869 0.0 0.09000000357627869 0.0 0.0 0.0 0.0 0.0 0.09000000357627869 0.09000000357627869 0.09000000357627869 0.5099999904632568 0.0 0.0 0.0 0.0 0.0 0.5099999904632568 0.0 0.0 0.0 0.09000000357627869 0.5099999904632568 0.0 0.0 0.3100000023841858 0.0 0.09000000357627869 0.5099999904632568 0.0 0.0 0.0 0.0 0.09000000357627869 0.09000000357627869 0.5099999904632568 0.0 0.0 0.0 0.0 0.0 0.0 0.09000000357627869 0.0 0.0 0.0 0.0 0.0 0.0 0.0 0.0 0.0 0.0 0.09000000357627869 0.0 0.09000000357627869 0.09000000357627869 0.0 0.0 0.0 0.0 0.0 0.0
81 0.0 0.0 0.0 0.0 0.09000000357627869 0.0 0.0 0.0 0.0 0.09000000357627869 0.0 0.0 0.0 0.0 0.0 0.0 0.0 0.0 0.3100000023841858 0.0 0.09000000357627869 0.0 0.09000000357627869 0.09000000357627869 0.0 0.09000000357627869 0.09000000357627869 0.0 0.0 0.0 0.3100000023841858 0.0 0.09000000357627869 0.0 0.0 0.0 0.1899999976158142 0.12999999523162842 0.0 0.0 0.4399999976158142 0.5099999904632568 0.0 0.0 0.0 0.0 0.0 0.0 0.0 0.0 0.0 0.0 0.0 0.0 0.0 0.0 0.11999999731779099 0.0 0.0 0.0 0.11999999731779099 0.5099999904632568 0.0 0.0 0.0 0.09000000357627869 0.09000000357627869 0.0 0.09000000357627869 0.0 0.09000000357627869 0.09000000357627869 0.0 0.09000000357627869 0.09000000357627869 0.5099999904632568 0.0 0.0 0.0 0.0 0.09000000357627869 0.0 0.09000000357627869 0.09000000357627869 0.0 0.09000000357627869 0.09000000357627869 0.6200000047683716 0.0 0.0 0.5099999904632568 0.0 0.0 0.0 0.0 0.09000000357627869 0.0 0.0 0.0 0.0 0.0 0.0 0.5099999904632568 0.0 0.0 0.0 0.0 0.0 0.0 0.09000000357627869 0.09000000357627869 0.0 0.0 0.0 0.0 0.09000000357627869 0.09000000357627869 0.0 0.0 0.0 0.0 0.0 0.0 0.0 0.0 0.0 0.09000000357627869 0.0 0.09000000357627869 0.0 0.4300000071525574 0.0 0.0 0.0 0.3100000023841858 0.0 0.0 0.0 0.09000000357627869 0.0 0.0 0.0 0.0 0.0 0.0 0.0 0.0 0.0 0.0 0.0 0.0 0.0 0.0 0.0 0.0 0.0 0.0 0.0 0.0 0.0 0.0 0.09000000357627869 0.0 0.09000000357627869 0.0 0.0 0.0 0.0 0.0 0.0 0.09000000357627869 0.0 0.09000000357627869 0.0 0.0 0.0 0.0 0.0 0.0 0.0 0.0 0.0 0.0 0.0 0.0 0.0 0.3100000023841858 0.0 0.09000000357627869 0.30000001192092896 0.0 0.0 0.0 0.09000000357627869 0.09000000357627869 0.0 0.0 0.0 0.0 0.09000000357627869 0.09000000357627869 0.0 0.4399999976158142 0.6399999856948853 0.0 0.46000000834465027 0.46000000834465027 0.0 0.46000000834465027 0.46000000834465027 0.0 0.0 0.0 0.0 0.0 0.0 0.0 0.09000000357627869 0.0 0.0 0.0 0.0 0.09000000357627869 0.0 0.0 0.0 0.46000000834465027 0.0 0.5099999904632568 0.0 0.0 0.0 0.0 0.0 0.0 0.0 0.0 0.1599999964237213 0.0 0.3100000023841858 0.0 0.0 0.0 0.09000000357627869 0.09000000357627869 0.0 0.09000000357627869 0.0 0.0 0.0 0.0 0.0 0.09000000357627869 0.09000000357627869 0.09000000357627869 0.5099999904632568 0.0 0.0 0.0 0.0 0.5099999904632568 0.0 0.0 0.0 0.09000000357627869 0.5099999904632568 0.0 0.0 0.5099999904632568 0.0 0.0 0.0 0.0 0.09000000357627869 0.09000000357627869 0.5099999904632568 0.0 0.0 0.0 0.0 0.0 0.0 0.0 0.0 0.0 0.0 0.0 0.09000000357627869 0.0 0.09000000357627869 0.09000000357627869 0.0
82 0.0 0.0 0.0 0.09000000357627869 0.0 0.0 0.0 0.0 0.09000000357627869 0.0 0.0 0.0 0.0 0.0 0.0 0.0 0.0 0.3100000023841858 0.0 0.09000000357627869 0.0 0.09000000357627869 0.09000000357627869 0.0 0.0 0.0 0.3100000023841858 0.0 0.09000000357627869 0.5099999904632568 0.0 0.0 0.0 0.0 0.0 0.0 0.0 0.0 0.0 0.0 0.0 0.0 0.0 0.0 0.0 0.0 0.5099999904632568 0.0 0.0 0.0 0.0 0.09000000357627869 0.05000000074505806 0.09000000357627869 0.09000000357627869 0.0 0.4300000071525574 0.0 0.0 0.0 0.0 0.0 0.09000000357627869 0.0 0.09000000357627869 0.09000000357627869 0.0 0.09000000357627869 0.09000000357627869 0.6200000047683716 0.0 0.0 0.5099999904632568 0.0 0.0 0.0 0.0 0.09000000357627869 0.0 0.0 0.0 0.0 0.0 0.0 0.5099999904632568 0.0 0.0 0.0 0.0 0.0 0.0 0.09000000357627869 0.09000000357627869 0.0 0.0 0.0 0.0 0.09000000357627869 0.09000000357627869 0.0 0.0 0.0 0.0 0.0 0.0 0.0 0.0 0.0 0.09000000357627869 0.0 0.09000000357627869 0.0 0.4300000071525574 0.0 0.09000000357627869 0.09000000357627869 0.09000000357627869 0.0 0.0 0.0 0.3100000023841858 0.0 0.0 0.0 0.09000000357627869 0.0 0.0 0.0 0.09000000357627869 0.0 0.0 0.0 0.0 0.0 0.0 0.0 0.0 0.0 0.0 0.09000000357627869 0.4399999976158142 0.0 0.0 0.0 0.0 0.0 0.0 0.0 0.0 0.0 0.0 0.0 0.0 0.09000000357627869 0.0 0.0 0.0 0.0 0.09000000357627869 0.0 0.09000000357627869 0.0 0.0 0.0 0.0 0.6399999856948853 0.0 0.46000000834465027 0.46000000834465027 0.0 0.46000000834465027 0.0 0.0 0.0 0.0 0.0 0.0 0.09000000357627869 0.0 0.1599999964237213 0.5099999904632568 0.0 0.0 0.0 0.0 0.09000000357627869 0.05000000074505806 0.09000000357627869 0.09000000357627869 0.5099999904632568 0.0 0.0 0.3100000023841858 0.0 0.0 0.0 0.09000000357627869 0.09000000357627869 0.0 0.09000000357627869 0.0 0.0 0.0 0.0 0.0 0.09000000357627869 0.09000000357627869 0.09000000357627869 0.5099999904632568 0.0 0.0 0.0 0.0 0.09000000357627869 0.05000000074505806 0.09000000357627869 0.09000000357627869 0.0 0.5099999904632568 0.0 0.0 0.3100000023841858 0.0 0.09000000357627869 0.0 0.09000000357627869 0.09000000357627869 0.5099999904632568 0.0 0.0 0.3100000023841858 0.0 0.09000000357627869 0.5099999904632568 0.0 0.0 0.0 0.0 0.09000000357627869 0.09000000357627869 0.5099999904632568 0.0 0.0 0.0 0.0 0.0 0.0 0.0 0.0 0.0 0.0 0.0 0.0 0.0 0.0 0.09000000357627869 0.0 0.09000000357627869 0.09000000357627869 0.0 0.0 0.0 0.0 0.0 0.0 0.0
83 0.0 0.0 0.0 0.0 0.0 0.0 0.5099999904632568 0.0 0.0 0.0 0.0 0.0 0.0 0.0 0.0 0.0 0.0 0.0 0.0 0.0 0.0 0.0 0.0 0.5099999904632568 0.0 0.0 0.0 0.0 0.09000000357627869 0.05000000074505806 0.09000000357627869 0.09000000357627869 0.0 0.4300000071525574 0.0 0.0 0.0 0.0 0.09000000357627869 0.09000000357627869 0.0 0.09000000357627869 0.0 0.09000000357627869 0.09000000357627869 0.0 0.09000000357627869 0.09000000357627869 0.5099999904632568 0.0 0.0 0.0 0.0 0.09000000357627869 0.0 0.0 0.0 0.0 0.0 0.0 0.5099999904632568 0.0 0.0 0.0 0.0 0.0 0.0 0.09000000357627869 0.09000000357627869 0.0 0.0 0.0 0.0 0.09000000357627869 0.09000000357627869 0.0 0.0 0.0 0.0 0.0 0.0 0.0 0.0 0.0 0.09000000357627869 0.0 0.09000000357627869 0.0 0.4300000071525574 0.0 0.09000000357627869 0.09000000357627869 0.09000000357627869 0.0 0.0 0.0 0.3100000023841858 0.0 0.09000000357627869 0.05000000074505806 0.0 0.0 0.0 0.0 0.09000000357627869 0.1899999976158142 0.1899999976158142 0.0 0.0 0.4399999976158142 0.3199999928474426 0.18000000715255737 0.0 0.0 0.0 0.0 0.0 0.0 0.0 0.0 0.0 0.0 0.0 0.0 0.0 0.0 0.0 0.09000000357627869 0.0 0.09000000357627869 0.0 0.0 0.0 0.09000000357627869 0.0 0.0 0.0 0.0 0.0 0.09000000357627869 0.0 0.09000000357627869 0.0 0.0 0.0 0.0 0.0 0.0 0.0 0.0 0.0 0.0 0.0 0.3100000023841858 0.0 0.09000000357627869 0.0 0.3199999928474426 0.30000001192092896 0.0 0.09000000357627869 0.0 0.09000000357627869 0.09000000357627869 0.0 0.6399999856948853 0.0 0.46000000834465027 0.46000000834465027 0.0 0.46000000834465027 0.0 0.3100000023841858 0.0 0.0 0.09000000357627869 0.09000000357627869 0.0 0.09000000357627869 0.0 0.0 0.0 0.0 0.0 0.09000000357627869 0.09000000357627869 0.09000000357627869 0.0 0.09000000357627869 0.09000000357627869 0.0
84 0.09000000357627869 0.0 0.0 0.0 0.0 0.09000000357627869 0.0 0.0 0.0 0.0 0.09000000357627869 0.0 0.0 0.0 0.0 0.0 0.0 0.0 0.0 0.3100000023841858 0.0 0.09000000357627869 0.0 0.0 0.0 0.3100000023841858 0.0 0.09000000357627869 0.0 0.0 0.0 0.12999999523162842 0.0 0.0 0.4399999976158142 0.5099999904632568 0.0 0.0 0.0 0.0 0.0 0.0 0.0 0.0 0.0 0.0 0.0 0.0 0.0 0.0 0.11999999731779099 0.0 0.0 0.0 0.11999999731779099 0.5099999904632568 0.0 0.0 0.0 0.0 0.09000000357627869 0.05000000074505806 0.09000000357627869 0.09000000357627869 0.0 0.4300000071525574 0.0 0.0 0.0 0.0 0.09000000357627869 0.09000000357627869 0.0 0.09000000357627869 0.0 0.09000000357627869 0.09000000357627869 0.0 0.09000000357627869 0.09000000357627869 0.5099999904632568 0.0 0.0 0.0 0.0 0.09000000357627869 0.0 0.09000000357627869 0.09000000357627869 0.0 0.09000000357627869 0.09000000357627869 0.6200000047683716 0.0 0.0 0.5099999904632568 0.0 0.0 0.0 0.0 0.0 0.0 0.09000000357627869 0.09000000357627869 0.0 0.0 0.0 0.0 0.09000000357627869 0.09000000357627869 0.0 0.0 0.0 0.0 0.0 0.0 0.0 0.0 0.0 0.09000000357627869 0.0 0.09000000357627869 0.0 0.4300000071525574 0.0 0.09000000357627869 0.09000000357627869 0.09000000357627869 0.0 0.0 0.0 0.3100000023841858 0.0 0.0 0.0 0.09000000357627869 0.0 0.0 0.0 0.09000000357627869 0.0 0.0 0.05000000074505806 0.33000001311302185 0.0 0.0 0.0 0.0 0.0 0.0 0.0 0.0 0.0 0.0 0.0 0.0 0.0 0.0 0.0 0.0 0.0 0.0 0.09000000357627869 0.09000000357627869 0.1899999976158142 0.0 0.1899999976158142 0.0 0.4399999976158142 0.0 0.4399999976158142 0.3199999928474426 0.18000000715255737 0.0 0.0 0.0 0.0 0.0 0.0 0.0 0.0 0.0 0.0 0.0 0.0 0.0 0.0 0.0 0.09000000357627869 0.0 0.09000000357627869 0.0 0.0 0.0 0.09000000357627869 0.20999999344348907 0.05000000074505806 0.05000000074505806 0.0 0.33000001311302185 0.33000001311302185 0.0 0.0 0.0 0.0 0.0 0.09000000357627869 0.0 0.09000000357627869 0.0 0.0 0.0 0.0 0.0 0.0 0.0 0.0 0.0 0.0 0.0 0.0 0.0 0.3100000023841858 0.0 0.09000000357627869 0.0 0.09000000357627869 0.09000000357627869 0.550000011920929 0.0 0.0 0.3199999928474426 0.30000001192092896 0.0 0.0 0.0 0.3100000023841858 0.0 0.0 0.0 0.0 0.0 0.0 0.0 0.09000000357627869 0.0 0.09000000357627869 0.09000000357627869 0.0 0.0 0.0 0.0 0.09000000357627869 0.09000000357627869 0.0 0.4399999976158142 0.6399999856948853 0.0 0.46000000834465027 0.46000000834465027 0.0 0.46000000834465027 0.46000000834465027 0.0 0.0 0.0 0.0 0.05000000074505806 0.09000000357627869 0.09000000357627869 0.5099999904632568 0.0 0.0 0.0 0.0 0.09000000357627869 0.0 0.0 0.09000000357627869 0.0 0.09000000357627869 0.0 0.0 0.0 0.09000000357627869 0.0 0.0 0.0 0.46000000834465027 0.0 0.5099999904632568 0.0 0.0 0.3100000023841858 0.0 0.0 0.0 0.09000000357627869 0.09000000357627869 0.0 0.09000000357627869 0.0 0.6200000047683716 0.0 0.0 0.5099999904632568 0.0 0.0 0.0 0.0 0.09000000357627869 0.0 0.09000000357627869 0.09000000357627869 0.0 0.0 0.0 0.0 0.0 0.0 0.0 0.0 0.11999999731779099 0.0 0.0 0.0 0.0 0.0 0.0 0.0 0.09000000357627869 0.1899999976158142 0.12999999523162842 0.0 0.0 0.09000000357627869 0.09000000357627869 0.0 0.09000000357627869 0.0 0.0 0.0 0.0 0.0 0.09000000357627869 0.09000000357627869 0.09000000357627869 0.09000000357627869 0.0 0.0 0.0 0.09000000357627869 0.09000000357627869 0.0
85 0.11999999731779099 0.0 0.0 0.0 0.0 0.0 0.0 0.0 0.0 0.0 0.0 0.0 0.0 0.0 0.09000000357627869 0.0 0.0 0.0 0.09000000357627869 0.0 0.0 0.0 0.0 0.0 0.0 0.0 0.0 0.0 0.09000000357627869 0.09000000357627869 0.6200000047683716 0.0 0.0 0.0 0.0 0.0 0.0 0.09000000357627869 0.0 0.0 0.0 0.0 0.09000000357627869 0.0 0.0 0.0 0.0 0.0 0.0 0.0 0.0 0.3100000023841858 0.0 0.09000000357627869 0.0 0.09000000357627869 0.09000000357627869 0.0 0.09000000357627869 0.09000000357627869 0.0 0.0 0.0 0.3100000023841858 0.0 0.09000000357627869 0.0 0.0 0.0 0.1899999976158142 0.12999999523162842 0.0 0.0 0.5099999904632568 0.0 0.0 0.0 0.0 0.0 0.0 0.0 0.0 0.0 0.0 0.0 0.0 0.0 0.0 0.11999999731779099 0.0 0.0 0.0 0.11999999731779099 0.5099999904632568 0.0 0.0 0.0 0.0 0.09000000357627869 0.05000000074505806 0.09000000357627869 0.09000000357627869 0.0 0.4300000071525574 0.0 0.0 0.0 0.0 0.09000000357627869 0.09000000357627869 0.0 0.09000000357627869 0.0 0.09000000357627869 0.09000000357627869 0.0 0.09000000357627869 0.09000000357627869 0.5099999904632568 0.0 0.0 0.0 0.0 0.09000000357627869 0.0 0.09000000357627869 0.09000000357627869 0.0 0.09000000357627869 0.09000000357627869 0.6200000047683716 0.0 0.0 0.5099999904632568 0.0 0.0 0.0 0.0 0.09000000357627869 0.0 0.0 0.0 0.0 0.0 0.0 0.5099999904632568 0.0 0.0 0.0 0.0 0.09000000357627869 0.0 0.09000000357627869 0.0 0.4300000071525574 0.0 0.09000000357627869 0.09000000357627869 0.09000000357627869 0.0 0.0 0.0 0.3100000023841858 0.0 0.0 0.0 0.09000000357627869 0.0 0.0 0.09000000357627869 0.0 0.0 0.0 0.0 0.09000000357627869 0.0 0.0 0.0 0.0 0.0 0.09000000357627869 0.0 0.09000000357627869 0.0 0.09000000357627869 0.0 0.0 0.09000000357627869 0.09000000357627869 0.20999999344348907 0.05000000074505806 0.05000000074505806 0.0 0.33000001311302185 0.33000001311302185 0.33000001311302185 0.0 0.0 0.0 0.0 0.09000000357627869 0.09000000357627869 0.5099999904632568 0.0 0.0 0.0 0.0 0.0 0.0 0.0 0.0 0.0 0.0 0.0 0.0 0.0 0.0 0.0 0.0 0.0 0.0 0.0 0.0 0.0 0.0 0.0 0.0 0.0 0.09000000357627869 0.09000000357627869 0.1899999976158142 0.0 0.1899999976158142 0.0 0.4399999976158142 0.0 0.4399999976158142 0.3199999928474426 0.18000000715255737 0.0 0.0 0.0 0.0 0.0 0.0 0.0 0.0 0.0 0.0 0.0 0.0 0.0 0.0 0.0 0.09000000357627869 0.0 0.09000000357627869 0.0 0.0 0.0 0.09000000357627869 0.0 0.0 0.0 0.0 0.0 0.09000000357627869 0.0 0.09000000357627869 0.0 0.0 0.0 0.0 0.0 0.0 0.0 0.0 0.0 0.0 0.0 0.3100000023841858 0.6399999856948853 0.0 0.46000000834465027 0.46000000834465027 0.0 0.46000000834465027 0.0 0.0 0.0 0.0 0.09000000357627869 0.0 0.0 0.0 0.09000000357627869 0.5099999904632568 0.0 0.0 0.3100000023841858 0.0 0.0 0.0 0.09000000357627869 0.0 0.09000000357627869 0.0 0.6200000047683716 0.0 0.5099999904632568 0.0 0.0 0.0 0.0 0.09000000357627869 0.0 0.09000000357627869 0.09000000357627869 0.0 0.0 0.0 0.0 0.0 0.0 0.0 0.0 0.11999999731779099 0.0 0.0 0.0 0.0 0.0 0.3100000023841858 0.0 0.0 0.0 0.09000000357627869 0.1899999976158142 0.12999999523162842 0.1899999976158142 0.0 0.4399999976158142 0.0 0.0 0.0 0.0 0.0 0.09000000357627869 0.0 0.0 0.0 0.0 0.0 0.0 0.0 0.0 0.0 0.0 0.0 0.0 0.0 0.09000000357627869 0.09000000357627869 0.0 0.1599999964237213 0.5099999904632568 0.0 0.0 0.0 0.0 0.09000000357627869 0.05000000074505806 0.09000000357627869 0.0 0.5099999904632568 0.0 0.0 0.3100000023841858 0.0 0.0 0.0 0.09000000357627869 0.09000000357627869 0.0 0.09000000357627869 0.0 0.0 0.0 0.0 0.0 0.09000000357627869 0.09000000357627869 0.09000000357627869 0.5099999904632568 0.0 0.0 0.0 0.0 0.09000000357627869 0.05000000074505806 0.0 0.4300000071525574 0.5099999904632568 0.0 0.09000000357627869 0.5099999904632568 0.0 0.0 0.0 0.0 0.09000000357627869 0.09000000357627869 0.5099999904632568 0.0 0.0 0.0 0.0 0.0 0.0 0.09000000357627869 0.09000000357627869 0.0 0.0 0.0 0.0 0.0 0.0 0.0 0.0 0.0 0.0 0.0 0.0 0.0 0.09000000357627869 0.0 0.09000000357627869 0.09000000357627869 0.0 0.0 0.0 0.0 0.0 0.0 0.0 0.0 0.0 0.0 0.0 0.0 0.09000000357627869 0.0 0.0 0.0 0.0 0.0 0.0 0.0 0.0 0.0 0.0 0.0 0.0
86 0.0 0.0 0.0 0.0 0.0 0.09000000357627869 0.0 0.0 0.0 0.09000000357627869 0.0 0.0 0.0 0.0 0.09000000357627869 0.0 0.0 0.0 0.0 0.0 0.0 0.0 0.0 0.0 0.0 0.0 0.0 0.0 0.0 0.0 0.0 0.0 0.0 0.0 0.11999999731779099 0.0 0.0 0.0 0.11999999731779099 0.5099999904632568 0.0 0.0 0.0 0.0 0.09000000357627869 0.05000000074505806 0.0 0.4300000071525574 0.0 0.0 0.0 0.0 0.0 0.09000000357627869 0.0 0.09000000357627869 0.09000000357627869 0.0 0.09000000357627869 0.5099999904632568 0.0 0.0 0.0 0.0 0.09000000357627869 0.0 0.09000000357627869 0.09000000357627869 0.0 0.09000000357627869 0.0 0.5099999904632568 0.0 0.0 0.0 0.0 0.09000000357627869 0.0 0.0 0.0 0.0 0.0 0.0 0.5099999904632568 0.0 0.0 0.0 0.0 0.0 0.0 0.09000000357627869 0.09000000357627869 0.0 0.0 0.0 0.0 0.09000000357627869 0.09000000357627869 0.0 0.0 0.0 0.0 0.0 0.0 0.0 0.3100000023841858 0.0 0.0 0.0 0.09000000357627869 0.0 0.0 0.09000000357627869 0.0 0.0 0.0 0.0 0.09000000357627869 0.0 0.0 0.0 0.0 0.0 0.09000000357627869 0.0 0.09000000357627869 0.09000000357627869 0.0 0.09000000357627869 0.0 0.0 0.09000000357627869 0.09000000357627869 0.20999999344348907 0.05000000074505806 0.05000000074505806 0.0 0.33000001311302185 0.33000001311302185 0.33000001311302185 0.0 0.0 0.0 0.3100000023841858 0.0 0.0 0.0 0.09000000357627869 0.0 0.0 0.09000000357627869 0.0 0.0 0.0 0.0 0.0 0.09000000357627869 0.0 0.09000000357627869 0.0 0.550000011920929 0.0 0.0 0.3199999928474426 0.30000001192092896 0.0 0.0 0.0 0.0 0.0 0.0 0.0 0.0 0.0 0.0 0.0 0.0 0.0 0.0 0.0 0.0 0.0 0.0 0.0 0.09000000357627869 0.09000000357627869 0.0 0.0 0.0 0.0 0.0 0.0 0.5099999904632568 0.0 0.0 0.0 0.0 0.0 0.0 0.0 0.0 0.0 0.0 0.0 0.0 0.0 0.0 0.0 0.0 0.0 0.0 0.0 0.0 0.0 0.0 0.0 0.0 0.0 0.09000000357627869 0.09000000357627869 0.1899999976158142 0.0 0.1899999976158142 0.0 0.4399999976158142 0.0 0.4399999976158142 0.3199999928474426 0.18000000715255737 0.0 0.0 0.0 0.0 0.0 0.0 0.0 0.0 0.0 0.0 0.0 0.0 0.0 0.0 0.0 0.09000000357627869 0.0 0.09000000357627869 0.0 0.0 0.0 0.09000000357627869 0.20999999344348907 0.05000000074505806 0.33000001311302185 0.0 0.0 0.0 0.0 0.0 0.09000000357627869 0.0 0.0 0.0 0.0 0.0 0.0 0.09000000357627869 0.0 0.6200000047683716 0.0 0.5099999904632568 0.0 0.0 0.0 0.09000000357627869 0.0 0.09000000357627869 0.09000000357627869 0.0 0.0 0.0 0.0 0.0 0.0 0.0 0.0 0.11999999731779099 0.0 0.0 0.0 0.0 0.0 0.3100000023841858 0.0 0.0 0.0 0.09000000357627869 0.09000000357627869 0.1899999976158142 0.12999999523162842 0.1899999976158142 0.0 0.4399999976158142 0.0 0.4399999976158142 0.3199999928474426 0.18000000715255737 0.0 0.0 0.0 0.0 0.0 0.09000000357627869 0.0 0.09000000357627869 0.0 0.0 0.0 0.0 0.0 0.0 0.0 0.0 0.0 0.0 0.0 0.09000000357627869 0.0 0.0 0.0 0.0 0.0 0.0 0.0 0.0 0.09000000357627869 0.09000000357627869 0.0 0.1599999964237213 0.0 0.09000000357627869 0.0 0.0 0.0 0.09000000357627869 0.09000000357627869 0.09000000357627869 0.0 0.0 0.0 0.0 0.09000000357627869 0.0 0.09000000357627869 0.09000000357627869 0.0 0.0 0.0 0.0 0.0 0.0 0.0 0.0 0.0 0.0 0.0 0.0 0.0 0.11999999731779099
87 0.0 0.0 0.0 0.11999999731779099 0.0 0.0 0.0 0.0 0.0 0.0 0.0 0.0 0.0 0.0 0.0 0.0 0.0 0.0 0.0 0.09000000357627869 0.0 0.0 0.0 0.0 0.0 0.0 0.0 0.0 0.0 0.0 0.0 0.0 0.0 0.0 0.0 0.0 0.0 0.09000000357627869 0.0 0.0 0.0 0.09000000357627869 0.0 0.0 0.0 0.0 0.0 0.09000000357627869 0.0 0.0 0.0 0.0 0.09000000357627869 0.0 0.0 0.0 0.0 0.0 0.0 0.0 0.0 0.0 0.0 0.0 0.0 0.0 0.0 0.09000000357627869 0.0 0.09000000357627869 0.09000000357627869 0.0 0.09000000357627869 0.5099999904632568 0.0 0.0 0.0 0.0 0.09000000357627869 0.5099999904632568 0.0 0.0 0.0 0.0 0.09000000357627869 0.0 0.0 0.0 0.5099999904632568 0.0 0.0 0.0 0.0 0.0 0.0 0.09000000357627869 0.09000000357627869 0.0 0.0 0.0 0.0 0.09000000357627869 0.09000000357627869 0.0 0.0 0.0 0.0 0.0 0.0 0.0 0.0 0.0 0.09000000357627869 0.0 0.09000000357627869 0.0 0.4300000071525574 0.0 0.09000000357627869 0.09000000357627869 0.09000000357627869 0.0 0.0 0.0 0.0 0.0 0.09000000357627869 0.0 0.09000000357627869 0.09000000357627869 0.0 0.09000000357627869 0.0 0.0 0.09000000357627869 0.09000000357627869 0.20999999344348907 0.05000000074505806 0.05000000074505806 0.0 0.33000001311302185 0.33000001311302185 0.33000001311302185 0.0 0.0 0.0 0.3100000023841858 0.0 0.0 0.0 0.09000000357627869 0.0 0.0 0.09000000357627869 0.0 0.0 0.0 0.0 0.09000000357627869 0.0 0.0 0.0 0.0 0.0 0.09000000357627869 0.0 0.09000000357627869 0.09000000357627869 0.0 0.09000000357627869 0.0 0.550000011920929 0.0 0.0 0.3199999928474426 0.30000001192092896 0.0 0.0 0.0 0.0 0.0 0.0 0.0 0.0 0.0 0.0 0.0 0.0 0.0 0.0 0.0 0.0 0.0 0.0 0.0 0.0 0.0 0.0 0.09000000357627869 0.0 0.0 0.0 0.0 0.0 0.0 0.0 0.09000000357627869 0.09000000357627869 0.0 0.0 0.0 0.0 0.0 0.0 0.5099999904632568 0.0 0.0 0.0 0.0 0.0 0.0 0.0 0.0 0.0 0.0 0.0 0.0 0.0 0.0 0.0 0.0 0.0 0.0 0.0 0.0 0.0 0.0 0.0 0.0 0.0 0.09000000357627869 0.09000000357627869 0.1899999976158142 0.0 0.1899999976158142 0.0 0.0 0.4399999976158142 0.3199999928474426 0.18000000715255737 0.0 0.0 0.0 0.0 0.0 0.0 0.0 0.0 0.0 0.0 0.0 0.09000000357627869 0.0 0.0 0.0 0.0 0.0 0.0 0.0 0.0 0.11999999731779099 0.0 0.0 0.0 0.0 0.0 0.0 0.0 0.1899999976158142 0.12999999523162842 0.1899999976158142 0.0 0.4399999976158142 0.0 0.4399999976158142 0.3199999928474426 0.18000000715255737 0.0 0.0 0.0 0.0 0.09000000357627869 0.0 0.09000000357627869 0.0 0.0 0.0 0.0 0.0 0.0 0.0 0.3100000023841858 0.0 0.0 0.0 0.09000000357627869 0.0 0.0 0.09000000357627869 0.0 0.0 0.0 0.0 0.0 0.0 0.09000000357627869 0.0 0.0 0.09000000357627869 0.0 0.0 0.0 0.0 0.0 0.0 0.0 0.0 0.0 0.0 0.0 0.0 0.0 0.0 0.0 0.0 0.0 0.0 0.0 0.0 0.0 0.0 0.09000000357627869 0.0 0.09000000357627869 0.0 0.0 0.0 0.3100000023841858 0.0 0.0 0.0 0.09000000357627869 0.09000000357627869 0.0 0.0 0.0 0.0 0.09000000357627869 0.09000000357627869 0.0 0.0 0.0 0.0 0.5099999904632568 0.0 0.0 0.0 0.0 0.09000000357627869 0.05000000074505806 0.09000000357627869 0.09000000357627869 0.0 0.4300000071525574 0.5099999904632568 0.0 0.0 0.3100000023841858 0.0 0.0 0.0 0.09000000357627869 0.09000000357627869 0.0 0.1599999964237213 0.5099999904632568 0.0 0.0 0.0 0.0 0.09000000357627869 0.05000000074505806 0.09000000357627869 0.09000000357627869 0.0 0.4300000071525574 0.5099999904632568 0.0 0.0 0.3100000023841858 0.0 0.0 0.0 0.09000000357627869 0.09000000357627869 0.0 0.09000000357627869 0.0 0.0 0.0 0.0 0.0 0.09000000357627869 0.09000000357627869 0.09000000357627869 0.5099999904632568 0.0 0.0 0.0 0.0 0.0 0.0 0.0 0.0 0.0 0.0 0.0 0.09000000357627869 0.0 0.09000000357627869 0.09000000357627869 0.0 0.0 0.0 0.0 0.0 0.0 0.0 0.0 0.0 0.0 0.0 0.0 0.09000000357627869 0.0 0.0 0.09000000357627869 0.0 0.0 0.0 0.0 0.0 0.0 0.0 0.0 0.0 0.0 0.0 0.0 0.0 0.0 0.0 0.0 0.0 0.0 0.0 0.0 0.11999999731779099 0.0 0.0 0.0 0.0 0.0 0.0 0.05000000074505806 0.09000000357627869 0.0 0.5099999904632568 0.0 0.0 0.0
88 0.11999999731779099 0.0 0.0 0.0 0.0 0.09000000357627869 0.0 0.0 0.0 0.09000000357627869 0.0 0.0 0.0 0.5099999904632568 0.0 0.0 0.0 0.0 0.0 0.0 0.09000000357627869 0.09000000357627869 0.09000000357627869 0.0 0.0 0.0 0.0 0.0 0.0 0.0 0.0 0.09000000357627869 0.0 0.09000000357627869 0.0 0.4300000071525574 0.0 0.09000000357627869 0.09000000357627869 0.09000000357627869 0.0 0.0 0.0 0.3100000023841858 0.0 0.0 0.0 0.09000000357627869 0.0 0.0 0.09000000357627869 0.0 0.0 0.0 0.0 0.09000000357627869 0.0 0.0 0.0 0.3100000023841858 0.0 0.0 0.0 0.09000000357627869 0.0 0.0 0.09000000357627869 0.0 0.0 0.0 0.0 0.09000000357627869 0.0 0.0 0.0 0.0 0.0 0.09000000357627869 0.0 0.09000000357627869 0.09000000357627869 0.0 0.09000000357627869 0.0 0.550000011920929 0.0 0.0 0.3199999928474426 0.30000001192092896 0.0 0.0 0.0 0.3100000023841858 0.0 0.09000000357627869 0.0 0.09000000357627869 0.0 0.09000000357627869 0.5099999904632568 0.0 0.0 0.3100000023841858 0.0 0.09000000357627869 0.0 0.0 0.0 0.0 0.0 0.0 0.0 0.0 0.0 0.0 0.0 0.0 0.0 0.0 0.0 0.0 0.0 0.0 0.0 0.0 0.0 0.0 0.0 0.0 0.0 0.0 0.0 0.0 0.0 0.0 0.09000000357627869 0.0 0.0 0.0 0.0 0.0 0.0 0.0 0.09000000357627869 0.09000000357627869 0.0 0.0 0.0 0.0 0.0 0.0 0.5099999904632568 0.0 0.0 0.0 0.0 0.0 0.0 0.0 0.0 0.0 0.0 0.0 0.0 0.0 0.0 0.0 0.0 0.0 0.0 0.0 0.0 0.0 0.0 0.0 0.0 0.0 0.09000000357627869 0.09000000357627869 0.1899999976158142 0.0 0.1899999976158142 0.0 0.4399999976158142 0.0 0.4399999976158142 0.3199999928474426 0.18000000715255737 0.0 0.0 0.0 0.0 0.0 0.0 0.0 0.09000000357627869 0.0 0.09000000357627869 0.0 0.0 0.0 0.0 0.0 0.0 0.0 0.0 0.09000000357627869 0.1899999976158142 0.12999999523162842 0.1899999976158142 0.0 0.4399999976158142 0.0 0.4399999976158142 0.3199999928474426 0.18000000715255737 0.0 0.0 0.0 0.0 0.09000000357627869 0.0 0.09000000357627869 0.0 0.0 0.0 0.0 0.0 0.0 0.3100000023841858 0.0 0.0 0.0 0.09000000357627869 0.09000000357627869 0.0 0.0 0.09000000357627869 0.20000000298023224 0.09000000357627869 0.09000000357627869 0.0 0.0 0.6399999856948853 0.0 0.0 0.46000000834465027 0.0 0.0 0.0 0.0 0.0 0.0 0.09000000357627869 0.0 0.0 0.09000000357627869 0.0 0.0 0.0 0.0 0.0 0.0 0.0 0.0 0.0 0.0 0.5099999904632568 0.0 0.0 0.0 0.09000000357627869 0.0 0.0 0.09000000357627869 0.0 0.0 0.0 0.0 0.0 0.0 0.0 0.0 0.0 0.09000000357627869 0.0 0.0 0.09000000357627869 0.0 0.0 0.550000011920929 0.0 0.0 0.3199999928474426 0.0 0.0 0.0 0.09000000357627869 0.09000000357627869 0.0 0.0 0.0 0.0 0.09000000357627869 0.09000000357627869 0.0 0.0 0.0 0.0 0.5099999904632568 0.0 0.5099999904632568 0.0 0.0 0.3100000023841858 0.0 0.0 0.0 0.09000000357627869 0.09000000357627869 0.0 0.1599999964237213 0.0 0.09000000357627869 0.0 0.09000000357627869 0.09000000357627869 0.0 0.0 0.0 0.0 0.0 0.0 0.0 0.0 0.0 0.0 0.0 0.0 0.0 0.0 0.0 0.0 0.0 0.0 0.0 0.0 0.11999999731779099
89 0.0 0.0 0.0 0.0 0.0 0.11999999731779099 0.0 0.0 0.0 0.0 0.0 0.0 0.0 0.0 0.0 0.0 0.09000000357627869 0.0 0.0 0.0 0.09000000357627869 0.0 0.09000000357627869 0.0 0.09000000357627869 0.09000000357627869 0.09000000357627869 0.0 0.0 0.0 0.3100000023841858 0.0 0.0 0.0 0.09000000357627869 0.0 0.0 0.09000000357627869 0.0 0.0 0.0 0.0 0.09000000357627869 0.0 0.0 0.0 0.0 0.0 0.09000000357627869 0.0 0.09000000357627869 0.09000000357627869 0.0 0.09000000357627869 0.0 0.0 0.09000000357627869 0.09000000357627869 0.20999999344348907 0.05000000074505806 0.05000000074505806 0.0 0.33000001311302185 0.33000001311302185 0.33000001311302185 0.0 0.0 0.0 0.0 0.0 0.09000000357627869 0.0 0.09000000357627869 0.09000000357627869 0.0 0.09000000357627869 0.0 0.550000011920929 0.0 0.0 0.3199999928474426 0.30000001192092896 0.0 0.0 0.0 0.3100000023841858 0.0 0.09000000357627869 0.0 0.09000000357627869 0.09000000357627869 0.0 0.09000000357627869 0.09000000357627869 0.6200000047683716 0.0 0.0 0.5099999904632568 0.0 0.0 0.3100000023841858 0.0 0.09000000357627869 0.0 0.09000000357627869 0.09000000357627869 0.6200000047683716 0.0 0.0 0.0 0.0 0.0 0.0 0.0 0.0 0.0 0.0 0.0 0.0 0.0 0.0 0.0 0.11999999731779099 0.0 0.0 0.0 0.0 0.11999999731779099 0.0 0.0 0.0 0.0 0.0 0.0 0.0 0.0 0.0 0.0 0.0 0.0 0.0 0.0 0.0 0.09000000357627869 0.0 0.0 0.0 0.0 0.0 0.0 0.0 0.09000000357627869 0.09000000357627869 0.0 0.0 0.0 0.0 0.0 0.0 0.5099999904632568 0.0 0.0 0.0 0.0 0.0 0.0 0.0 0.0 0.0 0.0 0.0 0.0 0.0 0.0 0.0 0.0 0.0 0.0 0.0 0.0 0.09000000357627869 0.09000000357627869 0.0 0.4399999976158142 0.3199999928474426 0.18000000715255737 0.0 0.0 0.0 0.0 0.0 0.0 0.09000000357627869 0.09000000357627869 0.0 0.0 0.09000000357627869 0.20000000298023224 0.09000000357627869 0.09000000357627869 0.0 0.0 0.6399999856948853 0.0 0.0 0.46000000834465027 0.0 0.0 0.0 0.0 0.0 0.0 0.09000000357627869 0.0 0.0 0.09000000357627869 0.0 0.0 0.0 0.0 0.0 0.0 0.0 0.0 0.3100000023841858 0.0 0.0 0.0 0.09000000357627869 0.09000000357627869 0.0 0.09000000357627869 0.0 0.5099999904632568 0.0 0.0 0.0 0.0 0.09000000357627869 0.0 0.0 0.09000000357627869 0.0 0.0 0.0 0.0 0.0 0.0 0.0 0.0 0.0 0.09000000357627869 0.0 0.0 0.0 0.0 0.0 0.0 0.0 0.09000000357627869 0.0 0.0 0.0 0.0 0.09000000357627869 0.5099999904632568 0.0 0.0 0.0 0.0 0.0 0.0 0.0 0.0 0.0 0.0 0.0 0.0 0.0 0.0 0.0 0.0 0.0 0.0 0.0 0.0 0.09000000357627869 0.0 0.0 0.0 0.0 0.0 0.0 0.3100000023841858 0.0 0.0 0.0 0.09000000357627869 0.09000000357627869 0.0 0.0 0.09000000357627869 0.550000011920929 0.0 0.0 0.3199999928474426 0.30000001192092896 0.5099999904632568 0.0 0.0 0.3100000023841858 0.07000000029802322 0.09000000357627869 0.05000000074505806 0.09000000357627869 0.5099999904632568 0.0 0.0 0.0 0.0 0.09000000357627869 0.0 0.5099999904632568 0.0 0.0 0.3100000023841858 0.0 0.0 0.0 0.09000000357627869 0.09000000357627869 0.0 0.0 0.0 0.0 0.09000000357627869 0.09000000357627869 0.0 0.0 0.0 0.0 0.5099999904632568 0.0 0.0 0.0 0.0 0.09000000357627869 0.05000000074505806 0.5099999904632568 0.0 0.0 0.3100000023841858 0.0 0.0 0.0 0.09000000357627869 0.09000000357627869 0.0 0.1599999964237213 0.09000000357627869 0.0 0.0 0.0 0.0 0.0 0.0 0.0 0.0 0.0 0.0 0.0 0.0 0.0 0.0 0.0 0.0 0.0 0.11999999731779099 0.0 0.0 0.0 0.0 0.0 0.0 0.5099999904632568 0.0 0.0 0.0 0.0 0.0 0.09000000357627869 0.5099999904632568 0.0
9 0.0 0.3100000023841858 0.0 0.09000000357627869 0.0 0.09000000357627869 0.0 0.09000000357627869 0.09000000357627869 0.09000000357627869 0.0 0.09000000357627869 0.0 0.09000000357627869 0.09000000357627869 0.0 0.0 0.0 0.3100000023841858 0.07000000029802322 0.09000000357627869 0.0 0.09000000357627869 0.09000000357627869 0.0 0.09000000357627869 0.09000000357627869 0.550000011920929 0.0 0.0 0.3199999928474426 0.30000001192092896 0.0 0.0 0.0 0.3100000023841858 0.0 0.09000000357627869 0.0 0.09000000357627869 0.09000000357627869 0.1899999976158142 0.12999999523162842 0.1899999976158142 0.0 0.4399999976158142 0.0 0.4399999976158142 0.3199999928474426 0.18000000715255737 0.0 0.0 0.0 0.0 0.09000000357627869 0.09000000357627869 0.0 0.09000000357627869 0.0 0.09000000357627869 0.09000000357627869 0.0 0.09000000357627869 0.09000000357627869 0.5099999904632568 0.0 0.0 0.0 0.0 0.09000000357627869 0.0 0.09000000357627869 0.09000000357627869 0.0 0.0 0.11999999731779099 0.0 0.11999999731779099 0.0 0.11999999731779099 0.0 0.11999999731779099 0.0 0.11999999731779099 0.5099999904632568 0.0 0.0 0.0 0.0 0.09000000357627869 0.0 0.09000000357627869 0.09000000357627869 0.0 0.09000000357627869 0.09000000357627869 0.0 0.09000000357627869 0.09000000357627869 0.20999999344348907 0.05000000074505806 0.05000000074505806 0.0 0.33000001311302185 0.5099999904632568 0.0 0.0 0.0 0.0 0.09000000357627869 0.0 0.09000000357627869 0.09000000357627869 0.0 0.09000000357627869 0.09000000357627869 0.20000000298023224 0.09000000357627869 0.09000000357627869 0.0 0.4399999976158142 0.6399999856948853 0.0 0.46000000834465027 0.46000000834465027 0.0 0.46000000834465027 0.46000000834465027 0.5099999904632568 0.0 0.0 0.3100000023841858 0.0 0.09000000357627869 0.0 0.09000000357627869 0.0 0.4300000071525574 0.0 0.09000000357627869 0.09000000357627869 0.09000000357627869 0.5099999904632568 0.0 0.0 0.3100000023841858 0.0 0.09000000357627869 0.0 0.09000000357627869 0.0 0.09000000357627869 0.0 0.09000000357627869 0.09000000357627869 0.09000000357627869 0.5099999904632568 0.0 0.11999999731779099 0.0 0.11999999731779099 0.10999999940395355 0.0 0.4300000071525574 0.0 0.11999999731779099 0.0 0.11999999731779099 0.09000000357627869 0.20000000298023224 0.09000000357627869 0.09000000357627869 0.0 0.6399999856948853 0.0 0.46000000834465027 0.46000000834465027 0.46000000834465027
90 0.11999999731779099 0.09000000357627869 0.0 0.0 0.0 0.09000000357627869 0.0 0.09000000357627869 0.0 0.4300000071525574 0.0 0.09000000357627869 0.09000000357627869 0.09000000357627869 0.0 0.0 0.0 0.3100000023841858 0.0 0.0 0.0 0.09000000357627869 0.0 0.0 0.09000000357627869 0.0 0.0 0.0 0.0 0.0 0.0 0.09000000357627869 0.0 0.09000000357627869 0.09000000357627869 0.0 0.09000000357627869 0.0 0.0 0.09000000357627869 0.09000000357627869 0.20999999344348907 0.05000000074505806 0.05000000074505806 0.0 0.33000001311302185 0.33000001311302185 0.33000001311302185 0.0 0.0 0.0 0.3100000023841858 0.0 0.0 0.0 0.09000000357627869 0.0 0.0 0.09000000357627869 0.0 0.0 0.0 0.0 0.09000000357627869 0.0 0.0 0.0 0.3100000023841858 0.0 0.09000000357627869 0.0 0.09000000357627869 0.09000000357627869 0.0 0.09000000357627869 0.09000000357627869 0.6200000047683716 0.0 0.0 0.5099999904632568 0.0 0.0 0.3100000023841858 0.0 0.09000000357627869 0.0 0.09000000357627869 0.09000000357627869 0.6200000047683716 0.0 0.0 0.0 0.0 0.0 0.0 0.0 0.0 0.0 0.0 0.0 0.0 0.0 0.0 0.0 0.11999999731779099 0.0 0.11999999731779099 0.0 0.0 0.0 0.11999999731779099 0.0 0.0 0.0 0.0 0.0 0.0 0.0 0.0 0.0 0.0 0.0 0.0 0.0 0.0 0.0 0.09000000357627869 0.0 0.0 0.0 0.0 0.0 0.0 0.0 0.09000000357627869 0.09000000357627869 0.0 0.0 0.0 0.0 0.0 0.0 0.5099999904632568 0.0 0.0 0.0 0.0 0.0 0.0 0.0 0.0 0.0 0.0 0.0 0.0 0.09000000357627869 0.09000000357627869 0.1899999976158142 0.0 0.4399999976158142 0.1899999976158142 0.12999999523162842 0.1899999976158142 0.0 0.4399999976158142 0.0 0.4399999976158142 0.3199999928474426 0.18000000715255737 0.0 0.0 0.0 0.0 0.0 0.0 0.09000000357627869 0.09000000357627869 0.0 0.0 0.09000000357627869 0.20000000298023224 0.09000000357627869 0.09000000357627869 0.0 0.0 0.6399999856948853 0.0 0.46000000834465027 0.46000000834465027 0.0 0.46000000834465027 0.0 0.0 0.0 0.0 0.0 0.0 0.09000000357627869 0.0 0.0 0.09000000357627869 0.0 0.0 0.0 0.0 0.0 0.3100000023841858 0.0 0.0 0.0 0.09000000357627869 0.09000000357627869 0.0 0.09000000357627869 0.0 0.20000000298023224 0.09000000357627869 0.0 0.6399999856948853 0.0 0.46000000834465027 0.46000000834465027 0.0 0.46000000834465027 0.5099999904632568 0.0 0.0 0.0 0.0 0.09000000357627869 0.0 0.0 0.09000000357627869 0.0 0.0 0.0 0.0 0.0 0.0 0.0 0.0 0.0 0.09000000357627869 0.0 0.0 0.0 0.0 0.0 0.09000000357627869 0.09000000357627869 0.0 0.0 0.09000000357627869 0.550000011920929 0.0 0.0 0.3199999928474426 0.30000001192092896 0.0 0.09000000357627869 0.09000000357627869 0.0 0.0 0.0 0.09000000357627869 0.09000000357627869 0.0 0.0 0.0 0.0 0.0 0.0 0.0 0.0 0.0 0.0 0.0 0.11999999731779099
91 0.0 0.0 0.09000000357627869 0.0 0.09000000357627869 0.09000000357627869 0.0 0.09000000357627869 0.0 0.0 0.0 0.3100000023841858 0.0 0.0 0.0 0.09000000357627869 0.0 0.0 0.09000000357627869 0.0 0.0 0.0 0.0 0.09000000357627869 0.0 0.0 0.0 0.0 0.0 0.09000000357627869 0.0 0.09000000357627869 0.09000000357627869 0.0 0.09000000357627869 0.0 0.550000011920929 0.0 0.0 0.3199999928474426 0.30000001192092896 0.0 0.0 0.0 0.3100000023841858 0.0 0.09000000357627869 0.0 0.09000000357627869 0.09000000357627869 0.6200000047683716 0.0 0.0 0.0 0.0 0.0 0.0 0.0 0.0 0.0 0.0 0.0 0.0 0.0 0.0 0.0 0.11999999731779099 0.0 0.11999999731779099 0.0 0.0 0.0 0.11999999731779099 0.0 0.0 0.0 0.0 0.0 0.0 0.0 0.0 0.0 0.0 0.0 0.0 0.09000000357627869 0.0 0.0 0.0 0.0 0.0 0.0 0.0 0.09000000357627869 0.09000000357627869 0.0 0.0 0.0 0.0 0.0 0.0 0.18000000715255737 0.0 0.0 0.0 0.09000000357627869 0.09000000357627869 0.0 0.0 0.09000000357627869 0.20000000298023224 0.09000000357627869 0.09000000357627869 0.0 0.0 0.6399999856948853 0.0 0.46000000834465027 0.46000000834465027 0.0 0.46000000834465027 0.0 0.0 0.0 0.0 0.0 0.09000000357627869 0.0 0.0 0.0 0.3100000023841858 0.0 0.0 0.0 0.09000000357627869 0.09000000357627869 0.0 0.09000000357627869 0.0 0.20000000298023224 0.09000000357627869 0.09000000357627869 0.0 0.4399999976158142 0.6399999856948853 0.0 0.46000000834465027 0.46000000834465027 0.0 0.46000000834465027 0.46000000834465027 0.5099999904632568 0.0 0.0 0.0 0.0 0.09000000357627869 0.0 0.0 0.09000000357627869 0.0 0.0 0.0 0.0 0.0 0.0 0.0 0.0 0.09000000357627869 0.0 0.0 0.0 0.0 0.09000000357627869 0.0 0.0 0.0 0.3100000023841858 0.0 0.09000000357627869 0.05000000074505806 0.09000000357627869 0.09000000357627869 0.0 0.09000000357627869 0.09000000357627869 0.0 0.0 0.09000000357627869 0.550000011920929 0.0 0.0 0.3199999928474426 0.30000001192092896 0.0 0.09000000357627869 0.09000000357627869
92 0.09000000357627869 0.0 0.0 0.0 0.0 0.0 0.11999999731779099 0.0 0.0 0.0 0.0 0.0 0.11999999731779099 0.0 0.0 0.0 0.0 0.09000000357627869 0.0 0.0 0.0 0.09000000357627869 0.0 0.09000000357627869 0.09000000357627869 0.0 0.0 0.0 0.3100000023841858 0.0 0.0 0.0 0.09000000357627869 0.0 0.0 0.09000000357627869 0.0 0.0 0.0 0.0 0.09000000357627869 0.0 0.0 0.0 0.0 0.0 0.09000000357627869 0.0 0.09000000357627869 0.09000000357627869 0.0 0.09000000357627869 0.0 0.550000011920929 0.0 0.0 0.30000001192092896 0.0 0.0 0.0 0.3100000023841858 0.0 0.09000000357627869 0.0 0.09000000357627869 0.09000000357627869 0.0 0.09000000357627869 0.09000000357627869 0.6200000047683716 0.0 0.0 0.5099999904632568 0.0 0.0 0.0 0.0 0.0 0.0 0.0 0.0 0.0 0.0 0.0 0.0 0.11999999731779099 0.0 0.11999999731779099 0.0 0.0 0.0 0.11999999731779099 0.0 0.0 0.0 0.0 0.0 0.0 0.0 0.0 0.0 0.0 0.0 0.0 0.0 0.0 0.0 0.09000000357627869 0.0 0.0 0.0 0.0 0.0 0.0 0.0 0.09000000357627869 0.09000000357627869 0.0 0.0 0.0 0.0 0.0 0.0 0.5099999904632568 0.0 0.0 0.0 0.0 0.09000000357627869 0.09000000357627869 0.0 0.0 0.09000000357627869 0.20000000298023224 0.09000000357627869 0.09000000357627869 0.0 0.0 0.6399999856948853 0.0 0.46000000834465027 0.46000000834465027 0.0 0.46000000834465027 0.0 0.0 0.0 0.0 0.0 0.0 0.09000000357627869 0.0 0.0 0.09000000357627869 0.0 0.0 0.11999999731779099 0.0 0.0 0.0 0.0 0.0 0.3100000023841858 0.0 0.0 0.0 0.09000000357627869 0.09000000357627869 0.0 0.09000000357627869 0.0 0.20000000298023224 0.09000000357627869 0.09000000357627869 0.0 0.4399999976158142 0.6399999856948853 0.0 0.46000000834465027 0.46000000834465027 0.0 0.46000000834465027 0.46000000834465027 0.5099999904632568 0.0 0.0 0.0 0.0 0.09000000357627869 0.0 0.0 0.09000000357627869 0.0 0.0 0.0 0.0 0.0 0.0 0.0 0.0 0.0 0.09000000357627869 0.0 0.0 0.0 0.0 0.0 0.0 0.0 0.09000000357627869 0.0 0.09000000357627869 0.0 0.0 0.09000000357627869 0.0 0.0 0.0 0.0 0.3100000023841858 0.0 0.09000000357627869 0.05000000074505806 0.09000000357627869 0.09000000357627869 0.0 0.4300000071525574 0.5099999904632568 0.0 0.0 0.3100000023841858 0.0 0.09000000357627869 0.0 0.0 0.0 0.0 0.0 0.0 0.0 0.0 0.0 0.0 0.0 0.0 0.0 0.0 0.0 0.0 0.0 0.0 0.0 0.09000000357627869 0.0 0.0 0.3100000023841858 0.0 0.0 0.0 0.09000000357627869 0.09000000357627869 0.0 0.0 0.09000000357627869 0.550000011920929 0.0 0.0 0.3199999928474426 0.30000001192092896 0.5099999904632568 0.0 0.0 0.0 0.0 0.0 0.09000000357627869 0.09000000357627869 0.0 0.0 0.0 0.0 0.0 0.0 0.0 0.0 0.0 0.0
93 0.0 0.14000000059604645 0.0 0.14000000059604645 0.20000000298023224 0.09000000357627869 0.0 0.6399999856948853 0.0 0.46000000834465027 0.46000000834465027 0.0 0.46000000834465027 0.46000000834465027 0.0 0.09000000357627869 0.0 0.0 0.09000000357627869 0.0 0.0 0.0 0.0 0.0 0.11999999731779099 0.0 0.0 0.0 0.0 0.11999999731779099 0.0 0.0 0.0 0.0 0.0 0.0 0.0 0.09000000357627869 0.0 0.0 0.09000000357627869 0.0 0.0 0.0 0.0 0.0 0.09000000357627869 0.0 0.0 0.09000000357627869 0.0 0.0 0.0 0.0 0.0 0.0 0.0 0.0 0.09000000357627869 0.0 0.09000000357627869 0.09000000357627869 0.0 0.09000000357627869 0.0 0.0 0.09000000357627869 0.09000000357627869 0.0 0.0 0.0 0.3100000023841858 0.0 0.0 0.0 0.09000000357627869 0.0 0.0 0.09000000357627869 0.0 0.0 0.0 0.0 0.09000000357627869 0.0 0.0 0.0 0.0 0.0 0.09000000357627869 0.0 0.09000000357627869 0.09000000357627869 0.0 0.09000000357627869 0.0 0.550000011920929 0.0 0.0 0.3199999928474426 0.30000001192092896 0.0 0.0 0.0 0.3100000023841858 0.0 0.09000000357627869 0.0 0.09000000357627869 0.09000000357627869 0.0 0.09000000357627869 0.09000000357627869 0.6200000047683716 0.0 0.0 0.5099999904632568 0.0 0.0 0.3100000023841858 0.0 0.09000000357627869 0.0 0.09000000357627869 0.09000000357627869 0.6200000047683716 0.0 0.0 0.0 0.0 0.0 0.0 0.0 0.0 0.0 0.0 0.0 0.0 0.0 0.0 0.0 0.0 0.0 0.09000000357627869 0.0 0.0 0.0 0.0 0.0 0.0 0.0 0.09000000357627869 0.09000000357627869 0.0 0.0 0.0 0.0 0.0 0.0 0.5099999904632568 0.0 0.0 0.0 0.0 0.0 0.0 0.0 0.0 0.0 0.0 0.0 0.0 0.0 0.0 0.0 0.0 0.0 0.0 0.09000000357627869 0.0 0.1899999976158142 0.1899999976158142 0.0 0.4399999976158142 0.0 0.4399999976158142 0.3199999928474426 0.18000000715255737 0.0 0.0 0.0 0.0 0.0 0.09000000357627869 0.0 0.09000000357627869 0.0 0.0 0.0 0.0 0.0 0.09000000357627869 0.09000000357627869 0.0 0.4399999976158142 0.6399999856948853 0.0 0.46000000834465027 0.0 0.0 0.0 0.3100000023841858 0.0 0.0 0.0 0.09000000357627869 0.09000000357627869 0.0 0.0 0.09000000357627869 0.20000000298023224 0.09000000357627869 0.09000000357627869 0.0 0.0 0.6399999856948853 0.0 0.46000000834465027 0.46000000834465027 0.0 0.46000000834465027 0.0 0.0 0.0 0.0 0.0 0.0 0.09000000357627869 0.0 0.0 0.09000000357627869 0.0 0.0 0.11999999731779099 0.0 0.11999999731779099 0.0 0.0 0.0 0.0 0.0 0.0 0.0 0.0 0.0 0.0 0.3100000023841858 0.0 0.0 0.0 0.09000000357627869 0.09000000357627869 0.0 0.09000000357627869 0.0 0.20000000298023224 0.09000000357627869 0.09000000357627869 0.0 0.4399999976158142 0.6399999856948853 0.0 0.46000000834465027 0.46000000834465027 0.0 0.46000000834465027 0.46000000834465027 0.5099999904632568 0.0 0.0 0.0 0.0 0.09000000357627869 0.0 0.0 0.09000000357627869 0.0 0.0 0.0 0.0 0.0 0.0 0.0 0.0 0.0 0.09000000357627869 0.0 0.0 0.0 0.0 0.0 0.0 0.0 0.09000000357627869 0.0 0.09000000357627869 0.0 0.0 0.09000000357627869 0.0 0.0 0.0 0.0 0.3100000023841858 0.0 0.09000000357627869 0.05000000074505806 0.09000000357627869 0.0 0.0 0.0 0.0 0.0 0.0 0.0 0.0 0.0 0.0 0.0 0.0 0.09000000357627869 0.09000000357627869 0.0 0.0 0.09000000357627869 0.550000011920929 0.0 0.0 0.3199999928474426 0.30000001192092896 0.0 0.09000000357627869 0.09000000357627869 0.0 0.0 0.0 0.0 0.09000000357627869 0.09000000357627869 0.0 0.0 0.0 0.0 0.0 0.0 0.0 0.0 0.0 0.0 0.0 0.0 0.0 0.0 0.0 0.0 0.0 0.11999999731779099
94 0.0 0.0 0.0 0.0 0.0 0.0 0.09000000357627869 0.0 0.09000000357627869 0.09000000357627869 0.0 0.0 0.09000000357627869 0.0 0.09000000357627869 0.0 0.0 0.0 0.0 0.0 0.0 0.0 0.0 0.0 0.0 0.0 0.0 0.0 0.11999999731779099 0.0 0.0 0.0 0.0 0.0 0.11999999731779099 0.0 0.0 0.0 0.0 0.0 0.0 0.0 0.0 0.0 0.0 0.0 0.0 0.09000000357627869 0.0 0.0 0.0 0.0 0.0 0.0 0.0 0.0 0.0 0.0 0.0 0.0 0.0 0.0 0.0 0.0 0.09000000357627869 0.0 0.0 0.0 0.0 0.0 0.0 0.0 0.0 0.0 0.0 0.0 0.0 0.0 0.0 0.0 0.0 0.0 0.0 0.0 0.09000000357627869 0.0 0.0 0.09000000357627869 0.0 0.0 0.0 0.09000000357627869 0.0 0.0 0.0 0.0 0.09000000357627869 0.0 0.09000000357627869 0.0 0.09000000357627869 0.09000000357627869 0.09000000357627869 0.0 0.0 0.0 0.3100000023841858 0.0 0.0 0.0 0.09000000357627869 0.0 0.0 0.09000000357627869 0.0 0.0 0.0 0.0 0.09000000357627869 0.0 0.0 0.0 0.0 0.0 0.09000000357627869 0.0 0.09000000357627869 0.09000000357627869 0.0 0.09000000357627869 0.0 0.0 0.09000000357627869 0.09000000357627869 0.20999999344348907 0.05000000074505806 0.0 0.0 0.0 0.3100000023841858 0.0 0.0 0.0 0.09000000357627869 0.0 0.0 0.09000000357627869 0.0 0.0 0.0 0.0 0.09000000357627869 0.0 0.0 0.0 0.0 0.0 0.09000000357627869 0.0 0.09000000357627869 0.09000000357627869 0.0 0.09000000357627869 0.0 0.550000011920929 0.0 0.0 0.3199999928474426 0.30000001192092896 0.0 0.0 0.0 0.3100000023841858 0.0 0.09000000357627869 0.0 0.09000000357627869 0.09000000357627869 0.0 0.09000000357627869 0.5099999904632568 0.0 0.0 0.3100000023841858 0.0 0.09000000357627869 0.0 0.09000000357627869 0.09000000357627869 0.6200000047683716 0.0 0.0 0.0 0.0 0.0 0.0 0.0 0.0 0.0 0.0 0.0 0.0 0.0 0.0 0.0 0.11999999731779099 0.0 0.11999999731779099 0.0 0.0 0.0 0.11999999731779099 0.0 0.0 0.0 0.0 0.0 0.0 0.0 0.09000000357627869 0.09000000357627869 0.0 0.0 0.0 0.0 0.0 0.0 0.5099999904632568 0.0 0.0 0.0 0.0 0.0 0.0 0.0 0.0 0.0 0.0 0.0 0.0 0.0 0.0 0.0 0.0 0.0 0.0 0.0 0.0 0.0 0.0 0.0 0.0 0.0 0.09000000357627869 0.09000000357627869 0.0 0.0 0.0 0.0 0.0 0.11999999731779099 0.0 0.0 0.0 0.0 0.0 0.0 0.09000000357627869 0.09000000357627869 0.1899999976158142 0.12999999523162842 0.1899999976158142 0.0 0.4399999976158142 0.0 0.4399999976158142 0.3199999928474426 0.18000000715255737 0.0 0.0 0.0 0.0 0.0 0.09000000357627869 0.0 0.09000000357627869 0.0 0.0 0.0 0.0 0.0 0.09000000357627869 0.09000000357627869 0.0 0.4399999976158142 0.6399999856948853 0.0 0.46000000834465027 0.0 0.46000000834465027 0.0 0.0 0.0 0.3100000023841858 0.0 0.0 0.0 0.09000000357627869 0.09000000357627869 0.0 0.0 0.09000000357627869 0.20000000298023224 0.09000000357627869 0.09000000357627869 0.0 0.0 0.6399999856948853 0.0 0.46000000834465027 0.46000000834465027 0.0 0.46000000834465027 0.0 0.0 0.0 0.0 0.0 0.0 0.09000000357627869 0.0 0.0 0.09000000357627869 0.0 0.0 0.11999999731779099 0.0 0.11999999731779099 0.0 0.0 0.0 0.0 0.0 0.0 0.0 0.0 0.0 0.0 0.3100000023841858 0.0 0.0 0.0 0.09000000357627869 0.09000000357627869 0.0 0.09000000357627869 0.0 0.20000000298023224 0.09000000357627869 0.09000000357627869 0.0 0.4399999976158142 0.6399999856948853 0.0 0.46000000834465027 0.46000000834465027 0.5099999904632568 0.0 0.0 0.0 0.0 0.09000000357627869 0.0 0.0 0.09000000357627869 0.0 0.0 0.0 0.0 0.0 0.0 0.0 0.0 0.0 0.09000000357627869 0.0 0.0 0.0 0.0 0.0 0.0 0.0 0.09000000357627869 0.0 0.09000000357627869 0.0 0.0 0.09000000357627869 0.0 0.0 0.0 0.0 0.3100000023841858 0.0 0.09000000357627869 0.0 0.0 0.0 0.0 0.0 0.0 0.0 0.0 0.0 0.0 0.0 0.0 0.0 0.0 0.0 0.0 0.0 0.0 0.0 0.0 0.3100000023841858 0.0 0.0 0.0 0.09000000357627869 0.09000000357627869 0.0 0.0 0.09000000357627869 0.550000011920929 0.0 0.0 0.3199999928474426 0.30000001192092896 0.5099999904632568 0.0 0.5099999904632568 0.0 0.3100000023841858 0.0 0.0 0.0 0.09000000357627869 0.09000000357627869 0.0 0.0 0.0 0.0 0.09000000357627869 0.09000000357627869 0.0 0.0 0.0 0.0 0.5099999904632568 0.0 0.0 0.0 0.0 0.09000000357627869 0.0 0.5099999904632568 0.0 0.0 0.3100000023841858 0.0 0.0 0.0 0.09000000357627869 0.09000000357627869 0.0 0.1599999964237213 0.5099999904632568 0.0 0.0 0.0 0.0 0.0 0.0 0.0 0.09000000357627869 0.0 0.09000000357627869 0.09000000357627869 0.0 0.0 0.0 0.0 0.0 0.0 0.0 0.0 0.0 0.0 0.0 0.0 0.0 0.09000000357627869 0.0 0.0 0.0 0.0 0.0 0.0 0.0 0.0 0.0 0.0 0.0 0.0 0.0 0.0 0.0 0.0 0.0 0.0 0.0 0.0 0.11999999731779099 0.0 0.0 0.0 0.0 0.0 0.0 0.05000000074505806 0.09000000357627869 0.09000000357627869 0.0 0.5099999904632568 0.0 0.0 0.0 0.0 0.0 0.09000000357627869 0.5099999904632568 0.0 0.0 0.0
95 0.0 0.0 0.11999999731779099 0.0 0.0 0.0 0.0 0.0 0.0 0.0 0.0 0.0 0.0 0.0 0.0 0.09000000357627869 0.0 0.0 0.0 0.0 0.0 0.0 0.0 0.0 0.09000000357627869 0.0 0.0 0.09000000357627869 0.0 0.0 0.0 0.0 0.09000000357627869 0.0 0.0 0.0 0.0 0.0 0.09000000357627869 0.09000000357627869 0.0 0.09000000357627869 0.0 0.0 0.0 0.0 0.0 0.0 0.0 0.0 0.0 0.09000000357627869 0.0 0.09000000357627869 0.0 0.4300000071525574 0.0 0.09000000357627869 0.09000000357627869 0.09000000357627869 0.0 0.0 0.0 0.3100000023841858 0.0 0.0 0.0 0.09000000357627869 0.0 0.0 0.09000000357627869 0.0 0.0 0.0 0.0 0.09000000357627869 0.0 0.0 0.0 0.0 0.0 0.09000000357627869 0.0 0.09000000357627869 0.09000000357627869 0.0 0.09000000357627869 0.0 0.0 0.09000000357627869 0.09000000357627869 0.20999999344348907 0.05000000074505806 0.05000000074505806 0.0 0.33000001311302185 0.33000001311302185 0.33000001311302185 0.0 0.0 0.0 0.3100000023841858 0.0 0.0 0.0 0.09000000357627869 0.0 0.0 0.09000000357627869 0.0 0.0 0.0 0.0 0.09000000357627869 0.0 0.0 0.0 0.0 0.0 0.09000000357627869 0.0 0.09000000357627869 0.09000000357627869 0.0 0.09000000357627869 0.0 0.550000011920929 0.0 0.0 0.3199999928474426 0.30000001192092896 0.0 0.0 0.0 0.3100000023841858 0.0 0.09000000357627869 0.0 0.09000000357627869 0.09000000357627869 0.0 0.09000000357627869 0.09000000357627869 0.6200000047683716 0.0 0.0 0.5099999904632568 0.0 0.0 0.3100000023841858 0.0 0.09000000357627869 0.0 0.09000000357627869 0.09000000357627869 0.0 0.0 0.0 0.0 0.0 0.0 0.0 0.0 0.0 0.0 0.0 0.0 0.0 0.11999999731779099 0.0 0.11999999731779099 0.0 0.0 0.0 0.11999999731779099 0.0 0.0 0.0 0.0 0.0 0.0 0.0 0.0 0.0 0.0 0.0 0.0 0.0 0.0 0.0 0.09000000357627869 0.0 0.0 0.0 0.0 0.0 0.0 0.0 0.0 0.0 0.0 0.0 0.0 0.0 0.0 0.0 0.0 0.0 0.0 0.0 0.0 0.0 0.0 0.0 0.0 0.0 0.0 0.09000000357627869 0.09000000357627869 0.1899999976158142 0.0 0.1899999976158142 0.0 0.4399999976158142 0.0 0.4399999976158142 0.3199999928474426 0.18000000715255737 0.0 0.0 0.0 0.0 0.0 0.0 0.0 0.0 0.0 0.0 0.09000000357627869 0.0 0.0 0.0 0.0 0.0 0.0 0.0 0.11999999731779099 0.0 0.0 0.0 0.0 0.0 0.3100000023841858 0.0 0.0 0.0 0.09000000357627869 0.09000000357627869 0.1899999976158142 0.12999999523162842 0.1899999976158142 0.0 0.4399999976158142 0.0 0.4399999976158142 0.3199999928474426 0.18000000715255737 0.0 0.0 0.0 0.0 0.0 0.09000000357627869 0.0 0.09000000357627869 0.0 0.0 0.0 0.0 0.0 0.09000000357627869 0.09000000357627869 0.0 0.4399999976158142 0.6399999856948853 0.46000000834465027 0.46000000834465027 0.0 0.0 0.0 0.3100000023841858 0.0 0.0 0.0 0.09000000357627869 0.09000000357627869 0.0 0.0 0.09000000357627869 0.20000000298023224 0.09000000357627869 0.09000000357627869 0.0 0.0 0.6399999856948853 0.0 0.46000000834465027 0.46000000834465027 0.0 0.46000000834465027 0.0 0.0 0.0 0.0 0.0 0.0 0.09000000357627869 0.0 0.0 0.09000000357627869 0.0 0.0 0.11999999731779099 0.0 0.11999999731779099 0.0 0.0 0.0 0.0 0.0 0.0 0.0 0.0 0.0 0.0 0.3100000023841858 0.0 0.0 0.0 0.09000000357627869 0.09000000357627869 0.0 0.0 0.5099999904632568 0.0 0.0 0.0 0.0 0.09000000357627869 0.0 0.0 0.09000000357627869 0.0 0.0 0.0 0.0 0.0 0.0 0.0 0.0 0.0 0.09000000357627869 0.0 0.0 0.0 0.09000000357627869 0.09000000357627869 0.0 0.0 0.0 0.09000000357627869 0.09000000357627869 0.0 0.0 0.0 0.0 0.09000000357627869 0.09000000357627869 0.0 0.1599999964237213 0.0 0.0 0.0 0.09000000357627869 0.0 0.09000000357627869 0.09000000357627869 0.0 0.0 0.0 0.0 0.0 0.0 0.0 0.0 0.0 0.0 0.0 0.0 0.0 0.0 0.0 0.0 0.0 0.0 0.0 0.0 0.11999999731779099
96 0.09000000357627869 0.09000000357627869 0.550000011920929 0.0 0.0 0.0 0.0 0.0 0.0 0.0 0.0 0.0 0.0 0.0 0.09000000357627869 0.0 0.0 0.0 0.0 0.0 0.0 0.0 0.0 0.0 0.0 0.0 0.0 0.0 0.0 0.09000000357627869 0.0 0.0 0.09000000357627869 0.0 0.09000000357627869 0.0 0.0 0.0 0.0 0.0 0.11999999731779099 0.0 0.0 0.0 0.0 0.0 0.0 0.0 0.0 0.0 0.0 0.0 0.0 0.0 0.0 0.0 0.0 0.0 0.0 0.0 0.0 0.0 0.0 0.0 0.0 0.0 0.0 0.0 0.09000000357627869 0.0 0.0 0.0 0.0 0.0 0.0 0.0 0.0 0.0 0.09000000357627869 0.09000000357627869 0.0 0.0 0.11999999731779099 0.0 0.0 0.0 0.0 0.0 0.0 0.0 0.0 0.0 0.0 0.0 0.0 0.0 0.0 0.09000000357627869 0.0 0.0 0.0 0.09000000357627869 0.0 0.0 0.0 0.0 0.0 0.0 0.0 0.0 0.0 0.09000000357627869 0.09000000357627869 0.0 0.0 0.0 0.0 0.0 0.0 0.09000000357627869 0.0 0.0 0.0 0.0 0.09000000357627869 0.0 0.0 0.0 0.0 0.0 0.0 0.0 0.0 0.3100000023841858 0.3100000023841858 0.0 0.0 0.0 0.0 0.0 0.0 0.0 0.0 0.0 0.0 0.0 0.0 0.0 0.11999999731779099 0.0 0.0 0.0 0.11999999731779099 0.5099999904632568 0.0 0.0 0.0 0.0 0.09000000357627869 0.5099999904632568 0.0 0.0 0.0 0.0 0.09000000357627869 0.0 0.0 0.0 0.5099999904632568 0.0 0.0 0.0 0.0 0.0 0.0 0.09000000357627869 0.09000000357627869 0.0 0.0 0.0 0.0 0.09000000357627869 0.09000000357627869 0.0 0.0 0.0 0.0 0.0 0.0 0.0 0.0 0.0 0.09000000357627869 0.0 0.09000000357627869 0.0 0.4300000071525574 0.0 0.09000000357627869 0.09000000357627869 0.09000000357627869 0.0 0.0 0.0 0.3100000023841858 0.0 0.0 0.0 0.09000000357627869 0.0 0.0 0.09000000357627869 0.0 0.0 0.0 0.0 0.09000000357627869 0.0 0.0 0.0 0.0 0.0 0.09000000357627869 0.0 0.09000000357627869 0.09000000357627869 0.0 0.09000000357627869 0.0 0.0 0.09000000357627869 0.09000000357627869 0.20999999344348907 0.05000000074505806 0.05000000074505806 0.0 0.33000001311302185 0.33000001311302185 0.33000001311302185 0.0 0.0 0.0 0.3100000023841858 0.0 0.0 0.0 0.09000000357627869 0.0 0.0 0.0 0.0 0.0 0.0 0.09000000357627869 0.0 0.0 0.0 0.0 0.0 0.0 0.09000000357627869 0.0 0.09000000357627869 0.0 0.550000011920929 0.0 0.0 0.3199999928474426 0.30000001192092896 0.0 0.0 0.0 0.0 0.0 0.0 0.0 0.0 0.0 0.0 0.0 0.0 0.11999999731779099 0.0 0.0 0.0 0.0 0.0 0.0 0.0 0.0 0.0 0.0 0.0 0.0 0.0 0.0 0.0 0.0 0.09000000357627869 0.0 0.0 0.0 0.0 0.0 0.0 0.0 0.09000000357627869 0.09000000357627869 0.0 0.0 0.0 0.0 0.0 0.0 0.5099999904632568 0.0 0.0 0.0 0.0 0.0 0.0 0.09000000357627869 0.09000000357627869 0.1899999976158142 0.0 0.1899999976158142 0.0 0.4399999976158142 0.0 0.4399999976158142 0.3199999928474426 0.18000000715255737 0.0 0.0 0.0 0.0 0.0 0.0 0.0 0.0 0.0 0.0 0.0 0.0 0.0 0.0 0.0 0.09000000357627869 0.0 0.0 0.0 0.0 0.0 0.0 0.0 0.0 0.09000000357627869 0.0 0.6200000047683716 0.0 0.5099999904632568 0.0 0.0 0.0 0.0 0.09000000357627869 0.0 0.09000000357627869 0.09000000357627869 0.0 0.0 0.0 0.0 0.0 0.0 0.0 0.0 0.11999999731779099 0.0 0.0 0.0 0.0 0.0 0.3100000023841858 0.0 0.0 0.0 0.09000000357627869 0.09000000357627869 0.1899999976158142 0.12999999523162842 0.1899999976158142 0.0 0.4399999976158142 0.0 0.4399999976158142 0.3199999928474426 0.18000000715255737 0.0 0.0 0.0 0.0 0.0 0.09000000357627869 0.0 0.09000000357627869 0.0 0.0 0.0 0.0 0.0 0.09000000357627869 0.09000000357627869 0.0 0.4399999976158142 0.6399999856948853 0.0 0.46000000834465027 0.46000000834465027 0.0 0.46000000834465027 0.46000000834465027 0.0 0.0 0.0 0.3100000023841858 0.0 0.0 0.0 0.09000000357627869 0.09000000357627869 0.0 0.0 0.09000000357627869 0.20000000298023224 0.09000000357627869 0.09000000357627869 0.0 0.0 0.6399999856948853 0.0 0.46000000834465027 0.0 0.46000000834465027 0.0 0.0 0.0 0.0 0.0 0.0 0.09000000357627869 0.0 0.0 0.09000000357627869 0.0 0.0 0.11999999731779099 0.0 0.11999999731779099 0.0 0.0 0.0 0.0 0.0 0.0 0.0 0.0 0.0 0.0 0.3100000023841858 0.0 0.0 0.5099999904632568 0.0 0.0 0.0 0.09000000357627869 0.0 0.0 0.0 0.0 0.0 0.0 0.0 0.09000000357627869 0.09000000357627869 0.0 0.0 0.0 0.5099999904632568 0.0 0.0 0.3100000023841858 0.0 0.0 0.0 0.09000000357627869 0.09000000357627869 0.0 0.1599999964237213 0.5099999904632568 0.0 0.0 0.0 0.0 0.09000000357627869 0.5099999904632568 0.0 0.0 0.0 0.0 0.0 0.09000000357627869 0.09000000357627869 0.0 0.0 0.0 0.0 0.0 0.0 0.09000000357627869 0.09000000357627869 0.09000000357627869 0.5099999904632568 0.0 0.0 0.0 0.0 0.0 0.0 0.0 0.0 0.0 0.0 0.0 0.0 0.0 0.0 0.0 0.0 0.0 0.0 0.09000000357627869 0.0 0.09000000357627869 0.09000000357627869 0.0 0.0 0.0 0.0 0.0 0.0 0.0 0.0 0.0 0.0 0.0 0.0 0.09000000357627869 0.0 0.4300000071525574 0.0 0.09000000357627869 0.0 0.0 0.0 0.0 0.0 0.0 0.0 0.0 0.0 0.0 0.0 0.0 0.0 0.0 0.0 0.0 0.0 0.0 0.0 0.0 0.11999999731779099 0.0 0.0 0.0 0.0 0.0 0.0 0.05000000074505806 0.09000000357627869 0.5099999904632568 0.0
97 0.0 0.0 0.0 0.0 0.0 0.0 0.0 0.0 0.09000000357627869 0.0 0.0 0.09000000357627869 0.0 0.0 0.0 0.0 0.09000000357627869 0.0 0.0 0.0 0.0 0.09000000357627869 0.0 0.0 0.0 0.0 0.0 0.0 0.0 0.0 0.0 0.0 0.0 0.0 0.0 0.0 0.0 0.0 0.0 0.0 0.0 0.0 0.11999999731779099 0.0 0.0 0.0 0.11999999731779099 0.5099999904632568 0.0 0.0 0.0 0.0 0.0 0.0 0.0 0.0 0.0 0.09000000357627869 0.5099999904632568 0.0 0.0 0.0 0.0 0.09000000357627869 0.09000000357627869 0.5099999904632568 0.0 0.0 0.0 0.0 0.09000000357627869 0.0 0.0 0.0 0.0 0.0 0.0 0.5099999904632568 0.0 0.0 0.0 0.0 0.0 0.0 0.09000000357627869 0.09000000357627869 0.0 0.0 0.0 0.0 0.09000000357627869 0.09000000357627869 0.0 0.0 0.0 0.0 0.0 0.0 0.0 0.0 0.0 0.09000000357627869 0.0 0.09000000357627869 0.0 0.4300000071525574 0.0 0.09000000357627869 0.09000000357627869 0.09000000357627869 0.0 0.0 0.0 0.3100000023841858 0.0 0.0 0.0 0.09000000357627869 0.0 0.0 0.09000000357627869 0.0 0.0 0.0 0.0 0.09000000357627869 0.0 0.0 0.0 0.0 0.0 0.09000000357627869 0.0 0.09000000357627869 0.09000000357627869 0.0 0.09000000357627869 0.0 0.0 0.09000000357627869 0.09000000357627869 0.20999999344348907 0.05000000074505806 0.05000000074505806 0.0 0.33000001311302185 0.33000001311302185 0.33000001311302185 0.0 0.0 0.0 0.3100000023841858 0.0 0.0 0.0 0.09000000357627869 0.09000000357627869 0.0 0.0 0.550000011920929 0.0 0.0 0.3199999928474426 0.30000001192092896 0.0 0.0 0.0 0.0 0.0 0.0 0.0 0.0 0.0 0.0 0.0 0.0 0.0 0.0 0.0 0.0 0.0 0.0 0.09000000357627869 0.09000000357627869 0.0 0.0 0.0 0.0 0.0 0.0 0.5099999904632568 0.0 0.0 0.0 0.0 0.0 0.0 0.0 0.0 0.0 0.0 0.0 0.0 0.0 0.0 0.0 0.0 0.0 0.0 0.0 0.0 0.0 0.0 0.0 0.0 0.0 0.0 0.0 0.0 0.0 0.0 0.0 0.0 0.0 0.09000000357627869 0.0 0.09000000357627869 0.0 0.0 0.0 0.09000000357627869 0.20999999344348907 0.05000000074505806 0.05000000074505806 0.0 0.33000001311302185 0.33000001311302185 0.33000001311302185 0.0 0.0 0.0 0.0 0.0 0.09000000357627869 0.0 0.0 0.0 0.0 0.0 0.0 0.0 0.3100000023841858 0.09000000357627869 0.550000011920929 0.0 0.0 0.3199999928474426 0.09000000357627869 0.0 0.0 0.0 0.09000000357627869 0.0 0.0 0.09000000357627869 0.5099999904632568 0.0 0.0 0.3100000023841858 0.0 0.0 0.0 0.09000000357627869 0.09000000357627869 0.0 0.09000000357627869 0.0 0.6200000047683716 0.0 0.0 0.5099999904632568 0.0 0.0 0.0 0.0 0.09000000357627869 0.0 0.09000000357627869 0.09000000357627869 0.0 0.0 0.0 0.0 0.0 0.0 0.0 0.0 0.11999999731779099 0.0 0.0 0.0 0.0 0.0 0.3100000023841858 0.0 0.0 0.0 0.09000000357627869 0.09000000357627869 0.1899999976158142 0.12999999523162842 0.1899999976158142 0.0 0.4399999976158142 0.0 0.4399999976158142 0.3199999928474426 0.18000000715255737 0.0 0.0 0.0 0.0 0.0 0.09000000357627869 0.0 0.09000000357627869 0.0 0.0 0.0 0.0 0.0 0.09000000357627869 0.09000000357627869 0.0 0.4399999976158142 0.46000000834465027 0.0 0.0 0.0 0.3100000023841858 0.0 0.0 0.0 0.09000000357627869 0.09000000357627869 0.0 0.0 0.09000000357627869 0.20000000298023224 0.09000000357627869 0.09000000357627869 0.0 0.0 0.6399999856948853 0.46000000834465027 0.0 0.0 0.0 0.0 0.0 0.0 0.0 0.0 0.0 0.0 0.0 0.0 0.0 0.0 0.09000000357627869 0.09000000357627869 0.0 0.1599999964237213 0.0 0.09000000357627869 0.0 0.0 0.0 0.0 0.09000000357627869 0.0 0.09000000357627869 0.09000000357627869 0.0 0.0 0.0 0.0 0.0 0.0 0.0 0.0 0.0 0.11999999731779099
98 0.09000000357627869 0.09000000357627869 0.0 0.11999999731779099 0.0 0.0 0.0 0.0 0.0 0.0 0.09000000357627869 0.0 0.0 0.0 0.09000000357627869 0.0 0.0 0.0 0.0 0.0 0.0 0.0 0.0 0.0 0.0 0.09000000357627869 0.0 0.0 0.0 0.0 0.09000000357627869 0.0 0.0 0.0 0.0 0.0 0.0 0.0 0.0 0.3100000023841858 0.0 0.09000000357627869 0.0 0.0 0.0 0.3100000023841858 0.0 0.09000000357627869 0.0 0.0 0.0 0.1899999976158142 0.12999999523162842 0.0 0.5099999904632568 0.0 0.0 0.0 0.0 0.0 0.0 0.0 0.0 0.0 0.0 0.0 0.0 0.0 0.0 0.11999999731779099 0.0 0.0 0.0 0.11999999731779099 0.5099999904632568 0.0 0.0 0.0 0.0 0.09000000357627869 0.05000000074505806 0.09000000357627869 0.09000000357627869 0.0 0.4300000071525574 0.0 0.0 0.0 0.0 0.09000000357627869 0.0 0.09000000357627869 0.0 0.09000000357627869 0.5099999904632568 0.0 0.0 0.0 0.0 0.09000000357627869 0.0 0.09000000357627869 0.0 0.09000000357627869 0.5099999904632568 0.0 0.0 0.0 0.0 0.09000000357627869 0.0 0.0 0.0 0.0 0.0 0.0 0.5099999904632568 0.0 0.0 0.0 0.0 0.0 0.0 0.09000000357627869 0.09000000357627869 0.0 0.0 0.0 0.0 0.09000000357627869 0.09000000357627869 0.0 0.0 0.0 0.0 0.0 0.0 0.0 0.0 0.0 0.09000000357627869 0.0 0.09000000357627869 0.0 0.4300000071525574 0.0 0.09000000357627869 0.09000000357627869 0.09000000357627869 0.0 0.0 0.0 0.3100000023841858 0.0 0.0 0.0 0.09000000357627869 0.0 0.0 0.0 0.0 0.0 0.09000000357627869 0.0 0.0 0.0 0.0 0.09000000357627869 0.0 0.09000000357627869 0.05000000074505806 0.33000001311302185 0.0 0.0 0.0 0.0 0.09000000357627869 0.09000000357627869 0.5099999904632568 0.0 0.0 0.0 0.0 0.0 0.0 0.0 0.0 0.0 0.0 0.0 0.0 0.0 0.0 0.0 0.0 0.0 0.0 0.0 0.0 0.0 0.0 0.0 0.0 0.0 0.09000000357627869 0.09000000357627869 0.1899999976158142 0.0 0.1899999976158142 0.0 0.4399999976158142 0.0 0.4399999976158142 0.3199999928474426 0.18000000715255737 0.0 0.0 0.0 0.0 0.0 0.0 0.0 0.0 0.09000000357627869 0.0 0.09000000357627869 0.0 0.0 0.0 0.09000000357627869 0.20999999344348907 0.05000000074505806 0.05000000074505806 0.0 0.33000001311302185 0.33000001311302185 0.33000001311302185 0.0 0.0 0.0 0.0 0.0 0.09000000357627869 0.0 0.09000000357627869 0.0 0.0 0.0 0.0 0.0 0.0 0.0 0.0 0.0 0.0 0.0 0.0 0.0 0.3100000023841858 0.0 0.09000000357627869 0.550000011920929 0.0 0.0 0.0 0.0 0.46000000834465027 0.46000000834465027 0.0 0.46000000834465027 0.0 0.0 0.05000000074505806 0.09000000357627869 0.09000000357627869 0.0 0.4300000071525574 0.5099999904632568 0.0 0.0 0.0 0.0 0.09000000357627869 0.0 0.0 0.09000000357627869 0.0 0.09000000357627869 0.0 0.0 0.0 0.09000000357627869 0.0 0.4399999976158142 0.0 0.5099999904632568 0.0 0.0 0.3100000023841858 0.0 0.0 0.0 0.09000000357627869 0.09000000357627869 0.0 0.09000000357627869 0.0 0.6200000047683716 0.0 0.0 0.5099999904632568 0.0 0.0 0.0 0.0 0.09000000357627869 0.0 0.09000000357627869 0.09000000357627869 0.0 0.0 0.0 0.0 0.0 0.0 0.0 0.0 0.11999999731779099 0.0 0.0 0.0 0.0 0.0 0.3100000023841858 0.0 0.0 0.0 0.09000000357627869 0.09000000357627869 0.1899999976158142 0.12999999523162842 0.1899999976158142 0.0 0.4399999976158142 0.0 0.4399999976158142 0.3199999928474426 0.18000000715255737 0.0 0.0 0.0 0.0 0.0 0.09000000357627869 0.0 0.09000000357627869 0.0 0.0 0.0 0.0 0.0 0.09000000357627869 0.09000000357627869 0.0 0.0 0.0 0.3100000023841858 0.0 0.0 0.0 0.09000000357627869 0.0 0.0 0.0 0.1599999964237213 0.0 0.0 0.0 0.0 0.09000000357627869 0.09000000357627869 0.0 0.0 0.0 0.0 0.0 0.0 0.09000000357627869 0.0 0.09000000357627869 0.09000000357627869 0.0 0.0 0.0 0.0
99 0.09000000357627869 0.09000000357627869 0.0 0.0 0.09000000357627869 0.0 0.0 0.0 0.0 0.09000000357627869 0.0 0.0 0.0 0.0 0.0 0.0 0.0 0.3100000023841858 0.0 0.09000000357627869 0.0 0.0 0.0 0.12999999523162842 0.5099999904632568 0.0 0.0 0.0 0.0 0.0 0.0 0.0 0.0 0.0 0.0 0.0 0.0 0.0 0.0 0.11999999731779099 0.0 0.0 0.0 0.11999999731779099 0.5099999904632568 0.0 0.0 0.0 0.0 0.09000000357627869 0.05000000074505806 0.09000000357627869 0.09000000357627869 0.0 0.4300000071525574 0.0 0.0 0.0 0.0 0.0 0.09000000357627869 0.5099999904632568 0.0 0.0 0.0 0.0 0.09000000357627869 0.0 0.09000000357627869 0.09000000357627869 0.0 0.09000000357627869 0.09000000357627869 0.6200000047683716 0.0 0.0 0.5099999904632568 0.0 0.0 0.0 0.0 0.09000000357627869 0.0 0.0 0.0 0.0 0.0 0.0 0.5099999904632568 0.0 0.0 0.0 0.0 0.0 0.0 0.09000000357627869 0.09000000357627869 0.0 0.0 0.0 0.0 0.09000000357627869 0.09000000357627869 0.0 0.0 0.0 0.0 0.0 0.0 0.0 0.0 0.0 0.09000000357627869 0.0 0.09000000357627869 0.0 0.4300000071525574 0.0 0.09000000357627869 0.09000000357627869 0.09000000357627869 0.0 0.0 0.0 0.3100000023841858 0.0 0.0 0.0 0.0 0.09000000357627869 0.33000001311302185 0.33000001311302185 0.0 0.0 0.0 0.0 0.0 0.0 0.0 0.0 0.0 0.0 0.0 0.0 0.0 0.0 0.0 0.0 0.09000000357627869 0.09000000357627869 0.1899999976158142 0.0 0.1899999976158142 0.0 0.4399999976158142 0.0 0.4399999976158142 0.3199999928474426 0.18000000715255737 0.0 0.0 0.0 0.0 0.0 0.0 0.0 0.0 0.0 0.0 0.0 0.0 0.09000000357627869 0.0 0.09000000357627869 0.0 0.0 0.0 0.0 0.0 0.0 0.0 0.0 0.0 0.0 0.0 0.0 0.0 0.3100000023841858 0.0 0.09000000357627869 0.0 0.09000000357627869 0.09000000357627869 0.550000011920929 0.0 0.0 0.3199999928474426 0.30000001192092896 0.0 0.0 0.0 0.3100000023841858 0.0 0.0 0.0 0.09000000357627869 0.09000000357627869 0.0 0.0 0.0 0.0 0.0 0.09000000357627869 0.0 0.0 0.0 0.09000000357627869 0.09000000357627869 0.0 0.4399999976158142 0.6399999856948853 0.0 0.46000000834465027 0.46000000834465027 0.0 0.46000000834465027 0.46000000834465027 0.0 0.0 0.09000000357627869 0.0 0.0 0.0 0.3100000023841858 0.0 0.0 0.05000000074505806 0.09000000357627869 0.09000000357627869 0.0 0.4300000071525574 0.5099999904632568 0.0 0.0 0.0 0.0 0.09000000357627869 0.0 0.0 0.09000000357627869 0.0 0.09000000357627869 0.0 0.0 0.0 0.09000000357627869 0.0 0.4399999976158142 0.0 0.0 0.46000000834465027 0.0 0.5099999904632568 0.0 0.0 0.3100000023841858 0.0 0.0 0.0 0.09000000357627869 0.09000000357627869 0.0 0.09000000357627869 0.0 0.6200000047683716 0.0 0.0 0.5099999904632568 0.0 0.0 0.0 0.0 0.09000000357627869 0.0 0.09000000357627869 0.09000000357627869 0.0 0.0 0.0 0.0 0.0 0.0 0.0 0.0 0.11999999731779099 0.0 0.0 0.0 0.0 0.0 0.3100000023841858 0.0 0.0 0.0 0.09000000357627869 0.09000000357627869 0.1899999976158142 0.12999999523162842 0.1899999976158142 0.0 0.4399999976158142 0.0 0.3199999928474426 0.0 0.0 0.0 0.0 0.09000000357627869 0.09000000357627869 0.0 0.09000000357627869 0.09000000357627869 0.0
